44 2 3
17 43 1
38 13 8
94 46 2
2 82 8
9 47 4
42 37 8
98 99 1
52 87 7
50 55 8
61 21 3
1 15 3
97 37 9
33 50 6
97 21 1
36 22 1
77 47 5
47 91 5
93 39 2
66 50 2
10 23 1
15 88 3
120 78 2
48 27 7
16 8 5
71 79 3
67 62 6
84 400 5
63 30 6
53 5 3
43 33 4
72 320 4
41 37 8
40 71 6
95 70 8
76 22 6
20 86 1
23 58 2
71 80 6
81 20 6
22 30 9
87 76 4
11 16 3
31 80 5
69 51 6
88 31 4
37 72 6
38 19 6
36 97 7
37 96 3
2 54 4
77 81 7
34 70 5
89 27 9
57 20 2
14 54 8
40 28 7
55 63 6
29 22 1
56 67 2
79 30 3
80 12 9
28 20 6
98 80 6
32 83 6
20 80 9
31 72 5
9 79 1
87 56 8
71 48 6
47 82 7
96 39 3
60 97 4
76 25 9
33 2 7
80 95 4
73 48 6
25 29 6
78 59 4
98 33 5
43 3 2
5 69 9
32 36 9
52 13 6
40 59 6
41 59 9
37 61 8
85 88 9
26 80 9
1 26 9
35 78 3
54 7 3
46 99 2
61 60 5
81 2 3
29 47 4
53 85 1
82 77 8
15 46 1
28 76 7
66 89 4
81 59 9
57 23 5
92 8 5
48 2 4
58 26 4
60 58 1
64 88 4
82 7 6
75 58 8
81 29 6
27 82 9
81 33 7
57 16 5
47 56 5
21 74 9
29 86 3
15 35 3
91 96 9
30 31 2
55 9 6
30 69 7
56 71 5
77 82 6
33 87 3
24 80 6
19 39 8
66 56 8
46 8 1
3 14 4
58 60 4
11 10 3
57 98 5
74 3 8
39 36 5
72 89 2
18 50 3
33 78 5
81 88 2
36 52 9
56 9 4
91 81 9
26 20 9
97 39 1
55 79 1
85 70 7
10 92 5
84 93 4
68 85 9
39 73 5
73 61 6
11 54 8
83 86 9
5 27 8
51 93 2
71 55 5
42 18 4
18 7 2
97 89 8
12 71 8
5 13 3
24 3 2
48 22 2
4 70 3
94 18 1
46 14 5
66 8 4
90 67 1
69 37 9
43 77 7
48 77 8
11 73 4
22 26 1
76 39 6
41 37 7
30 72 4
17 49 1
14 54 9
17 38 3
54 15 6
44 42 4
82 24 9
91 97 4
70 46 6
7 15 6
21 26 3
83 26 7
87 97 8
86 32 3
96 79 7
23 83 3
96 25 7
14 12 2
56 9 6
27 48 3
63 12 3
78 24 5
29 59 7
10 44 6
45 69 2
52 14 9
53 79 2
1 6
70 20 6
5 33 1
82 11 4
13 42 7
17 56 9
20 72 8
21 54 4
87 48 8
26 35 4
29 22 7
91 44 5
6 49 4
40 13 6
43 2 3
40 65 4
67 8 7
69 9 3
17 26 9
76 81 9
37 47 1
24 59 2
95 49 8
44 33 9
13 23 5
90 77 9
2 10 4
80 24 7
11 50 6
84 96 9
89 44 9
22 38 5
83 87 3
29 76 8
99 78 9
14 22 6
95 72 2
69 58 7
23 74 5
53 33 8
74 39 9
81 27 9
25 10 9
78 18 3
8 40 2
87 53 2
65 3 6
28 20 1
20 3 2
34 2 8
37 41 1
27 76 3
87 11 6
97 65 8
61 35 9
56 47 6
11 62 9
18 16 4
63 58 3
40 46 2
87 91 2
34 52 3
72 31 6
26 95 1
29 8 5
58 41 2
65 96 8
37 52 5
38 23 3
26 7 1
28 65 1
87 99 6
99 47 2
39 50 1
64 85 9
33 39 1
44 14 1
50 76 9
3 33 3
39 38 8
46 40 3
23 58 6
40 41 7
16 14 1
37 3 3
24 27 5
25 15 8
84 6 2
74 56 3
43 97 1
69 84 7
61 4 1
96 36 1
23 80 1
61 22 6
22 16 1
96 27 5
93 94 5
46 48 3
41 4 1
87 64 1
3 74 5
97 18 4
50 39 7
73 67 5
71 39 9
71 84 5
41 78 9
18 59 8
71 95 4
93 78 9
46 50 3
99 97 8