4,10000
-61,9999
62,9998
60,9997
-21,9996
-20,9995
4,9994
-11,9993
-16,9992
-31,9991
75,9990
-95,9989
-45,9988
43,9987
41,9986
38,9985
-43,9984
47,9983
32,9982
66,9980
-75,9979
81,9978
5,9976
74,9975
-43,9974
-76,9973
-50,9971
-26,9970
36,9969
21,9967
57,9966
56,9965
6,9964
-28,9962
35,9961
8,9960
-43,9959
-45,9958
-82,9957
69,9956
0,9955
-100,9954
-47,9953
-29,9952
-15,9951
-80,9950
33,9948
76,9947
-48,9946
41,9945
12,9944
11,9943
-48,9940
49,9939
39,9938
4,9937
-24,9936
-96,9935
-59,9934
-50,9933
50,9932
-89,9931
-74,9929
62,9928
51,9927
39,9925
-5,9924
12,9923
-45,9922
49,9921
39,9920
-89,9919
-2,9918
-84,9917
15,9916
-22,9915
38,9914
-76,9913
31,9912
27,9911
-10,9907
1,9905
80,9904
-32,9903
-43,9902
55,9901
81,9900
-82,9899
-59,9898
-91,9896
98,9895
96,9894
84,9893
-29,9892
-46,9891
83,9889
60,9887
-76,9886
-97,9885
33,9884
-26,9883
-5,9882
-97,9881
34,9880
-61,9879
-42,9878
55,9877
95,9875
-98,9872
-35,9871
-28,9870
84,9868
-45,9867
86,9866
27,9864
-1,9863
34,9861
-49,9859
86,9858
-38,9857
87,9856
-96,9853
-49,9852
-59,9851
45,9850
44,9847
-99,9845
25,9844
-47,9843
91,9842
-11,9840
-15,9839
-87,9838
-61,9837
98,9834
20,9833
99,9832
-47,9831
84,9830
47,9829
-44,9828
-38,9826
-24,9825
-71,9824
95,9823
20,9821
-88,9820
62,9819
-1,9817
-65,9816
44,9815
-28,9814
-58,9813
-38,9811
18,9809
84,9807
-48,9806
12,9804
64,9803
-69,9802
-97,9801
-76,9799
-57,9798
-24,9796
-83,9795
62,9794
81,9793
29,9792
-26,9791
-2,9790
12,9789
46,9784
92,9783
60,9782
74,9781
-100,9780
34,9779
43,9778
-72,9777
13,9776
-93,9774
3,9773
48,9769
-29,9768
-99,9767
70,9766
64,9765
74,9764
-29,9762
-84,9759
-2,9757
15,9756
39,9755
-13,9754
87,9753
16,9752
-58,9748
-7,9747
64,9746
20,9745
-99,9744
17,9743
8,9741
-60,9740
-41,9739
44,9737
-85,9736
16,9735
74,9733
-55,9732
74,9731
61,9730
35,9727
-2,9726
-91,9723
77,9722
25,9721
-51,9719
97,9718
85,9716
-64,9714
-92,9712
-36,9711
-94,9707
55,9706
-55,9705
55,9703
-86,9701
61,9700
-22,9699
-21,9698
-68,9697
91,9696
19,9695
-3,9694
-48,9693
-100,9692
-71,9690
63,9689
-93,9687
-32,9686
-18,9685
69,9684
70,9683
-9,9682
-94,9681
-6,9680
45,9679
-58,9678
73,9677
20,9676
31,9674
19,9673
-12,9672
-71,9671
22,9670
71,9669
-99,9668
22,9667
91,9666
65,9665
16,9663
27,9662
-42,9661
-33,9659
-98,9658
58,9656
30,9655
74,9652
66,9651
-50,9650
-52,9649
-18,9648
30,9647
34,9646
-69,9645
76,9644
51,9642
-23,9641
70,9640
-86,9639
-6,9638
66,9637
-94,9636
35,9635
45,9634
84,9632
64,9631
-27,9630
-60,9628
82,9626
-91,9624
77,9623
28,9622
-54,9621
-97,9620
55,9618
1,9616
24,9614
43,9612
66,9611
1,9610
72,9609
-42,9608
-1,9607
93,9605
68,9604
24,9602
-32,9600
11,9599
1,9598
83,9596
-81,9593
-36,9591
-23,9590
19,9589
81,9588
-80,9587
-88,9579
94,9577
-75,9576
81,9575
44,9574
-72,9572
-53,9571
-86,9570
93,9569
-35,9568
72,9567
6,9566
-85,9564
72,9562
26,9561
-8,9557
-5,9555
66,9554
-8,9552
-27,9551
-91,9549
4,9548
20,9546
-40,9544
68,9543
-78,9541
30,9539
-21,9538
-41,9537
-38,9535
63,9534
-49,9533
-53,9532
42,9531
37,9530
0,9529
75,9528
60,9526
-37,9525
-38,9524
66,9523
21,9522
-18,9520
20,9519
-66,9518
-86,9515
9,9514
-84,9512
-100,9511
36,9510
-16,9509
65,9508
-86,9507
86,9506
-46,9504
3,9502
80,9500
-54,9499
-42,9498
-36,9497
45,9496
-49,9494
46,9493
44,9491
-50,9490
24,9489
3,9488
-73,9487
56,9486
61,9485
58,9483
-15,9482
95,9480
-16,9479
81,9478
-87,9477
-5,9476
81,9475
-97,9473
-84,9472
56,9471
34,9470
45,9469
-8,9468
90,9467
58,9465
89,9464
-49,9463
23,9462
49,9461
-42,9460
-25,9459
-33,9458
52,9457
-82,9455
-62,9454
44,9452
61,9451
32,9448
86,9447
-42,9445
-60,9444
12,9441
48,9440
28,9439
-37,9437
87,9436
0,9435
-2,9434
-27,9433
41,9432
-80,9431
52,9430
-35,9429
-88,9428
42,9426
4,9424
39,9423
35,9422
28,9417
83,9416
34,9415
37,9414
-57,9413
-100,9412
-10,9411
68,9410
-97,9409
-74,9408
11,9405
-99,9404
67,9403
4,9402
92,9401
-78,9400
-51,9399
-77,9398
-54,9397
-100,9396
-88,9394
91,9391
-57,9390
47,9389
23,9388
92,9387
-2,9386
-66,9385
-85,9384
75,9383
49,9382
83,9381
40,9377
11,9375
67,9374
-86,9373
-67,9372
18,9370
-52,9369
56,9367
69,9366
-5,9365
-92,9364
91,9361
53,9359
34,9357
-49,9356
-46,9355
47,9354
56,9353
-60,9352
2,9351
52,9349
-12,9348
-61,9346
-78,9345
60,9344
-31,9343
-27,9341
-32,9340
25,9339
-63,9338
-13,9336
81,9334
-62,9332
78,9331
66,9330
-52,9329
-99,9328
39,9327
74,9322
-50,9321
-35,9320
-32,9319
-36,9315
-7,9314
-38,9313
39,9312
-95,9311
6,9310
-29,9309
32,9308
-49,9307
96,9306
15,9305
-81,9304
-69,9303
-74,9302
2,9301
-68,9300
27,9299
51,9298
-20,9297
-35,9294
-51,9292
-38,9291
-13,9290
-60,9289
-54,9287
93,9285
83,9284
-61,9283
-28,9282
-83,9279
58,9276
-74,9275
-40,9274
60,9273
6,9272
-34,9269
-49,9268
-58,9267
-86,9266
85,9265
-31,9264
-20,9263
-73,9257
53,9256
85,9255
-40,9254
-25,9253
1,9252
9,9250
-37,9249
60,9247
-39,9246
-72,9245
39,9244
-36,9243
-17,9242
-77,9241
-50,9240
-31,9238
-12,9237
-51,9236
6,9235
82,9234
-44,9233
-9,9232
-79,9231
8,9230
-88,9229
8,9227
-1,9226
42,9225
-47,9223
63,9222
-12,9221
39,9219
82,9217
32,9216
-32,9215
-55,9214
-33,9213
79,9212
-7,9211
47,9210
-56,9209
12,9208
25,9206
-12,9205
-85,9203
-24,9202
99,9198
71,9197
-42,9196
-16,9195
-11,9193
-35,9192
38,9191
-94,9189
98,9188
91,9187
23,9186
49,9185
-69,9184
-82,9183
81,9181
4,9179
61,9178
-47,9177
54,9176
23,9175
-49,9174
-77,9172
47,9171
-99,9169
-64,9168
-84,9167
38,9166
31,9165
2,9164
-83,9163
-71,9162
62,9161
17,9160
-37,9159
5,9158
-93,9157
52,9156
-84,9155
9,9153
71,9152
65,9151
-38,9150
83,9149
-20,9147
-14,9146
39,9145
-20,9144
-96,9143
-54,9142
-37,9141
-10,9140
36,9139
12,9138
-78,9136
-35,9135
-80,9134
58,9133
15,9132
-75,9131
86,9129
-27,9128
13,9127
-89,9125
64,9123
-47,9122
-60,9121
7,9120
48,9119
-22,9118
-51,9116
-68,9115
-98,9113
-14,9112
-4,9110
-81,9108
-78,9107
26,9106
-80,9104
37,9102
19,9101
-77,9099
-89,9098
-82,9097
-50,9096
-80,9095
65,9094
19,9093
68,9091
65,9090
36,9089
97,9087
73,9086
-95,9085
97,9084
87,9083
43,9082
-35,9081
-68,9080
85,9079
54,9078
2,9077
-43,9073
-98,9072
-26,9071
-67,9070
97,9069
-75,9068
-11,9067
61,9066
79,9064
67,9062
-92,9061
82,9060
4,9059
-77,9058
84,9056
-86,9054
86,9053
63,9052
65,9050
-11,9048
54,9045
50,9044
10,9043
-85,9041
-7,9040
-1,9039
28,9038
-11,9037
54,9036
28,9035
-80,9034
-15,9033
61,9032
86,9031
32,9028
6,9027
-66,9026
-33,9025
100,9024
-13,9023
41,9022
-59,9020
-94,9017
-51,9016
-53,9015
-71,9014
5,9013
56,9011
-63,9010
35,9009
59,9007
61,9006
42,9004
35,9003
36,9002
-60,9001
-70,8999
-53,8998
-41,8996
0,8995
81,8993
11,8989
-88,8988
82,8987
29,8986
-24,8985
-25,8984
-19,8983
-50,8982
-15,8981
-88,8980
4,8977
-2,8975
61,8974
19,8973
-70,8972
78,8970
77,8968
-78,8967
-88,8966
-84,8965
-97,8964
52,8963
78,8962
-19,8960
-11,8959
52,8957
-29,8956
-55,8954
37,8953
-21,8952
-94,8951
91,8949
-50,8948
-31,8947
19,8945
-49,8942
-63,8941
-37,8940
-37,8939
24,8938
66,8937
-97,8936
-67,8934
46,8933
1,8932
29,8928
-80,8926
-78,8925
-24,8923
76,8922
-37,8921
99,8920
-43,8915
61,8913
26,8912
52,8911
-11,8909
83,8908
-88,8907
37,8906
-63,8905
-60,8904
62,8903
-50,8901
93,8900
76,8899
-9,8897
-9,8896
45,8895
78,8894
48,8892
13,8891
27,8890
-7,8888
52,8887
14,8886
15,8885
-58,8884
3,8882
-2,8881
79,8880
73,8878
19,8875
24,8872
-49,8871
-86,8869
60,8868
61,8867
-49,8866
23,8865
-17,8864
44,8863
-18,8862
-46,8861
-1,8860
-73,8859
58,8858
-37,8857
-22,8856
-12,8855
-99,8854
6,8852
15,8850
79,8849
-90,8848
83,8847
19,8846
31,8845
43,8844
30,8843
34,8842
79,8840
-29,8838
36,8837
49,8836
-44,8835
-73,8834
87,8833
4,8832
-30,8831
11,8830
20,8829
73,8828
57,8827
4,8826
72,8825
-78,8824
70,8823
73,8822
89,8821
-23,8820
-76,8819
-8,8817
13,8816
-43,8815
-75,8814
-51,8813
24,8810
79,8809
35,8808
36,8807
-97,8806
9,8805
-81,8802
-6,8801
66,8800
17,8799
6,8797
-37,8795
-81,8794
28,8792
-66,8791
-45,8790
-77,8789
-14,8787
-49,8786
-45,8785
-61,8784
-64,8783
40,8781
0,8780
20,8779
-4,8777
46,8776
100,8775
69,8772
-84,8771
6,8769
61,8768
45,8766
-77,8765
31,8764
-81,8762
-38,8761
35,8759
-79,8758
-57,8757
67,8756
-16,8755
-19,8754
-15,8753
-32,8750
70,8749
-67,8748
38,8747
-38,8745
-20,8743
-77,8742
36,8741
-29,8737
-21,8736
-25,8735
-38,8734
-96,8732
76,8731
11,8730
3,8729
83,8727
27,8726
89,8725
-43,8723
27,8722
72,8720
-20,8717
-21,8716
-45,8715
-57,8714
13,8710
-28,8709
-8,8708
35,8707
-42,8704
-19,8703
-46,8702
0,8700
38,8699
-99,8698
76,8697
1,8695
-53,8693
-15,8691
11,8690
-34,8689
-32,8688
-68,8687
25,8686
-33,8685
39,8683
-37,8681
51,8680
-24,8679
47,8678
64,8676
-63,8675
62,8673
-91,8672
83,8671
40,8669
24,8667
-28,8665
-72,8664
97,8663
50,8662
48,8661
6,8660
50,8659
-91,8657
-36,8656
33,8655
-78,8653
83,8651
16,8650
-8,8649
32,8648
24,8647
-49,8646
27,8645
14,8644
-2,8643
73,8642
-25,8641
68,8640
-16,8639
44,8638
-93,8636
96,8635
-80,8634
-72,8633
7,8632
-53,8631
-13,8630
85,8629
31,8628
8,8627
-50,8626
96,8625
-74,8624
72,8623
-77,8622
70,8620
-11,8619
72,8618
70,8617
-91,8615
88,8614
-17,8612
-29,8608
33,8607
-43,8605
12,8604
3,8602
-45,8601
62,8600
1,8599
100,8598
37,8597
64,8596
-23,8595
69,8594
4,8593
2,8592
-8,8589
28,8588
71,8587
-9,8586
76,8584
-97,8583
90,8581
47,8580
-9,8579
10,8578
-9,8576
-71,8574
27,8573
93,8572
89,8571
-38,8570
-46,8569
6,8568
7,8566
-65,8565
-35,8564
13,8563
86,8562
31,8561
64,8559
-48,8557
-15,8556
31,8555
50,8554
-40,8552
7,8551
-55,8550
-36,8549
66,8548
86,8547
-89,8546
88,8545
52,8544
-38,8542
-85,8541
-41,8540
84,8539
-68,8538
-94,8535
78,8534
26,8533
-93,8532
92,8531
65,8530
8,8527
80,8524
-47,8523
-85,8522
59,8521
-73,8520
30,8519
26,8516
16,8515
31,8514
-7,8513
25,8511
-18,8510
98,8509
-16,8507
-51,8506
-49,8505
-69,8504
90,8503
-76,8502
-62,8501
11,8499
-25,8498
68,8496
65,8495
32,8494
-87,8493
-29,8492
-39,8491
1,8490
-73,8489
-68,8487
52,8486
-3,8485
-63,8484
28,8483
-32,8481
13,8480
17,8478
8,8477
-10,8476
-80,8474
92,8473
-71,8472
-13,8471
-59,8470
5,8469
95,8468
83,8466
47,8465
-7,8464
-44,8463
15,8462
26,8460
42,8459
-54,8458
-40,8457
63,8455
44,8454
25,8453
-36,8452
-77,8451
-25,8450
19,8449
-54,8447
-32,8446
85,8445
-95,8444
-61,8442
-64,8441
-14,8440
96,8438
-26,8436
56,8435
67,8434
-13,8433
-98,8429
-3,8428
42,8426
19,8425
-89,8424
-87,8423
-95,8422
-88,8421
-74,8419
-42,8418
91,8417
-27,8416
-62,8415
44,8414
4,8413
-80,8412
81,8410
-39,8409
-22,8407
48,8406
7,8405
-16,8404
-60,8403
-15,8402
-11,8401
-82,8400
-53,8399
-28,8398
84,8396
55,8395
-64,8394
-87,8393
43,8392
-68,8391
80,8390
-20,8389
9,8388
-38,8387
-40,8386
-28,8385
76,8384
-41,8382
-45,8381
4,8380
84,8378
-51,8377
71,8376
46,8374
34,8373
-83,8370
23,8369
27,8368
42,8366
44,8365
-50,8364
-9,8363
-59,8362
27,8361
-34,8360
45,8359
-26,8358
33,8357
-69,8355
15,8353
-12,8352
64,8349
12,8348
37,8347
-85,8346
28,8345
54,8344
-34,8341
39,8340
-32,8339
-58,8337
-34,8335
-40,8333
-48,8332
59,8330
39,8329
41,8327
-82,8326
50,8325
95,8324
76,8323
-40,8320
60,8318
-69,8317
-53,8315
5,8314
95,8313
-41,8312
55,8311
8,8310
-44,8309
-9,8308
94,8307
-58,8306
-81,8305
86,8304
64,8303
-84,8301
-26,8300
80,8299
27,8297
-52,8296
29,8295
99,8294
-10,8293
-97,8292
83,8290
31,8287
9,8286
-96,8285
65,8284
45,8283
72,8282
91,8281
-75,8280
86,8278
12,8277
-97,8276
-69,8275
-96,8274
-97,8273
2,8272
52,8271
97,8270
97,8268
-11,8267
-85,8266
-28,8264
17,8263
-54,8262
-58,8261
80,8260
-55,8259
94,8258
41,8257
83,8256
-94,8255
95,8254
-1,8253
-90,8252
95,8251
94,8249
40,8248
84,8247
90,8246
-4,8244
69,8241
-66,8240
28,8239
27,8235
-7,8232
45,8231
65,8230
-55,8229
38,8228
21,8227
-8,8226
-25,8224
-30,8222
-7,8221
-99,8220
-57,8219
91,8218
-21,8217
-33,8216
-89,8215
-73,8213
-35,8212
98,8211
72,8210
86,8209
75,8208
-69,8207
13,8205
-41,8204
37,8203
-78,8202
14,8201
-33,8200
-45,8198
12,8197
51,8196
41,8195
63,8194
86,8191
95,8190
-45,8189
-38,8188
-43,8187
63,8186
-9,8185
-46,8184
56,8183
-75,8182
-26,8181
-20,8179
-19,8177
57,8176
99,8175
-76,8174
-16,8173
-57,8172
-88,8171
-66,8170
-56,8169
-24,8168
13,8167
-81,8166
-87,8165
100,8164
-73,8163
61,8159
-98,8158
69,8157
-85,8154
-26,8153
41,8152
67,8150
-60,8149
-90,8148
-10,8147
-90,8144
31,8143
-72,8141
50,8140
-74,8139
-60,8138
-29,8137
60,8136
60,8135
-39,8134
91,8132
-6,8131
30,8128
31,8127
28,8126
8,8123
45,8122
-54,8121
-28,8120
-98,8119
12,8117
-1,8116
-74,8115
81,8113
-52,8112
-66,8111
50,8110
64,8109
62,8108
79,8107
-17,8103
16,8102
41,8101
-38,8099
60,8098
-2,8097
86,8092
-24,8091
4,8090
92,8089
-37,8087
5,8086
83,8085
-87,8084
12,8083
-95,8082
-99,8081
26,8080
98,8079
33,8078
-86,8077
-3,8075
-47,8074
-49,8071
48,8070
70,8068
-31,8065
-98,8063
68,8062
78,8061
-3,8060
-98,8059
-35,8057
-33,8056
31,8055
-2,8054
-55,8053
49,8052
-2,8048
-95,8047
19,8046
83,8045
60,8044
26,8042
8,8041
-74,8040
2,8039
-46,8037
-87,8036
82,8035
32,8034
18,8033
30,8032
99,8031
-4,8030
19,8029
96,8028
-34,8027
-20,8026
-11,8025
73,8024
-82,8023
89,8022
76,8021
-15,8020
3,8018
29,8017
57,8015
47,8013
-67,8012
79,8010
-29,8009
78,8008
47,8007
32,8006
66,8005
-68,8004
35,8001
-16,8000
-10,7996
-37,7994
-95,7993
-67,7992
76,7991
-33,7990
-18,7989
-44,7988
-19,7987
32,7986
28,7985
34,7984
33,7983
-29,7982
-59,7981
-85,7977
-5,7976
60,7974
-30,7973
-40,7972
96,7971
32,7970
-91,7969
-94,7968
-46,7967
35,7966
70,7965
-15,7964
-4,7963
96,7962
76,7960
11,7959
-75,7958
-30,7957
11,7956
13,7954
-99,7953
56,7952
-70,7951
-86,7950
99,7949
-15,7947
38,7946
-9,7945
91,7944
-34,7943
-71,7942
-77,7941
-86,7940
-19,7938
-82,7936
-48,7934
21,7933
-15,7932
-67,7931
-47,7930
-84,7929
14,7927
-93,7926
84,7923
62,7922
59,7921
83,7920
-65,7919
-43,7918
-7,7917
-57,7915
16,7914
72,7913
-72,7912
43,7911
-59,7909
16,7907
-83,7906
-65,7905
9,7904
-9,7903
28,7902
81,7900
41,7899
64,7898
-13,7896
1,7895
67,7894
36,7893
-36,7892
45,7891
-67,7890
21,7889
19,7888
63,7887
-11,7886
64,7882
36,7881
-51,7880
-21,7879
-50,7878
-40,7875
-6,7874
-80,7873
-77,7870
66,7867
-30,7866
88,7864
4,7863
63,7861
46,7860
-34,7858
83,7857
91,7856
-14,7855
-17,7854
91,7853
-94,7852
42,7850
-79,7849
86,7848
25,7846
5,7845
-32,7842
35,7839
50,7838
-82,7837
34,7836
79,7834
56,7833
-26,7832
99,7831
64,7830
99,7829
-73,7828
49,7827
75,7825
45,7822
21,7821
47,7820
60,7819
-50,7818
68,7816
71,7814
-11,7813
87,7812
-29,7811
75,7810
-73,7809
-49,7808
-53,7807
-49,7806
66,7805
-20,7803
58,7802
-84,7801
-53,7800
-79,7798
-7,7795
74,7794
-4,7792
-58,7791
-71,7789
49,7787
8,7786
79,7783
20,7781
5,7780
53,7779
-39,7778
38,7776
-89,7775
26,7774
40,7773
-22,7771
-4,7770
39,7768
95,7767
-1,7766
89,7765
27,7764
38,7763
2,7762
-73,7761
46,7759
-86,7758
70,7757
-17,7756
-31,7755
91,7753
6,7752
-31,7751
-67,7750
25,7747
8,7746
-95,7745
65,7744
51,7743
-44,7742
45,7740
52,7739
-58,7735
68,7734
-72,7731
18,7730
34,7729
-38,7728
-64,7727
93,7726
8,7725
33,7724
69,7723
66,7720
75,7718
-36,7717
-15,7715
10,7714
94,7712
35,7710
-32,7709
74,7708
-76,7706
-45,7705
-57,7704
-93,7703
-44,7702
-44,7701
-89,7700
-68,7699
22,7698
34,7697
41,7696
89,7693
-91,7692
24,7691
41,7689
37,7688
19,7686
-2,7685
40,7684
-40,7683
-36,7681
-58,7680
33,7679
-56,7678
2,7677
68,7675
90,7674
85,7673
79,7672
34,7671
53,7670
93,7669
-99,7667
93,7666
61,7664
-36,7663
-86,7662
-61,7661
-22,7660
-56,7659
-7,7658
27,7656
66,7655
-69,7653
-52,7650
35,7649
-48,7648
-64,7647
-97,7646
-100,7645
-42,7644
25,7642
-23,7641
-56,7640
91,7639
63,7637
-10,7635
94,7634
29,7633
-87,7632
-4,7631
-61,7630
39,7629
-47,7627
91,7625
-27,7624
-78,7623
29,7622
94,7621
52,7619
-63,7618
-48,7617
-27,7616
-60,7614
-86,7613
-90,7610
-1,7609
-57,7607
-50,7606
88,7605
1,7604
-19,7603
-48,7602
-12,7601
51,7600
40,7599
14,7598
-19,7597
-15,7594
0,7593
28,7592
-38,7591
67,7589
-75,7588
-52,7587
-88,7585
54,7583
-32,7581
-86,7580
-20,7579
-38,7577
81,7574
-24,7573
46,7572
3,7571
-17,7570
-68,7569
-82,7567
40,7566
-22,7565
72,7564
91,7563
-22,7562
-44,7561
-100,7560
82,7559
43,7558
49,7556
-32,7555
-89,7554
-66,7553
0,7552
26,7551
-24,7549
-50,7548
-66,7546
75,7545
98,7544
-42,7543
94,7542
-55,7541
-48,7540
-46,7539
58,7538
-83,7536
-75,7535
-92,7533
0,7532
82,7531
1,7530
77,7529
-19,7527
76,7525
-59,7524
35,7520
18,7519
-87,7518
22,7516
-26,7515
97,7513
18,7512
76,7510
-3,7509
66,7508
91,7507
80,7506
-74,7504
7,7502
-9,7501
81,7500
-3,7499
81,7498
-28,7496
28,7495
-74,7492
85,7491
54,7489
-36,7487
13,7485
-91,7484
56,7483
-94,7482
-40,7481
-74,7480
2,7479
3,7478
-88,7477
-88,7475
33,7474
84,7473
-61,7472
-75,7471
-29,7470
92,7469
-51,7468
30,7467
-79,7466
54,7465
-65,7464
3,7461
78,7460
30,7458
9,7457
-3,7456
-82,7455
13,7454
-49,7453
-39,7449
95,7445
56,7444
19,7443
99,7442
-77,7441
38,7440
15,7439
12,7438
76,7437
-79,7435
-5,7434
-53,7433
61,7432
-68,7431
-57,7430
0,7429
40,7428
-64,7426
20,7425
71,7424
96,7423
64,7422
-61,7421
-65,7420
-10,7419
32,7418
84,7417
68,7416
8,7415
99,7414
8,7413
30,7412
-21,7410
22,7409
-45,7408
80,7407
47,7406
15,7405
-40,7404
-72,7403
59,7402
-8,7401
84,7400
-18,7398
19,7396
-85,7395
54,7394
-84,7393
81,7392
-80,7391
-75,7389
25,7387
-16,7386
-4,7385
-11,7381
-36,7379
42,7377
-73,7375
-54,7374
-75,7371
50,7369
-10,7368
-99,7367
-100,7363
-49,7362
-94,7361
-35,7358
-6,7357
43,7356
-30,7355
-61,7354
90,7353
64,7351
-1,7350
-35,7349
33,7348
-53,7347
-10,7346
80,7345
-34,7344
80,7343
59,7342
-57,7341
18,7340
-70,7339
63,7338
-79,7335
-95,7332
-12,7330
-14,7327
44,7326
14,7325
80,7324
-84,7323
96,7321
25,7320
33,7319
-26,7318
4,7317
-51,7315
35,7314
-64,7313
-96,7310
57,7309
-73,7307
14,7305
-78,7304
-35,7303
-62,7300
-24,7299
40,7296
41,7295
86,7292
-36,7291
-97,7289
-92,7288
89,7287
-42,7285
79,7284
-82,7283
39,7282
0,7279
34,7278
47,7277
-86,7276
12,7274
-59,7273
16,7272
8,7270
32,7269
-100,7265
-74,7264
94,7263
73,7262
80,7261
48,7259
-99,7258
50,7257
-68,7256
-29,7255
83,7253
46,7251
-14,7250
51,7247
45,7246
47,7244
-91,7242
-50,7240
-90,7238
90,7237
-78,7236
4,7235
-76,7234
-81,7233
35,7230
-98,7229
33,7225
12,7224
-46,7223
-38,7222
-99,7220
-80,7219
-99,7218
-67,7217
65,7216
-57,7215
61,7214
40,7213
31,7212
-32,7211
85,7210
23,7209
-51,7208
-58,7206
90,7204
-47,7203
-43,7202
87,7201
35,7200
62,7199
-60,7198
46,7197
2,7196
-21,7194
-46,7190
-75,7188
91,7187
2,7185
14,7184
-100,7183
-55,7182
-13,7181
-2,7180
17,7179
-16,7178
-44,7177
47,7176
-79,7175
-39,7174
37,7173
30,7171
-35,7170
32,7169
7,7168
-34,7167
56,7166
-37,7165
91,7164
-29,7163
16,7162
-3,7161
-8,7160
-57,7159
8,7158
17,7156
-89,7154
62,7153
-52,7152
50,7149
76,7148
-100,7147
-59,7146
7,7144
-89,7141
32,7140
-92,7139
-90,7138
-24,7137
37,7136
59,7134
45,7132
-14,7131
9,7130
-65,7128
-30,7127
9,7126
-15,7124
-31,7122
-9,7121
-89,7120
-82,7119
43,7118
97,7117
-83,7116
-31,7115
63,7114
-96,7113
87,7112
43,7111
8,7110
-6,7109
5,7107
-60,7105
5,7104
-15,7103
41,7102
10,7101
85,7100
-90,7098
57,7096
-68,7095
-80,7093
18,7092
67,7091
-34,7090
-59,7088
-89,7087
-6,7086
-75,7085
-94,7084
71,7083
84,7081
47,7080
6,7078
-82,7077
-5,7074
-75,7073
52,7072
-97,7071
-57,7070
27,7069
-70,7068
-48,7066
73,7065
-98,7064
82,7063
-28,7062
-48,7060
66,7059
-95,7058
43,7056
15,7054
64,7053
49,7051
-32,7050
46,7049
91,7046
-91,7045
77,7044
-66,7043
82,7038
62,7037
-73,7036
41,7035
-9,7034
-91,7033
3,7032
-54,7030
63,7029
99,7028
-20,7027
90,7026
-31,7025
92,7024
90,7023
22,7022
17,7020
72,7019
-94,7017
78,7016
-78,7015
-98,7014
95,7013
26,7012
-97,7011
-90,7010
-6,7009
41,7008
-54,7007
-73,7006
-3,7005
-90,7004
-42,7001
-100,6999
-89,6998
65,6996
-35,6994
14,6993
-57,6992
19,6991
-80,6990
27,6989
16,6988
52,6987
-90,6986
91,6985
27,6984
92,6983
-32,6982
-33,6981
7,6979
-99,6977
8,6976
82,6975
16,6974
-21,6973
50,6972
69,6971
57,6970
23,6969
-75,6968
2,6967
17,6966
72,6964
-19,6962
76,6961
14,6960
-76,6959
-1,6958
-13,6957
18,6956
19,6955
32,6954
24,6953
-26,6952
-2,6951
-7,6950
-35,6948
4,6943
59,6942
-82,6940
81,6939
-2,6938
-61,6936
-95,6935
84,6933
-22,6932
75,6931
5,6930
90,6929
50,6928
-83,6927
-63,6926
-94,6925
78,6923
100,6922
4,6920
-7,6916
97,6915
23,6914
-45,6913
-26,6912
32,6911
-88,6910
-41,6907
-47,6906
62,6905
-50,6904
-56,6902
-76,6900
39,6899
28,6897
35,6896
-7,6895
33,6894
-48,6893
-97,6892
86,6891
44,6887
-31,6886
-88,6885
20,6883
88,6881
-48,6880
34,6878
40,6877
-92,6874
52,6873
-94,6872
66,6871
22,6869
68,6867
75,6866
-8,6864
-62,6862
62,6860
70,6859
-79,6858
-54,6857
-67,6856
-70,6855
-39,6854
17,6853
87,6851
89,6849
20,6847
82,6846
-10,6845
22,6844
-64,6841
95,6840
-62,6839
-85,6838
97,6837
39,6836
-77,6834
51,6833
-44,6832
-86,6830
-2,6827
0,6826
70,6825
-47,6824
39,6823
83,6822
-96,6819
-82,6818
-5,6817
37,6816
-19,6815
99,6814
-42,6813
-48,6812
-15,6811
41,6810
59,6809
24,6808
0,6807
85,6806
1,6805
-94,6803
16,6802
92,6801
-46,6795
57,6794
88,6793
-39,6792
-14,6791
-20,6790
60,6789
-72,6788
-5,6787
-94,6785
-39,6784
-34,6783
10,6781
-34,6780
39,6779
-81,6776
-26,6775
-28,6774
-46,6773
95,6772
-15,6771
-27,6769
-52,6768
-28,6766
10,6765
-81,6764
-64,6762
1,6761
56,6760
-92,6759
38,6758
62,6756
-59,6755
81,6752
65,6751
50,6750
-43,6749
-82,6748
81,6747
60,6745
-27,6743
79,6742
-97,6741
87,6740
40,6738
-100,6737
-59,6736
1,6735
-86,6734
-42,6733
-34,6732
-85,6731
39,6730
-91,6729
40,6728
97,6727
-80,6726
86,6723
96,6720
0,6719
-27,6717
-45,6715
5,6713
-30,6712
97,6711
42,6710
-81,6709
84,6708
87,6706
53,6704
-1,6703
-9,6700
-19,6699
-51,6697
-4,6696
-60,6695
-32,6693
-3,6690
59,6689
64,6686
-29,6683
0,6682
-85,6680
100,6678
-89,6676
-6,6675
-80,6674
29,6672
-100,6671
59,6670
-2,6669
69,6668
89,6667
16,6666
68,6665
-93,6663
-2,6661
32,6660
-79,6659
-16,6658
90,6657
12,6656
2,6655
68,6654
57,6653
75,6652
48,6651
35,6648
-30,6647
63,6646
-56,6645
-73,6644
92,6643
56,6642
34,6640
-77,6639
95,6638
-11,6637
18,6636
39,6635
-55,6634
66,6633
-59,6632
10,6631
-93,6630
43,6629
-61,6628
-65,6627
80,6626
36,6625
32,6622
21,6621
-59,6618
-17,6617
-51,6616
53,6615
35,6614
-21,6613
-62,6609
-63,6607
-98,6605
97,6602
45,6601
-77,6597
-45,6596
-47,6595
-38,6594
-88,6593
93,6592
64,6591
22,6590
10,6589
18,6588
-13,6587
-69,6586
-60,6585
-42,6584
15,6583
-14,6582
-91,6581
93,6580
99,6579
-30,6577
-79,6576
80,6574
94,6573
-9,6572
-62,6571
-70,6570
65,6569
-37,6568
94,6567
-26,6566
47,6564
66,6563
84,6562
44,6561
59,6560
-26,6558
-4,6557
-12,6556
99,6555
-83,6554
41,6553
79,6552
-13,6551
27,6547
-28,6546
-74,6545
99,6544
-55,6543
-68,6542
-29,6541
-75,6539
-97,6538
-79,6537
24,6536
14,6535
-26,6534
42,6533
-68,6532
41,6531
-83,6530
-74,6529
88,6528
-11,6527
-69,6524
80,6523
11,6522
32,6520
-18,6517
-22,6516
-81,6515
-94,6514
-41,6513
52,6512
86,6511
-67,6510
-7,6509
-57,6507
-90,6506
-34,6504
59,6503
-66,6502
24,6500
77,6496
-33,6494
1,6493
10,6492
63,6491
-41,6490
-37,6488
93,6485
-48,6484
-86,6482
28,6480
-77,6478
82,6477
-66,6476
-97,6475
1,6474
-5,6473
-73,6472
-55,6471
23,6470
19,6469
48,6468
79,6467
94,6466
80,6464
61,6462
-70,6461
-48,6459
-86,6458
-50,6457
62,6455
-8,6454
-75,6453
100,6452
-29,6451
-4,6450
-48,6449
92,6448
-50,6447
-42,6445
40,6444
27,6442
77,6440
78,6439
-73,6438
-73,6437
91,6436
27,6434
50,6433
24,6432
43,6431
-52,6430
-66,6429
-93,6428
48,6427
72,6426
-49,6425
-61,6424
-41,6423
39,6422
-32,6420
57,6419
-65,6418
47,6417
-37,6415
-24,6414
-37,6413
-68,6412
11,6409
90,6408
14,6407
92,6406
-29,6405
-47,6404
-78,6403
81,6401
-6,6400
49,6398
76,6397
89,6396
-16,6395
43,6394
-91,6393
96,6391
-59,6390
-24,6389
-65,6388
-1,6387
30,6386
98,6384
-68,6383
38,6382
54,6381
41,6379
81,6378
31,6376
-48,6375
-41,6374
-88,6373
34,6371
76,6370
68,6367
59,6366
-64,6365
67,6363
-52,6362
-83,6361
-39,6360
42,6359
-35,6358
-61,6355
-48,6353
1,6351
9,6350
-49,6349
93,6348
66,6347
-3,6346
11,6345
-49,6344
16,6340
36,6339
17,6337
41,6336
8,6333
-86,6332
-66,6331
-58,6329
-61,6328
-91,6327
-63,6326
-86,6325
84,6321
88,6319
-38,6318
30,6317
-83,6316
48,6315
-9,6313
-80,6312
-44,6311
23,6308
11,6307
66,6306
-35,6303
-29,6302
-68,6301
-5,6299
-8,6298
89,6297
79,6296
29,6295
-19,6294
-62,6293
29,6292
-73,6291
5,6290
65,6288
2,6287
64,6286
58,6285
17,6284
45,6283
-36,6282
-62,6281
19,6280
-89,6279
-56,6278
-27,6277
-1,6276
12,6275
-82,6273
-77,6272
-62,6269
-91,6268
84,6267
19,6266
82,6265
57,6264
-64,6263
-83,6260
5,6259
85,6258
-28,6257
13,6256
40,6255
-25,6254
-35,6252
51,6251
-29,6250
56,6249
19,6247
31,6245
71,6244
-8,6242
62,6241
-39,6240
100,6239
-45,6237
92,6236
-44,6235
33,6234
-38,6233
-57,6232
-57,6231
-17,6230
38,6228
-42,6227
-46,6223
-84,6222
-56,6221
57,6220
96,6218
-11,6217
43,6216
13,6215
-59,6214
-27,6212
29,6211
6,6210
-9,6209
-100,6208
-49,6206
32,6204
42,6203
-12,6202
75,6201
-53,6200
-39,6199
-41,6197
88,6195
93,6192
-20,6191
26,6189
-94,6188
-1,6184
-68,6183
-92,6180
87,6179
-83,6178
4,6177
-70,6176
51,6175
87,6174
-45,6172
-27,6171
13,6170
-77,6169
-1,6168
10,6166
-96,6165
-29,6164
-31,6162
-4,6160
-11,6159
-7,6158
-46,6156
92,6155
23,6154
64,6153
-38,6152
-66,6150
75,6149
-35,6148
-17,6145
66,6144
-33,6143
30,6142
-2,6140
-13,6138
-15,6137
77,6136
-45,6135
-49,6134
-37,6133
-84,6130
84,6129
-60,6128
-19,6127
6,6126
-68,6125
47,6123
16,6122
59,6120
-20,6119
-5,6118
35,6117
99,6116
85,6115
-78,6113
-49,6111
-64,6110
-18,6109
-26,6108
84,6107
-26,6105
23,6104
19,6102
-64,6101
-81,6100
55,6099
90,6098
-54,6097
65,6096
-51,6095
25,6094
-71,6092
-47,6091
30,6090
100,6089
81,6088
31,6087
61,6086
-34,6083
-61,6082
-14,6081
17,6080
-42,6079
-19,6078
-21,6077
78,6076
-9,6075
33,6073
51,6072
8,6070
9,6069
86,6068
-44,6067
72,6066
40,6065
-13,6064
-12,6063
32,6062
59,6061
-53,6059
-50,6058
77,6057
18,6056
-66,6055
42,6052
-11,6051
83,6050
-65,6049
8,6048
-6,6047
-67,6045
32,6044
69,6043
-82,6042
-17,6041
-94,6040
-17,6039
99,6038
-82,6037
-100,6036
-18,6035
-1,6034
-84,6033
-99,6031
-40,6030
93,6029
51,6027
-67,6026
52,6025
-7,6024
-86,6023
-79,6022
-43,6019
-69,6018
48,6017
11,6015
45,6014
10,6013
-40,6011
30,6010
49,6009
-50,6007
33,6005
-78,6004
-38,6003
11,6002
66,6001
13,5997
0,5996
-92,5993
-46,5992
-46,5991
17,5989
73,5987
-94,5985
92,5983
-12,5982
76,5981
94,5980
-85,5979
-25,5977
41,5976
10,5975
51,5974
27,5973
18,5972
-11,5971
-100,5970
-3,5969
-20,5968
-90,5967
34,5966
-24,5963
87,5962
40,5960
-21,5959
-36,5957
-63,5956
75,5954
-54,5953
59,5951
-13,5950
-72,5949
-12,5947
42,5946
51,5945
-80,5944
-95,5943
74,5942
56,5941
95,5940
-2,5938
-23,5937
100,5936
-46,5935
-13,5934
-22,5933
-68,5932
62,5930
34,5929
-85,5928
73,5927
-93,5926
89,5925
-43,5924
82,5923
-81,5922
-8,5921
45,5920
-91,5919
37,5918
-5,5915
-34,5912
12,5909
93,5908
-55,5907
-21,5906
-91,5905
8,5904
43,5902
79,5901
2,5897
47,5896
-34,5895
83,5893
36,5892
-38,5891
-73,5890
-20,5887
22,5886
53,5884
-56,5880
9,5879
47,5878
-49,5877
-3,5876
71,5875
-61,5874
-33,5872
0,5870
41,5869
42,5868
-32,5865
57,5864
33,5863
67,5862
57,5857
-14,5856
6,5855
-31,5854
-72,5853
-24,5852
28,5851
90,5849
75,5848
-10,5847
-85,5846
49,5845
-87,5844
-58,5843
100,5842
-77,5841
20,5838
9,5837
-32,5836
41,5835
-67,5834
-41,5833
-68,5832
44,5831
88,5830
-77,5828
-46,5827
-4,5826
91,5825
-56,5823
-78,5822
99,5821
-54,5819
-50,5818
53,5816
93,5813
-56,5812
-71,5811
0,5810
-77,5809
19,5807
58,5806
-7,5805
-44,5802
-72,5800
88,5799
-82,5798
20,5797
94,5795
83,5794
86,5792
-33,5791
26,5790
-76,5789
-5,5788
-100,5787
-63,5786
56,5784
-13,5783
-19,5782
-42,5781
59,5780
-24,5779
-14,5778
62,5777
7,5774
98,5773
-54,5772
-35,5771
79,5770
8,5769
63,5767
-59,5766
16,5765
-74,5763
-75,5762
-93,5761
93,5760
41,5759
4,5758
98,5757
21,5756
-23,5755
-64,5753
64,5752
-75,5751
56,5750
57,5749
11,5748
56,5747
97,5746
51,5745
-9,5744
-15,5743
5,5742
18,5741
45,5740
-76,5737
-57,5735
31,5734
0,5733
18,5731
23,5730
-98,5729
-86,5728
-11,5726
-81,5724
-57,5723
-68,5722
-30,5721
-44,5719
-23,5718
92,5717
93,5714
68,5713
-89,5712
94,5711
68,5710
-67,5706
98,5704
-21,5703
81,5702
69,5701
53,5700
-78,5699
-99,5698
97,5697
87,5696
-3,5695
-35,5694
-7,5693
99,5692
68,5691
-9,5689
-56,5687
-97,5685
-39,5684
10,5680
-49,5679
37,5678
41,5677
-30,5676
88,5675
71,5674
36,5672
-44,5671
36,5670
-50,5669
-22,5668
39,5666
5,5665
17,5664
1,5663
-39,5662
-15,5661
-67,5660
-88,5659
-98,5658
0,5655
76,5654
-50,5653
-54,5652
-18,5651
-95,5648
-5,5646
45,5644
91,5642
-13,5641
-4,5638
19,5636
-58,5635
8,5634
86,5633
23,5630
-9,5629
-3,5627
-43,5622
-87,5621
-75,5620
-24,5619
83,5618
16,5617
-82,5616
91,5615
89,5614
-68,5613
-67,5612
-11,5611
-12,5610
-42,5609
-94,5608
-54,5607
71,5606
-40,5605
8,5604
-6,5603
-42,5602
-14,5601
37,5600
70,5599
72,5598
-31,5597
29,5595
-8,5594
51,5593
-63,5592
64,5590
-53,5588
-49,5586
81,5585
33,5584
-90,5583
-40,5582
-40,5579
-92,5578
-81,5577
-92,5576
-15,5575
96,5574
19,5573
84,5571
91,5570
-10,5569
-89,5567
-67,5566
33,5565
42,5564
-23,5563
88,5561
-93,5559
33,5558
-88,5555
64,5553
-96,5551
-30,5550
25,5549
-19,5548
-93,5547
-94,5546
84,5544
99,5542
13,5540
-59,5537
-80,5536
-71,5534
14,5532
69,5530
26,5529
80,5526
49,5525
44,5524
63,5523
83,5522
47,5520
71,5519
-42,5518
64,5517
84,5515
-21,5514
-85,5513
-100,5512
70,5511
-30,5510
-52,5509
49,5508
34,5506
31,5505
-18,5504
38,5503
-53,5500
-60,5498
-41,5497
68,5496
48,5494
34,5493
-11,5492
-53,5490
-78,5489
-71,5487
-89,5486
40,5485
97,5484
-1,5483
-76,5482
-46,5480
-7,5479
53,5478
37,5475
-47,5474
72,5473
41,5472
-80,5471
-64,5470
-1,5469
33,5468
-12,5467
7,5466
-80,5465
22,5463
-33,5462
-8,5461
-66,5460
-16,5457
36,5454
93,5453
-19,5452
47,5451
-75,5450
-21,5449
66,5446
-52,5445
-98,5444
23,5443
0,5442
-5,5441
71,5440
-6,5438
47,5437
23,5436
46,5435
-77,5432
78,5429
50,5428
-26,5427
-93,5426
-72,5425
-51,5424
73,5423
18,5422
77,5421
-67,5420
-7,5418
-21,5417
16,5416
10,5415
70,5413
-47,5411
-49,5409
-68,5406
14,5405
40,5404
3,5401
68,5400
1,5399
-13,5398
26,5395
33,5394
80,5393
-43,5390
-65,5389
-49,5387
-49,5385
-8,5384
-73,5383
-40,5382
-68,5381
45,5380
90,5379
-68,5377
-28,5376
-64,5375
3,5374
50,5373
66,5372
-49,5371
21,5370
74,5369
-89,5368
83,5367
-15,5366
-95,5365
-12,5363
-6,5362
-80,5361
18,5360
-89,5358
61,5357
64,5354
13,5352
31,5351
-29,5350
-10,5349
46,5348
-88,5347
-58,5346
-28,5344
98,5342
78,5341
-48,5340
-76,5339
-16,5338
-57,5337
-52,5336
34,5335
28,5334
-36,5333
44,5332
-55,5331
-57,5330
-15,5328
-96,5327
-100,5326
11,5325
-97,5324
-78,5323
-73,5322
-28,5320
8,5319
65,5318
82,5317
-33,5316
23,5315
1,5314
-87,5313
12,5309
26,5308
14,5307
11,5306
94,5305
-56,5304
-93,5303
93,5302
31,5301
-100,5300
-20,5299
-12,5297
68,5296
-71,5295
34,5294
36,5292
-81,5291
-49,5290
-43,5289
95,5288
3,5287
40,5286
81,5285
-57,5284
47,5283
63,5281
-68,5280
-36,5279
60,5276
-94,5272
96,5271
-31,5270
-92,5266
-40,5265
-95,5264
-81,5263
-1,5262
24,5261
-83,5260
-32,5259
-53,5255
25,5254
-59,5250
-30,5249
5,5246
-34,5245
3,5244
48,5243
26,5242
90,5240
-15,5239
50,5238
-78,5237
-75,5236
63,5235
-10,5234
-75,5232
-67,5231
-2,5230
94,5229
90,5228
-74,5226
49,5225
-33,5224
-87,5223
-68,5222
-90,5221
91,5220
-89,5219
88,5217
75,5216
68,5213
-84,5212
79,5211
-83,5210
80,5209
-56,5208
80,5207
-90,5206
45,5205
-65,5204
19,5203
-61,5202
17,5201
-57,5200
59,5198
-27,5197
-11,5195
53,5194
74,5193
-95,5192
77,5191
-25,5190
75,5189
75,5187
35,5186
-48,5185
-5,5184
52,5183
88,5181
59,5180
32,5179
21,5177
47,5176
-8,5175
20,5170
2,5169
-17,5168
-66,5166
-42,5165
-18,5163
70,5161
-59,5160
-89,5159
-24,5158
54,5157
-54,5156
78,5155
61,5154
-5,5153
29,5152
-9,5149
48,5147
53,5146
-14,5145
-7,5144
-81,5143
-4,5142
12,5139
-94,5137
96,5135
31,5134
78,5133
38,5132
-19,5130
92,5129
13,5127
46,5126
94,5125
13,5124
-61,5122
51,5121
15,5120
74,5119
-99,5118
-37,5114
34,5111
-41,5109
-31,5107
86,5106
34,5105
-28,5104
-44,5103
96,5102
38,5101
50,5099
7,5098
92,5097
-58,5095
20,5093
-90,5092
-99,5090
89,5089
-1,5088
42,5087
-13,5085
90,5084
6,5083
-95,5082
-42,5080
98,5079
-62,5078
52,5077
-78,5076
93,5075
-60,5074
-97,5073
14,5072
-85,5071
-13,5070
96,5069
-96,5068
-48,5067
-56,5066
-6,5065
33,5064
78,5062
-73,5061
86,5060
-96,5059
-20,5058
-63,5057
-78,5056
-81,5054
-19,5053
-6,5049
38,5048
-43,5047
40,5046
-66,5041
-14,5039
-19,5038
38,5037
-86,5036
4,5035
-14,5033
20,5032
87,5031
25,5030
-21,5028
-35,5027
-24,5026
-85,5022
-35,5021
49,5019
58,5017
-11,5015
87,5013
-63,5010
17,5009
55,5008
66,5007
-26,5005
27,5004
40,5003
-41,5002
62,5001
-85,4999
38,4998
-84,4997
-26,4996
24,4995
47,4994
-13,4992
63,4991
-50,4990
-7,4989
-68,4986
-30,4985
-88,4984
-27,4983
70,4982
-67,4981
-43,4980
-18,4979
-2,4978
95,4976
-42,4975
67,4974
-95,4972
41,4971
-26,4968
46,4966
-80,4965
-37,4964
-85,4963
-57,4956
83,4955
50,4954
-56,4953
-42,4952
75,4951
-85,4950
17,4949
-66,4948
-94,4947
-71,4946
-100,4945
-37,4943
53,4942
37,4941
-91,4940
6,4939
-75,4938
-67,4937
43,4936
31,4935
-2,4934
-84,4933
81,4932
-30,4929
10,4928
42,4926
-13,4925
29,4923
-40,4922
-37,4921
70,4919
99,4918
-95,4917
25,4916
-93,4915
98,4913
-8,4911
57,4909
43,4907
49,4906
9,4905
53,4904
99,4903
-63,4902
48,4901
100,4899
-71,4898
6,4897
57,4896
-5,4895
-22,4894
-40,4893
42,4892
21,4891
-65,4889
-16,4888
9,4887
16,4886
-7,4885
-43,4884
-22,4883
3,4882
-54,4881
9,4880
-92,4879
-48,4877
-6,4876
-23,4874
32,4873
12,4872
-90,4871
18,4870
-64,4865
-23,4863
76,4862
60,4861
41,4860
-27,4859
70,4858
69,4857
-99,4853
76,4852
34,4851
-60,4850
-29,4847
49,4846
-16,4845
-74,4844
-24,4841
72,4839
40,4838
-92,4837
37,4836
-19,4835
29,4834
-15,4833
-60,4832
42,4831
-65,4829
92,4828
-36,4826
-92,4825
-18,4824
-22,4823
-71,4822
19,4821
61,4820
-18,4819
-78,4818
-25,4817
-61,4816
99,4815
-87,4812
-100,4811
-53,4810
-16,4809
67,4808
-26,4807
-48,4806
34,4805
78,4804
99,4803
-82,4802
-34,4801
-53,4800
27,4799
70,4798
52,4797
63,4796
-13,4793
-72,4791
74,4790
40,4789
64,4788
-83,4787
0,4784
-56,4783
21,4782
62,4780
0,4779
-5,4778
-23,4777
-7,4776
22,4774
-67,4773
-96,4770
74,4769
98,4767
0,4766
-89,4764
-87,4763
-85,4762
-58,4761
45,4760
45,4758
57,4756
39,4755
-52,4754
-9,4752
-100,4751
80,4750
6,4746
3,4745
82,4744
42,4743
-28,4742
-1,4741
-95,4740
25,4738
71,4734
-57,4733
72,4732
-88,4731
20,4730
50,4729
-62,4728
-82,4727
91,4726
2,4723
-17,4722
-18,4721
-3,4720
76,4719
97,4717
47,4716
-42,4715
-78,4714
20,4711
-39,4709
6,4708
-62,4707
-54,4706
98,4705
87,4704
-82,4702
-29,4700
-100,4699
-48,4698
-41,4696
27,4694
72,4692
-26,4691
-52,4690
-80,4689
35,4688
12,4687
-49,4686
38,4685
28,4684
93,4683
1,4682
-81,4680
71,4679
-15,4678
-34,4677
56,4675
-47,4674
26,4673
-21,4671
66,4670
73,4668
77,4667
-22,4666
4,4664
-6,4662
-78,4661
-40,4659
-85,4658
81,4657
78,4656
-90,4655
-61,4654
25,4651
70,4650
50,4649
51,4648
-75,4647
64,4646
-55,4645
31,4644
-62,4643
52,4641
-50,4639
72,4638
-67,4637
-76,4636
-6,4635
80,4634
-10,4633
30,4631
-80,4630
22,4629
-59,4628
41,4626
99,4624
57,4622
4,4621
-66,4620
-18,4616
77,4614
95,4613
94,4612
95,4610
13,4608
12,4607
68,4605
80,4604
67,4603
-86,4602
-77,4600
-22,4599
-16,4598
80,4597
57,4596
92,4595
-48,4594
45,4593
-63,4591
91,4590
-70,4589
38,4588
-68,4586
-91,4585
25,4584
17,4583
13,4582
48,4581
15,4579
-56,4578
12,4577
-99,4576
19,4573
-31,4571
-57,4570
-92,4566
76,4565
67,4564
-87,4563
-67,4562
-77,4561
57,4559
-85,4558
51,4556
-16,4554
82,4552
76,4551
-31,4550
32,4549
44,4548
29,4546
-20,4542
-97,4541
51,4540
35,4537
59,4535
-24,4533
-69,4527
62,4526
-55,4525
52,4524
64,4523
18,4521
75,4520
20,4519
-15,4517
50,4516
-15,4513
-17,4512
18,4511
74,4510
-51,4509
95,4508
-68,4507
34,4506
99,4503
-53,4502
22,4501
-46,4500
26,4499
-74,4498
-77,4497
-28,4496
-46,4495
-78,4494
-83,4492
-1,4491
9,4490
-76,4489
-19,4488
-53,4485
-51,4484
-33,4482
-47,4480
79,4479
-64,4478
0,4477
-44,4476
96,4473
-20,4472
-11,4470
100,4469
-92,4466
87,4463
-97,4461
40,4460
62,4459
-62,4458
80,4457
-100,4456
79,4455
35,4454
11,4453
26,4450
-19,4449
-45,4448
38,4447
-75,4446
20,4444
-45,4440
13,4439
64,4438
34,4437
-98,4436
-36,4431
32,4429
-80,4428
-26,4427
4,4425
95,4424
-31,4423
86,4422
22,4420
-42,4419
59,4418
59,4416
-49,4413
69,4411
-38,4410
-10,4409
-53,4408
-12,4407
-39,4406
-10,4405
-90,4402
46,4401
8,4399
55,4398
98,4397
-83,4396
-66,4395
-89,4394
-52,4393
6,4392
71,4390
-23,4389
31,4387
64,4385
-39,4384
-7,4381
-2,4380
-23,4378
32,4377
-55,4376
1,4375
-70,4374
-40,4373
-43,4372
41,4368
19,4366
47,4365
22,4364
-41,4362
30,4360
50,4359
-56,4358
33,4357
9,4355
89,4354
92,4353
-3,4352
-22,4351
77,4350
-87,4349
26,4348
-43,4347
41,4346
-87,4345
98,4344
-79,4343
47,4342
-66,4341
-83,4340
34,4339
-69,4338
12,4337
2,4336
-30,4334
54,4333
-74,4332
-11,4331
-41,4330
0,4328
-73,4325
26,4324
34,4323
32,4322
11,4317
49,4315
79,4314
15,4313
83,4311
45,4310
29,4309
28,4307
-8,4305
-8,4304
58,4303
-83,4302
-54,4300
-67,4299
40,4298
59,4296
-63,4295
-51,4294
67,4293
-27,4292
86,4291
-44,4290
-70,4289
-27,4288
-87,4287
-79,4286
95,4285
21,4282
20,4280
-81,4279
50,4278
-91,4276
-35,4275
-46,4272
-9,4271
9,4268
-20,4263
-31,4261
55,4259
96,4258
1,4257
-67,4255
-14,4253
79,4252
17,4251
52,4250
-49,4249
-23,4248
76,4244
-18,4243
-46,4242
6,4240
95,4239
54,4238
89,4237
-67,4236
11,4235
-58,4234
-88,4233
48,4232
-66,4231
10,4230
11,4229
78,4228
79,4227
-99,4226
-70,4225
82,4224
12,4223
-7,4222
71,4221
-55,4220
-65,4219
-42,4218
-63,4217
60,4216
60,4215
60,4214
-58,4213
-17,4212
84,4211
4,4210
-94,4208
75,4207
93,4206
38,4205
74,4204
7,4203
5,4202
-94,4200
-62,4198
-94,4196
16,4192
-6,4191
6,4190
-1,4187
15,4186
46,4185
-10,4183
-18,4182
-50,4181
46,4180
-92,4179
-85,4178
22,4177
93,4176
90,4174
-23,4172
-98,4170
58,4169
-4,4167
-10,4166
-12,4165
3,4164
-14,4163
-43,4162
-73,4161
-36,4160
86,4159
84,4157
84,4156
-95,4154
2,4153
54,4152
-76,4151
-25,4150
9,4149
39,4148
-23,4146
12,4144
90,4143
62,4142
-57,4141
15,4140
-35,4139
93,4138
8,4136
-85,4133
-88,4132
-57,4131
49,4130
-39,4129
18,4128
27,4127
-65,4126
23,4125
22,4123
11,4122
30,4120
79,4119
-32,4118
80,4116
-80,4115
95,4114
62,4113
-47,4112
80,4110
9,4109
91,4108
9,4107
-76,4106
43,4105
-80,4104
-34,4103
0,4102
5,4101
78,4100
-32,4099
20,4098
-80,4097
67,4095
-9,4093
48,4092
17,4091
-52,4090
-24,4089
-99,4088
16,4087
14,4086
-48,4085
-75,4083
100,4081
-94,4080
34,4078
71,4077
-32,4076
-40,4075
-18,4074
68,4073
47,4072
29,4071
-7,4068
99,4066
-19,4065
16,4064
39,4062
73,4061
-91,4060
12,4059
-17,4058
-49,4055
56,4054
-88,4053
-55,4050
-91,4049
31,4048
0,4046
57,4045
0,4044
100,4042
-29,4041
6,4040
70,4039
-3,4038
31,4037
-84,4036
5,4032
-58,4031
-60,4030
80,4029
-6,4028
-100,4025
-12,4024
68,4023
-94,4022
7,4021
61,4019
-100,4018
-49,4017
48,4016
-96,4015
79,4014
-9,4013
99,4012
-54,4010
96,4008
-47,4007
-54,4005
65,4003
-33,4001
41,3999
13,3998
53,3997
-33,3995
5,3993
78,3992
34,3991
-47,3987
75,3986
-38,3985
-30,3984
6,3982
-43,3981
-59,3979
-8,3978
80,3977
-17,3974
1,3972
65,3971
23,3969
99,3966
75,3964
9,3962
54,3961
-60,3960
65,3959
-75,3958
37,3956
21,3955
-14,3954
84,3953
-34,3952
-43,3949
47,3948
100,3946
89,3945
25,3944
3,3943
11,3942
79,3941
-31,3940
-90,3939
-12,3936
-22,3933
-33,3932
-65,3931
3,3930
77,3929
-7,3927
35,3926
-68,3925
-20,3924
-98,3923
-57,3922
-12,3920
-27,3918
-48,3917
-41,3916
-22,3915
4,3913
0,3912
91,3911
-55,3910
68,3909
22,3907
-15,3905
93,3903
-64,3902
76,3901
31,3900
65,3899
-9,3894
12,3893
-32,3892
-27,3890
-27,3889
67,3888
72,3887
10,3886
74,3885
-77,3884
-20,3883
-38,3882
52,3880
68,3879
-23,3878
-8,3877
-85,3875
94,3873
-33,3872
34,3871
-78,3870
-17,3869
-62,3867
-32,3866
-38,3865
-84,3864
-5,3863
-5,3862
-97,3861
-97,3860
58,3858
-62,3856
-74,3855
84,3854
74,3853
78,3852
-70,3851
-90,3850
-52,3849
-81,3847
-36,3846
-6,3845
69,3844
-16,3843
24,3842
-65,3840
-96,3839
-13,3838
-26,3837
-32,3836
89,3835
2,3833
-96,3832
16,3831
37,3830
47,3828
-13,3827
38,3826
59,3825
-97,3823
96,3822
-5,3821
-36,3820
73,3819
-43,3818
89,3816
-83,3815
-100,3814
55,3813
11,3812
7,3811
-52,3810
9,3809
7,3807
-37,3806
42,3805
-66,3804
44,3803
-14,3801
73,3800
-49,3799
-54,3798
25,3797
-17,3796
96,3794
29,3793
70,3792
-89,3791
-45,3789
83,3788
51,3787
-86,3786
81,3784
34,3783
8,3782
98,3781
93,3779
-73,3778
77,3777
-27,3776
65,3772
-47,3771
-62,3769
-75,3767
-54,3766
91,3765
18,3763
23,3762
93,3760
-79,3759
-22,3758
70,3756
-87,3755
26,3754
92,3753
68,3752
-62,3751
-64,3750
36,3749
31,3748
-92,3747
33,3746
65,3744
24,3743
81,3742
-98,3741
4,3740
-39,3739
100,3738
-32,3737
42,3736
50,3735
-53,3734
-100,3733
12,3732
58,3731
-83,3729
-76,3727
20,3725
7,3724
49,3722
6,3721
-41,3720
72,3719
-27,3718
83,3717
60,3716
23,3714
-90,3712
-63,3711
25,3710
61,3709
1,3708
47,3707
1,3706
34,3705
61,3704
-77,3699
-31,3697
55,3696
-99,3695
-83,3694
-3,3693
9,3692
-93,3691
-85,3688
34,3686
28,3683
-17,3682
-99,3681
-54,3680
-6,3679
72,3677
16,3675
36,3672
-27,3671
-66,3670
-73,3669
47,3668
-33,3667
-34,3666
-23,3664
52,3663
25,3662
-88,3661
8,3659
-37,3658
54,3657
-31,3656
-99,3655
-67,3652
2,3651
30,3649
3,3648
41,3647
56,3646
50,3645
90,3644
-7,3643
-17,3642
-60,3641
4,3640
5,3639
28,3638
-91,3636
53,3634
6,3633
77,3631
-62,3630
62,3629
64,3628
88,3627
62,3626
11,3623
31,3619
-66,3618
100,3617
66,3616
-62,3615
-4,3614
54,3613
39,3612
31,3611
-96,3610
24,3609
76,3608
-51,3607
-87,3606
-30,3605
-21,3604
-56,3603
86,3602
16,3601
61,3600
-67,3599
-45,3598
-91,3597
11,3596
-63,3595
-39,3594
30,3593
-50,3592
65,3590
49,3589
-100,3585
34,3583
20,3582
74,3581
-67,3580
-33,3579
86,3578
-74,3576
-18,3575
47,3572
-43,3571
18,3570
-68,3569
97,3568
66,3567
54,3566
27,3565
-97,3563
97,3562
-74,3559
61,3558
-89,3557
80,3556
42,3555
37,3554
82,3553
86,3552
-6,3550
-93,3549
78,3547
-90,3546
-98,3545
-27,3543
-59,3542
78,3541
-73,3540
65,3539
83,3537
50,3536
90,3534
9,3532
45,3531
54,3529
-58,3527
-84,3526
26,3525
-32,3524
-77,3523
-81,3522
20,3521
72,3520
-22,3517
-50,3515
14,3513
-30,3512
28,3511
-19,3508
-15,3507
49,3505
44,3504
32,3503
-61,3501
-18,3500
-31,3499
2,3498
95,3495
-39,3494
-14,3493
67,3492
8,3491
30,3490
-63,3489
39,3487
-47,3486
-62,3485
-24,3484
100,3483
4,3482
95,3481
-66,3480
-42,3479
86,3478
-27,3477
75,3474
56,3473
-2,3472
-49,3471
-26,3470
-27,3469
-50,3468
66,3465
82,3463
-44,3462
-26,3461
63,3460
-49,3459
-19,3457
17,3456
43,3455
70,3454
-42,3453
-74,3452
29,3451
-74,3450
-62,3449
-36,3448
-61,3447
36,3444
-82,3443
-46,3442
85,3441
-49,3440
-70,3439
76,3436
-77,3435
-58,3434
-28,3432
84,3431
16,3429
86,3428
-71,3425
-38,3424
36,3423
12,3422
38,3420
-85,3419
-21,3417
45,3415
62,3414
27,3413
98,3411
-27,3410
-66,3409
100,3408
17,3406
98,3404
75,3402
50,3400
74,3396
17,3395
77,3393
-54,3392
23,3391
37,3389
-22,3388
-58,3387
-4,3386
-60,3382
-43,3381
64,3380
41,3379
-38,3378
-21,3377
-83,3376
51,3374
-12,3371
-10,3369
-24,3368
-88,3367
44,3366
-2,3365
88,3364
-46,3363
96,3361
-62,3360
23,3359
-28,3358
-12,3357
-85,3356
-52,3353
-48,3352
-73,3351
23,3349
70,3346
-90,3344
-19,3343
33,3342
-7,3341
18,3340
-68,3339
18,3338
-99,3336
4,3335
-73,3334
77,3333
-73,3332
-6,3331
65,3330
-99,3329
-61,3328
36,3327
-62,3325
-91,3323
-8,3322
-1,3321
39,3320
-87,3319
77,3318
88,3317
-4,3316
-36,3315
25,3311
-36,3310
66,3309
-22,3308
45,3307
-21,3306
-78,3304
-73,3303
3,3302
-74,3301
75,3299
95,3298
28,3297
30,3296
53,3295
-39,3294
22,3293
-46,3292
-100,3291
66,3289
100,3288
-72,3287
79,3286
80,3285
10,3284
85,3283
-69,3282
71,3281
17,3280
-76,3279
-59,3278
-51,3277
37,3276
69,3275
11,3274
97,3273
11,3272
-96,3270
-66,3269
-52,3265
-53,3264
11,3263
-89,3262
54,3261
-4,3260
62,3259
74,3258
40,3255
-3,3253
-54,3251
-87,3250
-94,3249
64,3248
-76,3246
10,3245
-61,3244
44,3243
59,3241
27,3240
-71,3238
-31,3237
1,3236
-48,3235
43,3233
-13,3232
-87,3231
-82,3230
-55,3229
1,3228
56,3227
4,3226
-87,3222
-60,3221
84,3220
33,3219
18,3218
-49,3217
-33,3216
68,3214
-79,3210
41,3209
11,3208
41,3203
94,3202
-26,3201
-60,3199
-76,3196
-98,3195
3,3194
-49,3193
-57,3192
44,3191
51,3190
87,3189
38,3188
7,3187
-23,3186
-49,3184
-29,3183
-77,3182
27,3179
40,3178
-75,3177
56,3176
29,3175
-93,3174
-76,3173
-59,3172
-64,3171
-27,3169
-45,3168
66,3167
80,3166
47,3165
-43,3164
-70,3163
80,3162
94,3160
-67,3159
-94,3158
29,3156
-92,3155
-95,3153
-65,3149
-88,3148
90,3147
-81,3146
65,3145
-56,3144
10,3143
-7,3142
25,3141
22,3139
76,3138
15,3137
-8,3136
-18,3135
-42,3134
-28,3133
-37,3131
-80,3130
-99,3128
52,3127
-71,3126
27,3125
-44,3124
-84,3123
97,3122
80,3121
95,3119
-95,3117
-50,3116
-3,3115
-90,3114
-99,3113
-15,3112
5,3111
-69,3110
73,3109
65,3108
42,3107
-81,3105
8,3103
-91,3102
-49,3101
-81,3100
-5,3099
-99,3098
-10,3097
-38,3096
84,3094
58,3093
59,3092
-4,3091
-52,3089
35,3088
-22,3087
19,3085
69,3084
85,3083
-47,3082
7,3081
-91,3080
86,3078
87,3076
99,3075
-45,3074
32,3073
77,3072
-21,3071
-46,3070
-49,3068
67,3067
-25,3066
3,3065
-65,3063
-43,3062
89,3058
70,3057
21,3056
-56,3055
-76,3054
47,3053
-70,3051
63,3050
-62,3049
-68,3048
85,3047
-9,3046
50,3044
0,3043
-6,3042
-77,3041
-98,3040
-86,3039
-35,3038
-65,3037
84,3036
78,3035
-94,3033
-23,3032
-99,3031
-13,3030
-26,3029
-98,3028
83,3027
61,3026
61,3024
-53,3023
-44,3022
57,3021
-88,3019
8,3018
-66,3016
78,3015
-64,3014
-98,3013
-87,3012
9,3011
81,3009
-67,3007
-26,3006
-9,3004
67,3003
-19,3001
-34,3000
86,2999
30,2998
30,2997
-51,2996
-21,2994
-13,2993
45,2992
-99,2990
-95,2986
-26,2985
-67,2984
7,2983
-49,2982
21,2981
30,2980
91,2977
79,2976
83,2974
-86,2972
-53,2970
69,2969
16,2968
-76,2967
-79,2966
-7,2965
-49,2963
2,2962
70,2961
56,2960
35,2959
-86,2958
6,2957
-4,2956
-28,2955
-72,2954
19,2953
-96,2951
94,2950
68,2949
28,2948
-6,2947
46,2945
-77,2944
72,2943
-64,2942
-20,2941
-87,2940
52,2939
46,2938
-25,2937
97,2936
12,2934
64,2932
96,2931
78,2930
-96,2929
-9,2928
22,2926
52,2925
21,2924
-35,2922
8,2921
82,2920
75,2919
14,2918
91,2917
39,2916
-41,2915
38,2914
83,2913
-2,2911
36,2908
70,2907
-34,2906
-66,2904
-9,2903
72,2900
-82,2898
22,2897
-66,2896
-26,2894
-54,2893
54,2892
-5,2891
8,2889
-87,2888
-7,2887
-83,2886
48,2885
-25,2884
-21,2883
-82,2881
22,2880
32,2878
-91,2877
-45,2876
84,2875
77,2871
86,2869
-26,2868
39,2866
-51,2865
-17,2864
62,2862
16,2861
6,2860
-31,2859
-42,2858
-25,2857
10,2856
97,2855
-82,2854
9,2852
74,2851
44,2849
-2,2848
-29,2847
53,2845
74,2844
-15,2843
-100,2842
50,2841
-70,2840
-79,2838
-17,2837
49,2835
-9,2834
33,2833
-63,2831
-22,2830
-74,2829
-57,2828
-7,2827
88,2826
34,2825
-45,2824
31,2822
-27,2821
-66,2820
-61,2819
-16,2818
60,2817
-9,2816
-37,2815
48,2814
-78,2813
-80,2811
68,2810
21,2809
52,2808
-98,2807
-48,2806
-73,2805
26,2803
83,2801
-50,2800
65,2799
49,2798
-75,2796
71,2795
-16,2794
31,2793
64,2792
-50,2791
-5,2790
-96,2788
-15,2787
-45,2786
36,2783
4,2782
-52,2781
-23,2780
91,2779
100,2778
-37,2777
-88,2774
-61,2773
-92,2772
23,2771
-90,2770
-81,2769
49,2768
-9,2767
-41,2765
14,2764
93,2762
-51,2760
-78,2758
0,2756
75,2754
70,2753
-79,2751
88,2750
5,2749
32,2748
-51,2745
-19,2744
50,2742
-16,2740
-32,2737
79,2735
-1,2734
-56,2733
85,2731
39,2730
-79,2729
15,2728
4,2727
76,2726
51,2725
-93,2723
8,2722
-16,2721
65,2720
88,2719
61,2718
99,2717
13,2716
-22,2715
57,2714
20,2713
16,2712
31,2711
74,2710
-46,2709
-2,2707
-43,2706
-31,2703
11,2702
15,2701
92,2700
-64,2699
-92,2698
-83,2697
61,2696
-70,2695
54,2694
-76,2693
-34,2691
99,2690
13,2689
-86,2688
35,2687
71,2686
92,2684
74,2683
-57,2680
54,2678
-10,2676
35,2675
67,2674
-16,2673
39,2669
-98,2668
-32,2667
3,2666
30,2664
66,2663
18,2662
-100,2661
25,2660
-27,2659
-21,2658
-100,2657
88,2655
83,2654
74,2653
64,2651
62,2650
7,2648
51,2647
15,2646
40,2645
-24,2644
-67,2643
-90,2642
69,2640
-91,2639
-5,2638
-65,2637
43,2635
53,2634
79,2633
33,2632
89,2630
50,2629
-47,2628
8,2627
-74,2626
82,2625
3,2624
29,2623
54,2622
-52,2621
-72,2620
-6,2618
-82,2615
-78,2613
-28,2612
-41,2610
43,2609
-54,2608
90,2607
-57,2606
-50,2605
-67,2604
-92,2603
-83,2602
-62,2601
54,2600
15,2599
-35,2598
0,2597
-88,2596
-64,2595
24,2594
80,2593
85,2592
82,2591
-95,2590
29,2589
36,2588
-45,2587
66,2586
-65,2585
2,2583
-67,2582
-28,2581
-16,2580
-60,2578
-10,2577
-34,2576
-6,2575
-51,2573
46,2571
17,2570
-35,2569
-44,2568
-55,2567
-32,2566
-64,2565
-91,2561
-65,2560
-98,2559
7,2558
61,2557
-50,2555
-62,2553
-18,2552
98,2551
-89,2550
-85,2549
-24,2548
22,2547
96,2546
-30,2545
-3,2540
-65,2539
-91,2538
-21,2537
43,2534
-55,2533
-27,2531
93,2530
5,2529
-29,2528
-33,2527
69,2526
61,2525
99,2524
90,2520
-1,2518
-91,2516
82,2515
92,2514
-12,2513
16,2511
-16,2510
81,2508
-86,2507
-33,2506
-81,2505
12,2503
-23,2502
81,2501
-83,2500
1,2499
5,2497
-16,2496
-12,2494
97,2493
6,2492
17,2491
98,2490
-78,2489
83,2487
-74,2485
-54,2482
53,2481
-53,2479
-71,2478
-76,2477
94,2476
51,2473
-9,2472
-99,2470
-36,2469
-12,2468
53,2464
21,2463
33,2462
-13,2461
57,2459
97,2458
-94,2456
-11,2455
6,2454
40,2453
-84,2452
-57,2451
-92,2450
-48,2449
83,2448
-38,2446
-4,2445
21,2444
70,2443
-52,2442
8,2441
-33,2440
-20,2439
-97,2438
67,2437
68,2436
61,2435
-49,2434
-93,2433
-15,2432
-34,2431
-31,2429
79,2428
-28,2427
-80,2426
44,2424
22,2421
-53,2420
-82,2419
-88,2418
-65,2416
-32,2415
-39,2414
47,2413
-22,2412
-58,2411
16,2409
-51,2406
54,2405
10,2404
-27,2402
-9,2401
-25,2400
40,2399
-13,2396
-46,2394
-41,2393
-85,2392
62,2391
18,2390
-72,2389
-58,2388
-95,2387
-83,2386
28,2385
-79,2384
52,2383
25,2381
3,2380
-4,2379
10,2377
-18,2375
-57,2374
-42,2373
42,2370
-67,2368
-54,2366
-9,2364
46,2363
-26,2361
-9,2358
-43,2357
62,2356
-62,2355
-21,2354
29,2352
-82,2350
-43,2349
14,2348
31,2346
29,2345
64,2343
68,2342
65,2341
-41,2340
-88,2339
-95,2338
-53,2336
47,2335
77,2333
-97,2332
-61,2331
-4,2330
-30,2329
-92,2328
-54,2327
16,2326
-27,2325
-23,2324
74,2323
-59,2322
69,2321
-88,2320
32,2319
26,2318
-42,2317
15,2314
85,2313
21,2312
29,2311
60,2310
-89,2309
78,2308
94,2306
-64,2304
-13,2303
-81,2301
-99,2298
19,2294
-41,2292
41,2288
88,2287
-24,2286
-3,2285
32,2284
-67,2282
-40,2281
-99,2279
16,2278
25,2277
-20,2276
64,2275
-87,2274
-2,2273
55,2272
-57,2271
-34,2270
-3,2269
-77,2268
-59,2267
-24,2266
-80,2265
-46,2264
32,2261
80,2259
8,2258
79,2256
-44,2254
-10,2253
59,2252
-78,2251
-68,2250
56,2248
-9,2247
-20,2246
22,2244
32,2243
-20,2242
-100,2240
-61,2239
-68,2238
-85,2237
76,2234
-70,2233
-35,2232
87,2228
35,2227
-30,2225
-24,2224
-94,2223
-30,2222
40,2221
99,2220
87,2219
39,2218
80,2217
85,2215
-16,2212
-87,2209
85,2207
21,2206
91,2205
-85,2204
-64,2201
-64,2200
-43,2198
-4,2197
-98,2196
-35,2195
-80,2194
-81,2193
-52,2192
-58,2191
-41,2190
64,2188
82,2186
-27,2184
-69,2183
5,2182
56,2181
-67,2176
65,2175
-10,2174
-1,2173
-46,2172
-30,2170
52,2169
-9,2167
92,2166
-84,2163
69,2162
89,2161
-92,2158
-60,2157
-61,2154
-90,2153
40,2152
79,2151
23,2150
-10,2149
-80,2147
87,2144
-42,2143
-33,2142
32,2141
43,2139
29,2138
-52,2137
75,2135
-54,2134
-68,2133
11,2132
41,2131
-95,2130
-20,2129
-54,2128
-28,2127
-91,2126
-21,2124
38,2122
78,2121
88,2119
67,2116
32,2115
-43,2114
-67,2113
16,2111
-1,2110
22,2109
-70,2108
73,2107
-87,2100
-9,2099
87,2098
-36,2097
56,2095
61,2093
-14,2092
39,2091
-37,2090
62,2087
-57,2086
-70,2083
-11,2082
-44,2081
36,2079
16,2078
50,2077
74,2076
73,2075
56,2074
-13,2073
44,2072
65,2071
54,2070
-23,2069
57,2067
96,2066
-96,2064
-5,2063
-27,2060
90,2059
98,2058
-74,2057
-35,2056
-62,2054
-26,2053
19,2052
26,2051
18,2050
90,2049
-30,2048
-1,2046
15,2045
-44,2044
-3,2043
-91,2042
-36,2041
-85,2040
-75,2039
70,2038
98,2037
-54,2036
16,2034
12,2033
17,2032
-36,2031
27,2030
38,2029
19,2028
86,2027
-20,2026
-15,2025
11,2023
64,2021
-11,2019
43,2018
81,2017
42,2011
35,2010
-9,2009
-37,2008
-41,2007
66,2006
-38,2005
63,2004
54,2003
-52,2002
57,2000
-3,1999
-85,1998
-80,1995
80,1993
11,1992
-39,1991
-95,1990
94,1988
-86,1987
26,1986
-83,1984
91,1982
30,1981
63,1980
54,1979
31,1976
-60,1975
-2,1974
-83,1973
-50,1972
40,1969
0,1968
-67,1967
64,1966
65,1965
37,1962
-94,1960
53,1959
11,1958
16,1957
-80,1956
-46,1955
-88,1954
3,1952
76,1951
-88,1949
15,1948
-24,1947
-45,1946
44,1945
-36,1944
61,1943
2,1942
-22,1941
-89,1940
66,1939
7,1936
-62,1935
-32,1934
-70,1932
79,1930
-10,1928
-33,1927
-99,1926
42,1925
44,1924
37,1922
13,1921
-85,1918
-92,1917
-94,1916
-2,1915
91,1914
1,1913
-95,1912
-24,1911
62,1910
56,1909
-54,1908
-78,1907
46,1906
2,1905
94,1904
51,1903
34,1901
57,1900
33,1899
-54,1898
54,1897
-100,1896
2,1895
87,1894
-58,1893
-34,1889
-40,1888
94,1887
-30,1886
-15,1885
14,1884
-84,1883
-70,1882
-52,1881
8,1880
78,1879
-29,1877
-35,1876
-61,1875
24,1874
39,1872
-30,1871
76,1870
91,1868
-77,1866
-37,1865
61,1864
53,1863
25,1862
-16,1861
45,1858
45,1857
52,1855
10,1854
14,1853
-45,1852
34,1851
23,1850
97,1849
62,1847
1,1846
-79,1845
78,1844
54,1843
-70,1841
13,1840
-86,1839
-34,1838
31,1837
-25,1836
-70,1835
42,1833
4,1831
60,1830
-16,1829
48,1828
30,1826
6,1825
-89,1824
-73,1823
2,1822
-13,1821
87,1818
50,1816
-4,1815
34,1814
97,1813
40,1812
-82,1811
51,1810
2,1809
87,1808
78,1807
38,1805
-83,1803
-66,1802
22,1801
11,1798
-9,1797
-3,1796
57,1795
71,1793
-16,1792
-23,1791
99,1789
-21,1788
-99,1787
70,1785
60,1784
47,1783
54,1782
16,1781
-66,1780
10,1779
-100,1778
-3,1777
74,1776
66,1775
30,1774
-30,1773
-81,1772
84,1771
99,1770
-26,1769
-65,1768
-65,1767
44,1766
-72,1765
-53,1764
-62,1762
-95,1760
-60,1759
-35,1758
53,1756
13,1755
77,1753
9,1752
-74,1751
40,1750
-72,1749
-45,1748
3,1747
-66,1746
87,1745
56,1744
87,1743
25,1742
34,1741
32,1740
-70,1738
-66,1737
-62,1736
72,1735
-59,1734
-7,1733
-53,1731
-21,1729
27,1728
-35,1727
85,1726
-13,1724
59,1721
93,1720
79,1719
-84,1718
-66,1716
-75,1714
-91,1711
64,1709
-39,1708
73,1706
83,1705
96,1704
7,1703
10,1702
13,1698
11,1696
-47,1695
-65,1694
95,1693
-49,1692
-73,1691
-83,1690
4,1689
-21,1687
4,1686
28,1685
-56,1684
-40,1683
34,1682
58,1681
26,1679
-54,1678
-53,1677
-78,1676
-60,1675
-84,1674
71,1673
-96,1672
-99,1671
80,1670
83,1669
28,1668
55,1666
38,1665
-28,1664
35,1663
27,1662
-16,1661
41,1660
86,1658
-41,1657
-96,1655
3,1654
-79,1653
-26,1652
-54,1651
-27,1649
-90,1648
-64,1647
-95,1645
6,1644
13,1643
-65,1642
58,1641
-55,1640
-10,1637
-15,1636
-89,1635
-90,1634
-9,1633
14,1632
-98,1631
96,1630
68,1629
4,1628
-2,1627
-90,1623
92,1622
19,1621
-25,1619
24,1618
-75,1617
64,1616
-25,1615
-74,1613
52,1611
4,1609
-36,1608
56,1607
-26,1604
87,1603
80,1601
33,1600
-25,1599
-36,1597
-27,1596
-33,1595
48,1594
98,1593
-73,1592
-50,1591
-75,1589
53,1587
-36,1586
34,1585
22,1584
-93,1583
-3,1582
67,1581
54,1580
-82,1579
-66,1578
-53,1577
15,1576
32,1575
64,1574
-80,1573
2,1571
67,1570
-59,1569
-11,1568
7,1567
63,1566
-80,1565
1,1564
-41,1563
49,1562
-78,1561
29,1560
27,1559
-27,1558
-11,1556
-35,1555
38,1554
-54,1552
-28,1549
25,1548
80,1547
50,1546
-86,1545
3,1544
79,1543
19,1542
68,1541
5,1539
78,1538
-55,1537
48,1536
53,1535
-77,1534
73,1532
-80,1531
-82,1530
65,1529
51,1528
74,1527
21,1526
-61,1525
-16,1524
-59,1523
-19,1521
-99,1519
-27,1518
26,1517
-61,1516
-35,1514
100,1513
-43,1512
-75,1511
92,1510
-80,1509
-4,1507
-38,1506
58,1503
67,1502
9,1501
81,1498
-34,1497
6,1496
7,1495
-35,1494
89,1491
39,1490
-50,1488
85,1487
53,1486
-13,1485
9,1484
-61,1483
63,1482
69,1481
14,1479
100,1478
83,1477
-58,1474
-15,1473
94,1472
94,1470
8,1469
-88,1468
-94,1466
-1,1465
20,1464
47,1463
76,1462
-55,1461
67,1460
-28,1455
-97,1454
-5,1452
-17,1451
-48,1450
85,1449
1,1448
-7,1447
10,1445
75,1443
-96,1441
47,1439
-58,1438
-47,1437
43,1436
-9,1435
22,1434
-36,1433
70,1431
-6,1430
-76,1429
78,1428
16,1427
19,1426
-3,1425
-23,1424
-5,1423
52,1421
66,1420
26,1419
-40,1418
-41,1417
-81,1415
81,1414
-100,1413
-20,1411
-36,1409
68,1408
36,1406
-29,1405
40,1404
-98,1403
-47,1402
59,1399
64,1397
-12,1396
-44,1395
-74,1394
-18,1392
80,1389
79,1388
-30,1387
-36,1386
93,1385
-21,1384
-65,1383
83,1382
-96,1380
-47,1379
-35,1378
53,1377
-19,1376
96,1375
-35,1374
7,1373
88,1372
67,1371
73,1370
4,1368
28,1367
-59,1365
81,1364
39,1360
71,1359
-35,1358
16,1356
72,1354
-13,1353
-65,1352
-29,1351
-25,1349
-46,1348
43,1347
-13,1344
49,1343
70,1342
-1,1341
-63,1339
-25,1337
30,1336
98,1334
37,1333
-15,1332
-71,1330
29,1328
-42,1327
-22,1326
-69,1325
1,1323
17,1322
-95,1321
62,1319
85,1317
84,1316
76,1314
35,1313
-65,1311
86,1310
-69,1309
57,1308
56,1307
-61,1304
89,1302
64,1300
-7,1299
50,1298
-46,1297
45,1296
93,1295
-94,1294
-13,1293
-29,1290
46,1289
-3,1288
54,1287
-48,1286
-41,1285
-46,1284
-47,1282
-20,1281
-53,1280
58,1279
45,1278
-48,1277
72,1276
67,1275
100,1273
46,1272
93,1271
-35,1268
66,1267
-8,1266
63,1264
74,1263
-67,1262
-29,1261
-92,1260
57,1259
70,1256
48,1255
-1,1254
-28,1253
60,1252
37,1251
58,1250
66,1249
27,1248
70,1247
-86,1246
49,1245
9,1244
-5,1243
95,1242
-2,1241
-10,1239
20,1238
-29,1236
-60,1235
43,1233
43,1232
25,1231
-13,1230
76,1229
12,1228
94,1227
46,1226
-44,1225
4,1224
-53,1221
9,1220
-40,1219
-66,1218
8,1217
28,1216
59,1215
62,1211
69,1210
-98,1209
22,1208
-8,1207
19,1206
-100,1205
-69,1204
-87,1202
-43,1201
-53,1200
-72,1198
9,1196
21,1195
61,1193
89,1192
-80,1191
66,1190
69,1189
37,1188
-87,1184
-54,1182
-2,1181
-58,1180
30,1179
36,1178
-82,1177
-52,1175
-41,1174
88,1173
87,1171
76,1168
-84,1167
26,1166
-54,1165
-28,1163
16,1161
-62,1160
16,1158
5,1156
-72,1153
46,1151
3,1150
26,1149
-100,1148
50,1147
43,1146
84,1145
1,1143
-7,1142
79,1140
61,1139
-56,1137
0,1136
95,1135
-72,1134
-79,1133
-18,1131
-40,1130
16,1129
-61,1128
-12,1127
-70,1126
-49,1125
55,1123
-65,1119
-57,1117
40,1116
-2,1115
-77,1114
-99,1113
-56,1112
76,1111
-28,1110
-21,1109
22,1106
25,1105
51,1104
48,1103
74,1102
-28,1101
99,1100
-73,1099
-56,1098
30,1096
73,1095
31,1094
30,1092
-45,1089
38,1087
99,1085
-9,1084
-9,1083
-39,1081
-3,1080
41,1079
7,1078
9,1077
72,1074
-78,1073
58,1072
-22,1071
36,1070
-50,1069
-68,1068
-62,1067
61,1066
-43,1064
-12,1063
11,1060
73,1059
20,1058
31,1056
16,1055
-36,1053
-51,1052
42,1051
-90,1050
-57,1048
-54,1047
-29,1046
-68,1040
8,1039
45,1038
26,1037
-73,1035
49,1034
-11,1033
89,1032
51,1031
-18,1028
53,1027
7,1026
36,1025
39,1024
10,1023
62,1022
62,1019
91,1017
-78,1016
47,1015
89,1014
-12,1013
36,1011
-49,1008
52,1007
-13,1006
-20,1004
-90,1001
30,999
-72,998
-3,997
-75,996
25,995
31,994
-23,993
-7,992
-89,989
-73,987
33,986
72,984
65,982
-86,981
50,980
57,979
-17,977
-75,976
79,973
-3,972
34,970
36,969
21,967
-60,966
-65,964
-92,963
-10,962
-41,961
-19,959
-31,957
-61,955
-58,954
-15,952
-68,950
13,949
60,948
30,947
-56,946
82,945
12,943
13,942
85,941
12,937
-50,936
89,935
10,934
1,933
62,931
-81,930
-61,929
5,928
100,927
22,926
-63,925
-82,924
-96,923
-22,922
78,921
4,920
-81,918
57,917
-81,916
33,915
38,914
46,913
91,911
66,910
-96,908
-19,907
-61,906
-48,904
-31,903
28,902
-72,901
-36,900
45,898
-18,897
-17,896
-30,895
-20,894
4,893
38,892
78,890
-68,888
100,887
44,886
-32,885
-15,883
-34,882
97,881
8,880
-81,879
-1,876
-28,875
-1,874
-47,873
-35,872
-57,871
-45,870
-72,869
96,868
-46,867
-41,866
92,865
-50,864
4,863
-1,862
63,861
97,860
45,858
8,857
-35,856
-58,855
-67,853
37,852
-71,851
52,850
70,849
32,848
27,847
13,846
21,845
-41,844
-51,842
53,841
70,840
24,839
-13,837
80,836
39,835
5,832
-40,831
3,829
-62,828
94,827
59,826
56,824
55,823
20,822
-100,819
38,818
-63,811
-9,809
-66,808
94,807
-65,806
47,805
-93,803
6,802
-9,800
40,798
-55,796
18,795
-95,794
-79,793
-20,791
59,790
50,789
-44,787
-32,786
-75,785
-89,784
64,783
-43,782
-81,781
-21,780
-6,779
-69,778
-44,776
-7,775
84,773
44,772
34,771
-26,770
85,768
33,766
-72,765
-51,764
-81,763
32,762
28,760
-82,759
-63,757
-51,756
-22,755
-23,754
49,753
86,752
60,751
-57,750
67,747
-19,746
-18,745
87,743
-54,741
50,739
-10,738
17,737
62,736
-26,735
-75,732
2,731
55,730
26,728
5,727
57,726
49,723
-87,722
99,721
-74,720
10,719
43,717
-90,715
8,714
61,712
-4,711
-71,710
-18,708
-94,707
-43,706
65,705
-34,704
59,703
48,701
-74,700
-31,699
-67,697
-33,695
-72,693
-79,692
-97,691
8,690
-32,689
-84,688
59,687
-78,686
-12,685
16,683
84,681
57,680
53,679
-65,678
48,677
14,676
-11,675
6,674
88,673
48,672
58,671
89,670
-42,669
-29,667
-9,665
-99,664
31,663
63,662
24,660
-28,659
77,658
-58,656
-45,655
13,653
44,649
-64,647
-25,646
-24,645
0,644
78,641
21,640
4,639
-24,638
-71,637
57,636
53,635
-50,632
33,630
65,629
-3,628
11,627
-63,626
59,625
97,624
-47,622
95,620
52,619
55,618
-22,615
79,614
12,613
-5,612
-81,611
-1,610
-57,609
36,608
-96,607
-62,606
58,604
-64,603
21,602
18,601
-99,599
92,597
-12,596
25,595
4,594
-9,593
-91,591
57,590
-39,589
65,588
56,587
-69,586
-70,585
16,584
-62,583
-92,580
-84,579
66,578
-32,577
-92,576
42,575
-32,574
86,572
-33,571
54,570
73,569
-11,568
-35,567
-27,566
69,565
87,563
19,562
75,561
-70,560
92,559
31,556
55,555
83,554
-26,553
-77,552
-55,551
-95,550
31,549
72,546
-62,544
68,543
-47,542
34,541
-1,540
55,539
65,537
40,536
3,535
91,533
87,532
-13,531
-30,528
62,526
9,525
98,522
-10,521
33,520
-48,519
8,518
-2,517
79,515
82,514
-74,511
11,510
81,509
65,506
-26,505
-82,502
35,501
-67,500
28,499
53,498
61,497
-41,496
-32,495
89,494
-44,491
96,490
42,489
62,488
91,487
98,486
-71,484
54,483
-59,482
30,481
-28,480
77,479
3,477
-32,476
-13,475
75,474
-74,473
71,471
63,470
6,467
100,466
30,465
68,464
49,463
40,462
53,461
6,460
3,458
28,457
-1,454
-97,453
75,451
-36,450
55,449
-62,448
-31,447
14,446
29,445
13,444
-16,443
43,442
21,440
72,439
-4,438
32,437
69,436
-81,435
94,434
-57,433
-90,432
27,431
-72,430
-79,429
54,428
56,427
43,426
-14,423
-17,422
-29,420
71,419
-70,418
-59,416
67,414
63,413
66,412
-14,411
64,410
-72,409
-26,408
76,406
-34,405
98,404
-60,403
-59,402
56,401
7,399
-36,398
72,397
40,395
75,394
81,393
-65,391
4,390
-77,389
-4,388
84,387
-10,386
80,383
51,382
-35,381
-26,380
74,379
18,377
-40,376
99,374
-17,373
88,371
-56,370
-77,369
-77,368
-24,367
-97,365
-43,363
58,361
80,360
98,359
-1,358
45,356
39,355
-73,354
72,352
-24,350
-38,349
60,345
29,344
-36,343
-36,341
38,340
12,339
-42,338
-67,337
-77,336
-1,335
-51,334
93,333
80,332
57,331
-19,329
88,328
88,327
78,326
76,325
-36,324
-9,323
42,322
24,321
-41,319
34,318
-3,317
-9,316
56,312
74,310
-82,309
-46,308
-2,307
65,306
40,304
-41,302
-77,299
37,298
38,297
-90,296
46,294
-16,293
36,292
-53,291
-44,290
-39,289
-10,288
-38,287
68,286
-98,283
-41,281
-24,280
-52,278
9,277
94,276
-75,275
-34,274
7,273
-31,272
27,271
68,269
64,268
-77,267
-68,263
70,262
-68,261
37,260
-99,258
-36,257
3,256
-86,255
77,254
-55,252
-32,251
-1,250
1,249
-54,248
-59,245
30,244
23,243
33,242
-45,240
-90,239
66,238
-20,236
70,235
-83,234
85,233
54,232
19,230
45,229
15,227
48,225
25,224
-76,222
-42,220
-14,219
40,216
81,215
38,213
36,212
-7,211
95,210
-50,209
-96,208
41,207
-73,206
-87,205
79,204
-79,203
-81,202
36,201
51,200
37,198
76,197
49,196
-46,195
54,194
-12,190
87,189
30,188
58,187
5,186
-86,185
-17,183
-60,182
23,180
87,178
-72,175
-97,174
34,173
22,171
-24,170
71,169
-55,168
5,165
74,164
21,163
77,161
-98,160
5,159
41,158
89,157
-35,156
83,155
2,154
6,152
93,151
30,150
-100,149
99,148
57,147
58,146
-35,145
72,143
55,142
-48,141
-57,139
10,138
91,137
84,136
-61,135
47,134
16,133
-53,132
-5,131
-87,130
-34,129
-93,128
36,127
30,126
-75,125
-76,124
-85,123
-73,122
-47,121
-57,120
34,118
59,117
-62,116
-71,115
-23,114
62,113
32,112
97,111
-39,110
-72,109
62,108
-85,107
3,106
69,105
61,103
-86,102
-19,101
73,99
36,98
23,97
12,95
-61,94
93,92
54,91
20,90
-94,89
-79,88
-20,87
27,86
-17,85
99,83
-2,82
-36,80
-94,78
24,77
-26,76
23,75
-1,74
9,72
-65,71
-78,70
5,69
42,68
-2,67
-98,66
-4,65
-79,64
-47,63
58,61
-2,60
48,58
5,57
76,54
35,53
-82,52
-80,51
98,50
28,49
-94,47
98,46
64,45
-88,44
87,43
-6,42
-65,40
-84,39
-50,36
71,35
-86,34
-65,33
-48,32
-8,31
-57,30
-83,29
-46,28
-3,27
60,26
-90,25
-35,23
-26,22
27,21
30,20
74,19
52,18
85,16
-11,15
74,14
78,13
-82,12
-12,11
-32,10
-62,9
-66,8
96,7
-56,6
-65,5
29,4
-90,1
24,0
