-26,10000
-99,9999
96,9998
-57,9997
-52,9996
-85,9995
26,9994
-64,9993
59,9992
-1,9991
21,9990
39,9989
83,9988
62,9987
57,9986
46,9984
-33,9983
46,9981
66,9980
-51,9979
-50,9978
-6,9977
-31,9976
31,9974
61,9973
7,9972
84,9971
-88,9969
51,9967
58,9966
6,9964
-37,9962
-7,9961
59,9960
24,9959
55,9958
-6,9957
-94,9955
14,9953
-90,9952
80,9950
81,9947
22,9946
-24,9944
0,9943
-38,9942
-41,9941
-73,9940
52,9939
-1,9938
31,9937
-51,9936
64,9934
11,9933
-59,9932
75,9931
-21,9930
-73,9929
-30,9928
-40,9927
49,9925
-68,9924
65,9923
93,9921
31,9920
-4,9918
43,9917
11,9915
-22,9914
58,9913
-44,9912
92,9911
42,9910
5,9909
-99,9907
58,9906
85,9904
-50,9903
-41,9902
76,9901
92,9898
-25,9897
63,9896
-97,9894
-52,9893
64,9892
21,9891
-50,9890
24,9889
-1,9887
-42,9885
34,9884
-74,9880
92,9879
71,9878
14,9877
27,9876
-93,9875
94,9874
-77,9873
-63,9871
-44,9870
-37,9869
32,9867
-79,9866
-51,9865
90,9862
10,9860
78,9859
97,9858
47,9857
23,9855
49,9854
40,9853
94,9851
13,9850
-57,9849
87,9847
88,9845
61,9844
70,9843
-95,9842
15,9841
-66,9838
88,9837
72,9835
27,9834
-9,9833
73,9832
88,9831
67,9830
-35,9828
44,9827
-46,9826
-74,9825
0,9824
99,9823
86,9821
22,9820
-67,9817
0,9816
-50,9815
7,9814
70,9813
-4,9812
-66,9811
-83,9808
1,9806
33,9803
32,9802
-30,9801
12,9797
14,9796
13,9795
-97,9793
37,9792
-57,9790
-11,9789
25,9788
-31,9785
-8,9784
-77,9783
-76,9782
-99,9779
80,9775
97,9774
86,9773
-41,9772
84,9771
-9,9770
54,9769
63,9768
59,9767
-38,9765
61,9764
-20,9763
88,9762
-38,9761
12,9760
1,9759
-45,9758
-60,9756
-74,9755
29,9752
-4,9751
63,9750
-29,9749
-8,9748
91,9747
11,9746
-81,9745
-20,9744
71,9743
-23,9742
-1,9740
-54,9739
-28,9738
16,9737
33,9736
-9,9735
16,9734
6,9732
8,9731
75,9730
-8,9728
-65,9727
-31,9726
61,9724
-41,9722
77,9721
-91,9720
-72,9719
2,9718
-61,9717
-24,9716
-82,9714
21,9713
91,9712
41,9711
-33,9710
-55,9709
47,9708
61,9707
27,9706
77,9704
-53,9703
33,9700
-6,9699
-58,9698
23,9697
35,9696
95,9695
-48,9694
25,9691
49,9690
-83,9686
-8,9685
-79,9684
-30,9683
41,9682
-5,9681
94,9678
-63,9676
39,9675
38,9674
49,9673
-35,9672
-10,9671
31,9670
-100,9669
61,9666
-81,9665
-63,9664
41,9663
65,9662
36,9661
19,9660
-14,9659
45,9658
18,9657
-64,9654
27,9653
28,9651
-75,9650
77,9649
-71,9648
-17,9647
-31,9645
87,9644
14,9643
-50,9642
-55,9640
63,9638
96,9636
22,9635
53,9634
3,9632
-55,9631
-34,9629
-24,9628
1,9627
9,9626
6,9625
-74,9623
-72,9622
4,9621
17,9620
-49,9619
49,9617
-43,9616
-27,9615
96,9612
-31,9611
69,9610
63,9609
35,9608
59,9607
-96,9606
-65,9604
37,9603
-99,9602
70,9601
-69,9599
-91,9597
-100,9596
32,9595
-56,9594
-50,9593
32,9591
-28,9590
-59,9589
32,9587
-54,9586
-20,9585
57,9584
-40,9582
22,9580
48,9579
-78,9578
60,9577
22,9576
6,9575
2,9574
48,9573
-33,9571
78,9570
62,9569
77,9568
-73,9567
100,9565
88,9563
-27,9562
-76,9561
75,9560
34,9558
-2,9557
61,9556
-79,9553
-38,9552
22,9550
45,9548
1,9547
100,9546
-36,9545
-32,9543
41,9542
-62,9541
36,9539
78,9538
71,9537
-100,9536
36,9535
90,9534
90,9533
81,9532
41,9531
-76,9530
25,9528
92,9525
-92,9524
-78,9523
-4,9520
45,9518
81,9517
96,9515
20,9514
-18,9512
-12,9511
-100,9509
-89,9505
-18,9503
89,9502
-99,9501
-31,9500
-46,9499
27,9498
86,9497
84,9495
-33,9494
72,9493
67,9492
54,9490
93,9489
1,9488
-83,9487
-96,9486
61,9484
-95,9483
95,9482
-52,9481
75,9480
23,9479
43,9476
84,9475
-14,9473
40,9472
-43,9471
-13,9470
-72,9469
21,9468
-67,9467
-63,9466
59,9465
-59,9464
-44,9463
73,9462
-5,9461
72,9460
13,9459
86,9458
25,9456
-81,9455
34,9453
24,9451
8,9449
-27,9447
-39,9446
-12,9445
-30,9444
-32,9443
22,9442
37,9441
-63,9440
-3,9439
-4,9438
60,9437
-14,9436
68,9435
-14,9432
10,9431
47,9429
-55,9427
31,9426
-66,9425
-41,9424
-46,9421
-87,9420
10,9418
-73,9416
-91,9415
57,9414
-10,9413
27,9412
-78,9411
-92,9410
49,9409
32,9408
43,9407
-91,9406
69,9405
60,9403
42,9400
-25,9399
58,9398
13,9395
-98,9393
-39,9391
-69,9390
-18,9388
29,9387
65,9386
-35,9384
-87,9383
-47,9382
-63,9380
2,9379
-76,9378
47,9377
-57,9375
82,9373
-84,9371
86,9369
68,9368
-17,9366
50,9364
40,9363
53,9362
-64,9361
-37,9360
75,9359
69,9358
63,9357
52,9356
84,9354
-84,9353
-90,9352
-67,9351
39,9350
70,9349
-17,9348
-61,9346
66,9345
-74,9344
-90,9343
86,9342
-45,9340
62,9339
91,9338
91,9335
-45,9334
-11,9333
48,9331
40,9329
-88,9327
28,9326
-73,9325
91,9324
-35,9323
37,9322
-85,9320
57,9319
53,9318
6,9317
93,9316
-92,9315
-27,9314
-61,9311
70,9310
26,9309
6,9308
-61,9307
-2,9306
11,9305
36,9304
-94,9303
89,9302
-95,9301
-85,9300
12,9299
-85,9298
14,9296
9,9295
-43,9294
46,9293
-88,9291
67,9289
-84,9286
-3,9285
48,9284
14,9283
99,9282
-51,9281
81,9280
27,9279
35,9278
-16,9277
-94,9275
60,9273
79,9272
42,9270
33,9269
65,9268
-92,9267
98,9265
-7,9263
-55,9262
45,9261
100,9260
-18,9257
-87,9256
-94,9255
-87,9254
73,9252
12,9251
87,9249
-29,9248
48,9247
-75,9246
-67,9245
87,9244
34,9243
-91,9242
-38,9241
-54,9240
-72,9239
47,9238
-20,9237
-71,9236
-73,9235
-68,9232
70,9231
84,9230
-55,9229
84,9226
69,9225
67,9224
-54,9223
97,9222
-26,9221
17,9220
56,9217
-74,9216
-5,9215
72,9213
-92,9212
20,9211
39,9210
-9,9209
96,9208
76,9207
26,9206
-13,9204
68,9203
59,9202
-70,9201
90,9200
34,9199
27,9198
-75,9197
4,9195
45,9194
96,9192
49,9191
-55,9190
11,9186
-8,9185
67,9184
-47,9183
32,9182
52,9181
-46,9179
23,9178
-53,9177
-80,9174
-98,9173
-33,9172
-12,9171
90,9170
63,9169
-22,9167
-57,9166
46,9163
42,9162
6,9161
-76,9160
-84,9157
61,9154
61,9152
-94,9151
89,9150
-76,9149
-64,9148
-32,9147
85,9146
19,9145
-43,9144
72,9143
49,9142
9,9141
-34,9139
-68,9137
-89,9135
76,9134
14,9132
51,9131
-12,9130
-30,9129
58,9127
-64,9125
-9,9124
37,9123
60,9122
-16,9121
-83,9119
-56,9118
75,9117
92,9116
-40,9115
-16,9114
-54,9113
95,9112
-37,9111
-94,9110
42,9109
81,9108
19,9107
81,9105
-73,9104
79,9103
-78,9102
-72,9101
25,9100
53,9099
72,9098
-49,9097
-81,9096
-42,9094
-98,9093
-42,9092
2,9091
84,9090
16,9089
25,9088
11,9087
-41,9086
-44,9085
-45,9083
25,9082
-96,9081
72,9080
-60,9077
12,9076
-22,9075
83,9074
-6,9073
-19,9071
16,9070
-89,9068
-71,9066
-99,9065
97,9063
16,9061
63,9060
99,9059
30,9057
26,9056
23,9055
-98,9054
70,9053
-50,9052
-42,9051
68,9050
-48,9049
32,9048
36,9047
72,9046
-55,9045
68,9043
-68,9041
61,9040
-42,9039
-5,9038
-95,9037
40,9036
-95,9034
-58,9032
32,9030
-58,9029
36,9027
-30,9026
-27,9025
-74,9024
-18,9023
72,9022
9,9021
-84,9020
-59,9019
13,9018
24,9017
88,9016
3,9014
71,9013
-23,9011
-22,9009
63,9006
-35,9005
18,9004
-85,9003
70,9002
28,9001
-10,9000
-42,8999
97,8998
-93,8997
-79,8996
-91,8995
35,8993
-36,8992
88,8989
13,8987
-44,8986
-62,8984
15,8982
90,8981
-66,8980
74,8979
89,8978
18,8975
33,8974
-12,8973
-93,8972
-55,8971
69,8970
13,8968
79,8967
-47,8966
96,8965
30,8963
-7,8961
-81,8960
-82,8959
37,8957
-4,8955
81,8954
58,8953
-90,8952
50,8951
25,8950
10,8949
18,8948
-45,8947
-77,8946
-57,8945
67,8943
-46,8941
97,8939
55,8938
71,8935
-91,8934
98,8932
82,8931
-93,8929
-45,8928
21,8926
64,8925
-64,8923
-64,8921
3,8920
89,8919
74,8918
99,8916
-81,8915
100,8914
-28,8912
-96,8911
-52,8910
49,8909
13,8908
51,8907
16,8904
22,8903
-67,8902
98,8901
15,8900
34,8898
-68,8896
-7,8895
-62,8894
0,8893
49,8892
-52,8891
54,8889
32,8888
-11,8887
-47,8886
3,8884
36,8883
52,8882
-38,8880
73,8879
-5,8878
-29,8876
12,8875
-69,8874
77,8873
-69,8872
-91,8870
6,8869
-84,8868
-70,8867
-42,8866
93,8865
65,8864
-63,8863
36,8862
-24,8859
43,8858
55,8856
85,8854
48,8853
-65,8852
63,8851
20,8849
3,8847
-83,8845
-91,8844
-14,8843
-11,8842
-98,8841
-100,8840
-15,8839
82,8838
48,8837
63,8836
10,8834
-5,8833
-42,8832
50,8829
91,8827
-38,8826
18,8825
-11,8824
-13,8823
-69,8822
-37,8820
71,8819
-2,8817
22,8815
-61,8814
49,8813
-7,8811
-50,8809
2,8808
-58,8807
-99,8806
91,8805
47,8803
-58,8801
55,8800
-97,8799
-70,8797
86,8796
-25,8795
89,8792
27,8791
-38,8790
-60,8788
13,8787
27,8786
27,8785
64,8784
-27,8783
-21,8782
-55,8781
-27,8779
100,8778
53,8777
88,8776
-16,8775
43,8774
-86,8773
37,8772
47,8771
-10,8769
-88,8767
-85,8766
-87,8765
5,8764
-32,8763
89,8762
2,8761
-25,8760
-64,8758
35,8757
-98,8756
82,8754
-94,8753
-80,8751
-54,8750
-82,8746
-84,8745
-3,8744
74,8742
-54,8741
-27,8740
-86,8739
73,8738
-52,8737
69,8736
-4,8733
27,8732
92,8731
-73,8730
-97,8729
24,8728
11,8727
12,8726
-53,8723
-72,8722
-7,8721
17,8720
43,8719
-42,8718
26,8717
-100,8716
53,8715
61,8714
99,8713
-80,8711
42,8710
-31,8709
18,8708
42,8707
15,8704
40,8703
-50,8702
66,8701
-51,8700
-11,8697
62,8696
-98,8693
-34,8692
98,8690
13,8689
-65,8688
14,8687
100,8686
81,8685
47,8684
21,8683
43,8682
-18,8681
-4,8680
32,8679
-8,8678
86,8677
-22,8675
-53,8674
55,8673
96,8672
-66,8670
-22,8669
14,8668
-98,8667
84,8666
7,8664
-48,8662
-10,8660
8,8659
72,8657
-74,8656
67,8655
10,8654
46,8653
-43,8651
-51,8650
1,8648
3,8647
7,8646
99,8643
51,8642
-56,8640
-49,8639
92,8638
-93,8637
52,8635
-76,8634
-42,8632
93,8631
65,8630
94,8629
26,8628
-52,8627
-67,8626
-80,8625
-55,8624
-81,8622
92,8621
-45,8619
49,8618
43,8616
17,8615
-56,8614
7,8612
-98,8611
86,8610
-15,8609
0,8608
-30,8607
-74,8604
-8,8603
-91,8602
-6,8600
60,8598
-68,8597
15,8596
94,8595
34,8594
15,8593
-66,8592
0,8591
-42,8590
22,8589
49,8588
59,8587
6,8585
33,8584
24,8583
-74,8582
29,8581
-23,8579
78,8578
24,8577
-66,8576
-87,8575
-35,8574
97,8573
-72,8570
44,8568
39,8567
46,8565
15,8562
-45,8561
-97,8560
32,8559
11,8558
38,8557
97,8556
-38,8555
-64,8554
100,8553
-62,8552
96,8550
-76,8549
30,8548
-15,8547
-15,8544
-88,8543
10,8542
-72,8541
70,8540
-10,8539
-75,8537
-78,8536
51,8535
55,8534
65,8533
38,8532
-50,8531
49,8530
-97,8529
-54,8527
99,8526
38,8525
83,8524
85,8523
-78,8522
22,8520
-33,8519
95,8518
75,8517
-27,8516
69,8514
18,8513
93,8512
-25,8511
-80,8510
64,8509
-27,8507
-62,8506
-66,8505
-75,8504
96,8503
36,8502
-59,8500
-55,8499
-81,8498
-20,8496
-68,8494
-40,8493
-23,8492
76,8491
18,8490
13,8489
71,8488
63,8487
85,8486
79,8485
85,8484
-55,8483
-34,8482
5,8481
-7,8477
16,8476
55,8475
-38,8474
54,8473
-74,8471
-73,8469
-88,8468
96,8467
88,8466
15,8465
-27,8464
-30,8463
73,8462
-61,8461
-4,8460
-67,8459
66,8458
69,8456
5,8455
46,8454
89,8452
-87,8451
-79,8450
-100,8449
-13,8447
75,8446
-81,8445
24,8444
-36,8443
-56,8442
-66,8441
76,8440
-39,8439
26,8438
13,8436
-55,8435
27,8434
-53,8433
-17,8430
-7,8429
68,8428
-10,8426
-77,8425
29,8424
-75,8421
55,8420
-47,8419
-55,8418
1,8417
94,8416
-29,8415
36,8413
-92,8412
-47,8411
-28,8410
-19,8409
70,8408
98,8407
34,8406
24,8403
36,8402
62,8400
32,8399
37,8397
75,8396
5,8393
25,8392
20,8391
33,8390
-87,8389
-62,8388
-100,8387
89,8386
12,8385
-61,8384
-75,8383
83,8382
6,8380
67,8379
-19,8378
97,8377
65,8375
-87,8373
-81,8371
-70,8370
-58,8368
-33,8367
67,8365
-81,8364
-46,8363
-47,8362
47,8361
40,8358
96,8356
25,8355
-62,8354
-30,8353
-61,8352
56,8351
68,8350
76,8349
-58,8348
-38,8346
-31,8345
-21,8343
36,8342
-94,8341
83,8340
-11,8338
-64,8336
-70,8335
65,8334
78,8333
63,8331
-59,8330
-30,8329
-91,8328
18,8327
57,8326
6,8325
-81,8324
100,8322
-98,8321
-87,8320
-15,8319
-9,8318
-70,8316
-55,8314
5,8310
-98,8308
-92,8307
77,8306
-25,8305
81,8304
85,8303
30,8302
-12,8301
9,8300
95,8299
-99,8298
-18,8297
-16,8294
-40,8293
-11,8292
-96,8291
-46,8290
71,8289
50,8288
47,8287
18,8286
-38,8285
68,8284
-90,8282
66,8281
-52,8279
27,8276
16,8275
-64,8274
70,8273
63,8272
6,8271
-97,8270
-85,8269
-99,8266
0,8265
-13,8264
-80,8263
47,8262
-80,8261
4,8260
17,8259
5,8258
95,8257
57,8256
100,8255
5,8254
-41,8253
44,8252
35,8251
3,8250
-80,8249
93,8246
-65,8245
59,8244
64,8243
39,8242
63,8238
45,8236
-25,8235
18,8231
73,8230
67,8229
-30,8228
-43,8226
90,8225
-61,8223
40,8222
-19,8221
-68,8220
-35,8219
48,8218
60,8216
-23,8215
34,8214
-28,8213
11,8212
-97,8211
-95,8210
61,8209
6,8208
95,8206
-56,8204
-1,8201
82,8200
-53,8199
-57,8198
-63,8197
-36,8196
81,8195
-72,8193
34,8192
18,8191
-66,8190
47,8189
82,8187
-43,8186
-18,8184
-57,8183
-49,8182
-23,8181
4,8180
-45,8178
78,8177
91,8176
-6,8174
36,8173
84,8172
-78,8171
-22,8170
-96,8169
-16,8166
-77,8164
-62,8162
65,8161
37,8160
-68,8158
95,8157
10,8156
8,8153
32,8152
97,8151
-74,8148
9,8147
-8,8143
-56,8142
-81,8141
-69,8140
-52,8139
-51,8138
79,8133
37,8130
22,8129
-37,8128
-76,8127
31,8126
42,8125
35,8124
29,8123
53,8122
-11,8121
-72,8119
-22,8118
74,8117
100,8115
82,8113
37,8111
66,8110
5,8109
-72,8108
-1,8107
-59,8106
35,8105
-51,8104
29,8103
8,8100
-17,8099
42,8098
69,8097
-69,8096
68,8095
-32,8094
79,8093
73,8091
23,8090
87,8089
24,8088
-28,8087
-67,8086
61,8085
-53,8084
-88,8083
-42,8082
-34,8080
37,8079
84,8078
-66,8077
-14,8076
-47,8075
13,8074
36,8072
-68,8071
28,8070
-78,8067
-24,8066
88,8065
99,8061
27,8059
32,8058
59,8057
-37,8056
76,8055
73,8054
89,8052
25,8051
-18,8050
48,8049
-64,8047
96,8046
77,8045
57,8043
-28,8042
-11,8041
-8,8040
88,8039
-76,8038
-39,8037
13,8036
66,8035
-43,8034
58,8032
-51,8030
-8,8029
-85,8024
-75,8023
90,8021
88,8020
-71,8019
75,8018
-43,8017
92,8016
67,8014
50,8013
-81,8011
78,8010
97,8009
-97,8008
90,8006
1,8005
91,8004
71,8003
-27,8002
29,8000
-4,7998
-73,7997
79,7996
18,7995
15,7994
-21,7993
80,7992
65,7991
-36,7990
34,7989
74,7988
27,7987
52,7985
22,7984
61,7983
32,7982
69,7981
3,7979
34,7976
-62,7974
-95,7973
-73,7972
-32,7971
-34,7970
-10,7968
-91,7967
-37,7965
10,7964
20,7962
83,7961
-88,7960
89,7959
-44,7958
70,7957
-30,7956
-89,7955
-84,7954
60,7952
-100,7951
-89,7950
-92,7948
97,7947
50,7946
-44,7945
-73,7944
-25,7943
-1,7942
33,7941
-15,7940
-19,7939
78,7938
-77,7937
43,7936
-38,7934
1,7930
-48,7929
49,7928
51,7927
35,7925
32,7923
-4,7922
36,7921
30,7919
-72,7918
79,7916
-31,7915
-52,7914
-50,7913
35,7912
-16,7911
-64,7910
35,7909
68,7908
43,7907
45,7906
-55,7905
-65,7904
-28,7903
4,7902
-15,7900
85,7898
73,7897
55,7896
41,7894
99,7893
-70,7892
45,7890
41,7889
10,7888
38,7886
-31,7885
-41,7884
18,7883
13,7882
-47,7881
40,7880
-80,7879
-53,7878
31,7877
18,7876
-87,7875
-7,7874
-47,7873
72,7872
2,7871
42,7867
96,7866
-56,7865
16,7864
77,7863
-33,7861
87,7860
-60,7858
-42,7857
-63,7856
2,7852
-55,7851
-81,7850
20,7848
74,7847
-47,7845
3,7844
-59,7841
73,7840
57,7838
69,7837
-86,7835
17,7834
-29,7832
12,7831
29,7830
-53,7829
31,7828
64,7827
33,7826
81,7823
-50,7822
-51,7821
-16,7820
-7,7819
85,7818
-98,7817
58,7816
-47,7815
-73,7814
98,7813
78,7812
82,7811
-31,7810
-71,7809
57,7808
-17,7807
-32,7805
-50,7804
-5,7803
44,7802
-64,7801
75,7800
-52,7799
8,7798
-48,7797
41,7795
42,7794
27,7793
-28,7792
51,7791
-33,7790
44,7788
-48,7787
28,7786
-48,7785
17,7784
63,7783
-5,7781
-24,7779
45,7778
45,7777
-5,7776
-4,7775
43,7774
55,7773
-79,7772
14,7771
28,7770
41,7769
-50,7768
-92,7767
-36,7766
-54,7765
-3,7764
54,7763
-38,7760
-86,7759
95,7758
-91,7757
-29,7753
99,7752
-85,7751
33,7750
-100,7747
52,7746
36,7745
-82,7743
18,7742
-97,7741
37,7740
26,7738
-98,7737
-6,7736
70,7735
71,7734
2,7733
-86,7732
-23,7731
53,7730
-62,7729
-4,7727
-25,7723
-22,7722
-90,7718
-11,7717
10,7716
-40,7714
86,7713
-62,7712
86,7711
14,7710
-89,7709
29,7708
100,7706
-16,7705
49,7704
-68,7703
24,7702
59,7700
-47,7699
-46,7698
37,7696
-87,7695
-80,7693
15,7692
-29,7691
-18,7690
72,7689
-86,7688
-79,7687
58,7686
19,7684
-71,7683
-12,7682
79,7681
-18,7679
-88,7677
13,7675
18,7673
-65,7672
-83,7671
-34,7670
-17,7669
60,7666
-62,7665
39,7664
-12,7663
-40,7662
77,7660
-97,7659
76,7658
51,7657
-53,7656
15,7655
11,7653
-94,7650
15,7649
-32,7647
-73,7646
100,7645
-34,7644
-63,7643
100,7642
-16,7641
86,7640
4,7639
-32,7638
19,7636
95,7635
52,7634
25,7633
42,7632
99,7631
74,7630
-60,7629
-21,7628
-61,7625
98,7624
84,7623
-1,7622
16,7620
-84,7619
-31,7618
-15,7616
13,7615
100,7614
44,7613
86,7611
-46,7610
31,7609
0,7607
4,7606
-21,7605
-71,7604
88,7603
-93,7602
-38,7601
-95,7600
33,7599
50,7598
69,7597
-17,7596
9,7595
-89,7594
90,7593
-93,7591
-85,7590
-76,7589
-65,7588
-77,7587
48,7586
-100,7585
-12,7581
-94,7580
15,7579
-66,7578
-45,7577
-71,7575
60,7574
-86,7572
92,7571
73,7570
99,7569
23,7568
44,7567
48,7566
-43,7565
-15,7564
-57,7562
-70,7561
-63,7560
-13,7559
88,7558
6,7557
31,7556
65,7554
41,7551
-59,7550
-81,7549
-38,7548
-99,7547
5,7546
-17,7545
39,7544
69,7542
4,7541
32,7540
99,7539
-28,7538
77,7535
32,7534
-99,7533
10,7532
-19,7531
33,7530
-93,7529
86,7528
-80,7527
-61,7526
85,7525
-34,7524
-37,7523
-16,7522
-63,7519
90,7517
12,7516
42,7514
-15,7509
-43,7508
94,7507
-15,7506
-41,7505
12,7504
73,7502
36,7499
-59,7497
-73,7494
1,7493
0,7491
-19,7490
37,7489
2,7488
36,7487
-18,7486
74,7485
-41,7483
72,7482
46,7481
37,7480
37,7479
52,7478
80,7477
-92,7476
-41,7475
53,7474
-55,7473
-71,7471
-60,7470
18,7467
12,7466
0,7465
-46,7464
-72,7463
-56,7461
94,7459
-19,7458
37,7456
91,7455
-59,7454
25,7453
-31,7452
-49,7451
-30,7450
-30,7449
25,7448
67,7447
-58,7445
-98,7444
27,7443
-23,7442
-40,7440
58,7439
-84,7438
99,7437
-27,7433
0,7432
9,7431
13,7430
-83,7429
-20,7428
28,7427
14,7426
-4,7424
-6,7423
-18,7422
-28,7421
1,7420
-14,7416
-85,7415
23,7414
-3,7413
93,7412
-21,7411
57,7410
50,7409
-23,7408
-94,7407
-44,7406
-89,7405
22,7403
-37,7402
7,7401
88,7400
30,7399
-34,7395
36,7392
14,7391
58,7390
75,7389
-50,7388
46,7387
30,7385
6,7382
64,7381
-19,7380
-8,7379
40,7377
-46,7376
4,7375
89,7374
39,7373
70,7372
67,7371
-24,7370
5,7369
53,7368
71,7367
64,7366
61,7365
-12,7364
70,7362
89,7361
15,7359
92,7358
-71,7357
35,7356
-27,7352
-74,7351
-11,7349
96,7348
8,7347
-49,7346
-4,7345
93,7343
-60,7341
83,7340
28,7339
15,7338
82,7337
81,7336
65,7335
39,7334
-24,7333
50,7332
3,7331
94,7330
31,7329
3,7328
-16,7327
-61,7326
-29,7324
-22,7321
-72,7320
98,7315
-73,7314
-59,7310
-94,7308
51,7307
4,7306
-66,7302
-16,7301
80,7300
82,7299
7,7298
-87,7297
30,7296
-26,7295
65,7294
-95,7291
96,7290
-97,7289
20,7288
-14,7285
47,7284
-70,7282
40,7281
52,7280
40,7277
-49,7275
28,7274
21,7273
55,7272
-93,7271
31,7270
-83,7269
20,7268
31,7264
42,7263
18,7262
-11,7260
18,7259
-55,7258
-1,7257
-30,7256
68,7254
-33,7253
43,7252
-44,7250
-13,7249
76,7248
83,7247
12,7246
-99,7245
36,7244
-36,7243
-86,7242
83,7239
-57,7238
80,7235
-35,7234
-69,7233
-75,7232
84,7231
-21,7230
99,7229
-20,7227
-90,7225
-80,7224
-93,7223
72,7222
-79,7221
48,7220
6,7219
-78,7218
39,7217
-96,7215
-62,7214
-36,7213
-68,7210
51,7208
5,7207
100,7206
20,7205
86,7203
24,7202
96,7201
-89,7200
-38,7199
-86,7198
-8,7196
-37,7195
-18,7194
24,7193
-13,7192
-51,7191
63,7190
-74,7188
-30,7187
0,7185
68,7184
36,7183
-34,7182
-67,7181
31,7179
40,7178
-60,7177
2,7176
-14,7175
-91,7174
-51,7173
-8,7172
-98,7171
100,7170
87,7169
-73,7168
-17,7167
-19,7166
-2,7164
1,7163
-16,7161
93,7159
60,7158
-21,7157
83,7156
30,7154
-40,7153
59,7152
69,7149
16,7148
8,7147
26,7144
-80,7143
97,7142
-24,7141
51,7140
-19,7139
13,7138
-45,7137
-73,7136
95,7133
85,7128
-63,7127
-35,7126
-63,7125
97,7123
-60,7121
22,7120
3,7119
-70,7118
-26,7117
13,7116
-48,7115
-20,7114
99,7113
-66,7112
-46,7111
44,7110
64,7108
-55,7105
15,7103
-91,7102
74,7101
-60,7100
-36,7098
12,7097
61,7096
4,7095
9,7094
81,7092
-36,7090
-32,7089
-40,7087
-21,7086
-79,7085
79,7084
-83,7083
-74,7082
86,7081
32,7079
41,7078
27,7077
99,7075
82,7074
-32,7071
-23,7069
-55,7068
57,7067
25,7064
-18,7062
65,7061
20,7060
-43,7059
5,7058
-53,7056
64,7054
2,7053
-69,7052
10,7050
-76,7048
-26,7047
90,7046
-82,7045
-84,7044
-30,7043
-28,7042
-22,7040
32,7039
21,7038
-1,7036
98,7035
69,7033
-41,7031
-9,7030
52,7029
-96,7027
6,7025
38,7024
94,7022
-15,7021
100,7020
-37,7018
-56,7017
22,7015
-2,7014
-25,7013
83,7012
-36,7010
85,7009
46,7008
-2,7007
61,7006
-37,7005
100,7004
-8,7003
34,7002
89,7000
0,6998
-71,6997
-64,6996
82,6995
-90,6993
-77,6991
-41,6990
-35,6989
47,6988
-45,6987
-11,6986
-94,6985
43,6984
30,6983
-61,6981
47,6979
16,6978
-19,6977
-48,6976
-9,6975
62,6972
6,6971
79,6967
-85,6966
0,6965
-88,6964
-94,6962
-84,6961
35,6960
85,6958
3,6957
32,6956
49,6955
-55,6952
64,6951
60,6950
-17,6949
41,6948
-91,6947
94,6945
-49,6944
58,6943
-88,6942
23,6940
-15,6938
-15,6937
24,6935
37,6934
-99,6933
81,6932
-32,6931
-60,6929
-22,6928
-6,6924
-46,6922
-14,6920
95,6919
-15,6918
4,6917
-25,6916
33,6915
-92,6914
-47,6913
3,6911
58,6909
5,6908
-17,6905
-27,6903
-3,6902
-13,6901
34,6900
-76,6899
89,6898
47,6896
-22,6895
87,6892
49,6889
35,6887
-14,6886
-95,6884
-4,6883
87,6882
-16,6881
-46,6879
-3,6878
78,6877
-99,6876
-26,6875
-93,6873
-23,6872
72,6870
-53,6867
-23,6866
16,6863
68,6862
83,6861
28,6859
-39,6858
42,6857
21,6856
-18,6855
48,6854
-21,6853
-26,6852
-27,6851
-22,6850
56,6849
-93,6848
-73,6847
45,6845
26,6844
15,6842
-65,6840
-34,6839
90,6837
-44,6836
-9,6834
-95,6832
90,6831
83,6830
-39,6829
-23,6828
96,6827
61,6824
-43,6823
93,6820
-25,6819
33,6817
56,6816
90,6815
-59,6814
49,6813
-90,6811
33,6810
73,6808
-37,6807
66,6805
-41,6803
-23,6802
52,6799
36,6798
77,6797
48,6796
-92,6795
-42,6794
45,6792
50,6790
-41,6789
-47,6788
14,6787
3,6785
-24,6784
-81,6782
-31,6781
75,6779
84,6778
-100,6776
-44,6775
62,6774
-99,6773
7,6772
4,6771
100,6770
-87,6769
18,6768
85,6766
79,6765
57,6762
89,6761
-69,6760
-19,6759
-99,6758
-50,6757
-37,6756
53,6755
-26,6754
-66,6753
-22,6750
-28,6748
72,6747
7,6746
-90,6744
-96,6742
-93,6741
-90,6740
59,6739
-13,6738
-26,6737
-20,6736
-64,6734
33,6733
100,6732
13,6731
-32,6730
84,6729
10,6728
24,6727
-32,6726
3,6725
-80,6724
81,6723
-78,6722
-83,6721
-95,6720
-27,6719
-57,6718
26,6717
42,6716
97,6715
-24,6714
-98,6713
34,6712
-51,6711
17,6710
-73,6709
92,6707
0,6706
26,6703
0,6702
-1,6701
89,6699
53,6698
19,6697
-44,6696
61,6695
41,6693
-65,6692
87,6691
-7,6690
-64,6689
-51,6687
-52,6685
-85,6684
-84,6682
60,6678
47,6677
-95,6676
-73,6675
-18,6673
0,6672
-14,6670
-100,6669
5,6667
-27,6666
-40,6665
-79,6663
50,6662
-28,6660
0,6658
-82,6657
-72,6656
-94,6655
57,6654
32,6653
-71,6650
-28,6649
-78,6648
35,6646
73,6642
-64,6641
67,6640
-22,6639
-63,6638
-4,6637
4,6635
52,6634
48,6632
-72,6631
-45,6628
27,6627
-15,6626
-29,6625
-9,6624
-100,6623
-64,6622
-78,6621
89,6620
90,6619
63,6618
85,6617
-50,6616
-21,6615
-13,6612
-35,6609
-46,6608
-67,6607
-13,6605
-77,6603
-67,6602
-38,6599
-75,6597
92,6596
17,6595
-86,6593
-3,6592
22,6591
19,6590
-93,6589
75,6587
78,6586
-56,6585
27,6584
-42,6583
-78,6582
4,6580
82,6578
-83,6577
-14,6576
-35,6575
82,6574
-73,6573
-7,6572
73,6571
40,6568
-48,6567
75,6566
51,6565
-85,6564
-51,6563
28,6562
-22,6560
65,6559
-55,6558
15,6557
-43,6556
85,6555
4,6554
-51,6551
18,6550
-11,6549
30,6548
-78,6547
72,6546
-73,6545
-37,6543
-100,6542
-22,6541
2,6540
57,6539
85,6537
8,6536
73,6534
43,6532
-54,6530
58,6529
42,6526
22,6525
74,6523
-80,6522
15,6520
-3,6519
-55,6518
-20,6517
14,6515
-4,6513
69,6511
25,6510
80,6509
97,6508
-60,6507
-74,6506
70,6505
100,6504
24,6503
0,6502
18,6500
100,6499
0,6498
-61,6497
-85,6496
-18,6495
88,6494
25,6493
-39,6492
72,6491
-49,6488
8,6487
-44,6486
-42,6485
-33,6484
-79,6480
-98,6478
25,6477
-39,6476
-17,6475
3,6474
-25,6471
66,6470
-52,6469
28,6468
-78,6467
-86,6466
-58,6465
98,6463
-21,6462
67,6461
-96,6460
76,6459
-64,6458
-3,6457
-67,6454
74,6453
-91,6452
94,6451
56,6450
-17,6449
12,6447
30,6446
16,6445
15,6444
14,6443
-84,6441
63,6440
-41,6439
-38,6438
67,6437
49,6436
89,6435
26,6434
-41,6433
58,6432
-20,6431
28,6429
1,6428
-98,6427
79,6426
-90,6424
75,6422
-15,6421
77,6419
52,6418
-21,6417
74,6416
-96,6415
-92,6414
85,6412
-52,6411
-5,6410
5,6409
73,6407
-23,6401
-71,6400
31,6399
69,6398
97,6397
76,6396
-57,6395
-15,6394
-82,6393
-14,6392
-38,6391
88,6390
26,6387
73,6385
36,6384
91,6383
100,6382
-18,6381
28,6380
-16,6379
11,6378
-1,6377
-9,6374
-59,6372
-68,6371
21,6370
-50,6369
-85,6368
89,6367
-49,6366
86,6364
57,6362
-59,6359
36,6358
-65,6357
99,6355
-14,6354
-95,6353
-49,6352
-38,6351
-2,6350
37,6349
-74,6347
-51,6346
-59,6345
-54,6344
-21,6343
-97,6342
32,6341
38,6340
-50,6339
-30,6338
60,6337
57,6336
-48,6335
79,6333
-48,6332
-13,6331
67,6328
-62,6327
-80,6326
67,6325
-44,6323
25,6318
-18,6315
-36,6314
52,6313
-39,6312
90,6311
-50,6310
-84,6309
3,6308
-92,6307
90,6306
-15,6305
-36,6303
-67,6301
-88,6300
-91,6299
-85,6298
21,6297
-11,6296
80,6294
38,6293
-44,6291
65,6290
-72,6289
63,6288
-2,6286
-74,6285
-25,6284
97,6283
31,6282
-23,6281
-74,6280
-88,6278
-66,6277
19,6272
28,6270
36,6269
-10,6268
-66,6267
-69,6265
41,6264
46,6263
66,6261
-86,6260
32,6258
-23,6257
55,6256
-66,6255
-83,6254
-23,6252
3,6251
79,6249
-8,6248
36,6247
-7,6246
36,6245
-85,6243
-82,6242
70,6241
-60,6240
-78,6239
-6,6238
20,6235
-50,6234
-62,6233
-49,6232
-98,6231
36,6230
48,6228
90,6227
-69,6224
-19,6222
-9,6221
3,6219
12,6217
68,6216
-61,6215
46,6214
35,6213
-18,6212
72,6208
15,6206
-10,6205
27,6204
-70,6203
37,6199
5,6198
-43,6197
92,6196
-56,6195
-32,6193
-12,6192
-13,6191
-4,6190
34,6189
16,6188
98,6187
-75,6186
15,6185
-13,6184
-71,6182
-45,6181
-63,6180
91,6179
0,6177
15,6176
-2,6174
31,6173
45,6172
-53,6171
-3,6168
87,6167
19,6166
-62,6164
61,6163
-73,6160
50,6159
45,6158
-76,6157
-63,6155
48,6154
-93,6152
37,6151
54,6150
51,6149
78,6147
47,6146
-22,6145
-82,6144
69,6143
87,6140
-91,6139
-24,6138
-98,6137
-53,6136
12,6135
-14,6134
-35,6133
-64,6132
50,6131
6,6129
97,6127
15,6126
-73,6125
90,6124
55,6123
-72,6122
-46,6121
14,6120
68,6118
66,6117
20,6115
-78,6113
-96,6112
54,6111
-60,6110
8,6109
71,6108
-69,6107
-44,6105
-22,6104
22,6103
37,6102
14,6101
95,6100
-38,6099
44,6095
-89,6094
75,6093
-23,6091
-8,6089
68,6088
-26,6086
-37,6084
-32,6083
98,6081
58,6079
94,6076
2,6074
20,6072
58,6071
-48,6068
-54,6067
-53,6066
-19,6065
-18,6064
-80,6063
-76,6061
-6,6060
-80,6059
23,6058
-77,6057
-25,6055
-62,6051
-54,6050
95,6049
-74,6048
19,6047
12,6046
49,6045
9,6044
65,6043
12,6041
-60,6040
97,6039
-32,6038
-9,6036
-78,6035
2,6034
-18,6032
26,6031
-77,6029
-90,6028
-44,6027
88,6026
-9,6025
-51,6024
-40,6023
58,6022
-66,6021
-39,6020
62,6019
-39,6017
49,6016
2,6014
-47,6013
-57,6011
-72,6010
-29,6006
-89,6005
78,6004
-18,6003
67,6002
68,6001
9,6000
29,5999
-63,5997
61,5995
-6,5994
68,5993
-31,5992
-22,5990
-98,5989
98,5988
45,5987
-62,5986
23,5985
-49,5984
41,5981
57,5979
80,5978
-53,5976
14,5975
-20,5974
40,5973
78,5971
15,5970
-85,5969
74,5968
-99,5966
82,5965
64,5964
-21,5963
-28,5962
-24,5961
-45,5958
6,5957
-29,5956
-5,5955
-67,5954
37,5953
8,5952
61,5951
-92,5950
99,5948
-63,5945
-42,5944
69,5943
-42,5942
53,5941
-52,5940
10,5938
86,5937
-89,5936
63,5935
-25,5934
-80,5932
-87,5930
47,5928
42,5927
66,5926
-7,5925
53,5923
-50,5922
-34,5920
48,5918
-97,5917
41,5916
18,5913
93,5912
17,5911
49,5907
-34,5906
-12,5905
-11,5904
-45,5902
-8,5900
37,5898
-62,5897
-29,5896
-61,5895
-30,5894
78,5893
-26,5892
31,5891
-6,5890
100,5889
73,5886
77,5885
-87,5884
-80,5883
75,5881
95,5880
-40,5875
-9,5874
72,5873
97,5872
93,5871
76,5870
-93,5869
-24,5868
-15,5866
72,5865
-100,5864
-19,5863
-95,5862
75,5861
-57,5860
95,5857
66,5856
52,5855
70,5854
-16,5853
96,5851
-81,5850
15,5849
98,5848
49,5847
83,5846
14,5845
53,5842
36,5839
-15,5838
-95,5837
76,5836
-22,5835
-93,5834
-7,5833
-87,5832
-53,5831
23,5830
22,5829
31,5828
45,5827
22,5825
-7,5824
-71,5822
87,5820
-9,5819
-65,5818
82,5817
-23,5815
2,5814
86,5813
31,5812
-66,5811
8,5810
-29,5808
-30,5807
19,5806
98,5803
-85,5802
35,5801
-71,5800
-97,5799
-26,5796
-73,5795
57,5793
87,5792
-6,5791
33,5790
-73,5789
75,5788
35,5787
-7,5786
64,5785
81,5784
-53,5781
74,5780
76,5779
39,5778
-72,5777
68,5776
12,5775
38,5771
78,5770
-61,5769
-13,5767
-34,5766
12,5765
76,5764
-52,5762
80,5761
47,5758
24,5756
-67,5755
-12,5754
58,5753
14,5752
82,5751
3,5750
64,5749
-90,5747
54,5746
68,5745
-17,5744
31,5742
-62,5740
63,5739
-88,5736
-58,5735
72,5734
42,5732
-100,5731
88,5729
-19,5728
92,5726
-44,5723
-73,5722
-95,5721
87,5720
-9,5719
-83,5718
-19,5717
-21,5716
-87,5715
7,5714
-54,5713
-8,5712
93,5710
-96,5709
88,5708
29,5707
-84,5706
-92,5705
34,5703
-50,5702
-14,5701
43,5700
83,5698
96,5697
-70,5696
-44,5695
-34,5694
84,5693
-9,5692
1,5691
41,5690
-76,5688
93,5687
-13,5686
47,5685
-89,5684
74,5682
57,5680
-80,5677
49,5676
-65,5675
11,5674
-2,5673
-44,5672
57,5671
-6,5670
-40,5667
-59,5666
21,5665
77,5664
-90,5663
30,5661
-87,5660
-85,5659
45,5658
-56,5657
19,5656
38,5653
-15,5652
-63,5651
-75,5649
-35,5648
70,5647
-79,5643
75,5642
-4,5640
79,5639
68,5638
-29,5637
-91,5635
-60,5634
54,5633
27,5632
-89,5631
92,5628
0,5627
0,5626
33,5625
-83,5624
-27,5623
22,5622
-100,5621
53,5620
12,5619
29,5617
8,5616
27,5615
-71,5614
63,5612
8,5611
-41,5610
-51,5609
1,5608
4,5607
57,5606
62,5604
-10,5603
-71,5602
-88,5601
-12,5600
53,5599
-76,5597
-45,5596
76,5594
-65,5591
66,5590
-63,5589
95,5587
75,5586
-32,5585
-57,5584
-58,5583
-16,5582
3,5580
-31,5579
-10,5578
22,5575
22,5574
18,5573
-77,5572
-80,5571
-35,5570
65,5567
57,5566
-1,5564
91,5563
16,5560
-17,5559
-45,5558
92,5557
67,5556
-32,5554
-84,5553
-64,5551
55,5549
38,5548
69,5547
0,5545
-29,5544
18,5543
5,5542
47,5541
-82,5539
2,5537
-79,5534
79,5531
72,5530
-91,5529
-57,5528
-47,5526
96,5525
6,5524
14,5523
-76,5521
97,5519
-92,5518
66,5517
-72,5516
100,5515
-8,5514
-77,5513
56,5512
-31,5511
21,5510
8,5508
43,5507
50,5504
7,5503
0,5502
100,5501
-98,5499
-44,5498
11,5497
44,5496
60,5494
-42,5493
-36,5492
-8,5491
-99,5490
-89,5489
-84,5488
59,5487
51,5486
45,5484
-72,5482
-24,5481
16,5480
-5,5479
42,5477
-44,5476
42,5474
66,5473
24,5472
-75,5471
-69,5469
66,5467
83,5466
8,5465
-20,5464
51,5463
-12,5462
100,5461
10,5460
10,5459
93,5457
10,5454
45,5453
95,5452
-30,5451
98,5450
51,5449
95,5448
87,5447
-55,5446
3,5445
-74,5444
-73,5442
-7,5441
43,5440
-54,5439
30,5437
-4,5434
-79,5433
86,5430
-95,5428
73,5427
32,5426
-89,5425
-90,5424
87,5423
-20,5422
-97,5420
34,5419
-91,5417
100,5416
-21,5415
94,5414
-61,5412
97,5411
-7,5410
98,5409
-23,5408
85,5407
97,5406
-12,5404
17,5403
-69,5401
-51,5400
-76,5398
10,5397
-75,5396
43,5394
17,5393
61,5392
89,5391
38,5390
0,5389
16,5388
29,5387
-75,5386
76,5385
-98,5384
46,5382
-99,5381
94,5380
63,5379
-81,5377
29,5375
69,5373
-82,5370
59,5369
-78,5368
11,5367
-51,5366
95,5365
-8,5364
-19,5363
-76,5361
-91,5360
92,5359
-10,5358
-8,5356
41,5355
-81,5354
66,5353
75,5352
37,5351
-89,5350
92,5349
7,5348
58,5347
45,5346
98,5345
49,5342
-21,5341
65,5340
93,5339
12,5338
-35,5337
-27,5336
-2,5335
-27,5332
-53,5331
39,5330
-21,5329
45,5327
69,5326
-71,5325
-72,5324
-97,5323
75,5321
-60,5319
34,5317
18,5315
-89,5314
53,5313
-26,5312
-85,5311
29,5310
-17,5308
67,5307
-1,5306
41,5305
-96,5304
-81,5303
-56,5302
12,5301
-92,5300
53,5299
78,5297
100,5296
-41,5295
78,5294
-46,5293
-85,5292
-64,5291
-41,5290
0,5289
20,5288
36,5287
-5,5286
92,5285
28,5284
3,5283
-30,5282
70,5281
38,5280
-60,5279
-97,5278
-11,5277
79,5275
-17,5274
-44,5273
11,5272
-45,5271
98,5268
-97,5266
76,5265
13,5262
-73,5260
-72,5259
-4,5258
-85,5257
39,5256
-11,5255
-62,5254
-18,5253
-91,5252
-95,5251
-85,5250
40,5249
-63,5248
85,5247
-68,5245
73,5244
74,5242
-68,5241
-14,5240
-2,5236
-11,5235
76,5234
-72,5233
83,5231
73,5230
-11,5229
85,5227
-72,5224
-44,5223
-47,5222
53,5221
-89,5220
-71,5219
89,5218
31,5216
-16,5215
-44,5213
-82,5212
37,5210
-36,5209
-42,5207
-83,5205
25,5204
-48,5203
-35,5202
-98,5201
0,5200
63,5198
56,5197
-5,5196
41,5194
-100,5193
53,5191
-88,5189
-29,5188
-81,5187
20,5186
28,5185
16,5184
19,5183
41,5182
-82,5181
71,5180
-12,5179
-81,5178
52,5177
-83,5176
79,5175
-99,5173
-79,5171
95,5169
-69,5166
81,5165
-92,5164
39,5160
-17,5159
-45,5158
0,5157
64,5156
-88,5155
42,5154
51,5152
-83,5151
-78,5149
61,5148
-56,5147
63,5146
-5,5145
81,5141
-22,5139
-56,5138
-87,5137
81,5136
8,5135
-65,5134
15,5133
24,5132
5,5131
-12,5130
99,5129
-81,5127
4,5126
-86,5123
71,5122
14,5121
50,5120
-23,5119
47,5118
-37,5117
-97,5116
-4,5115
3,5114
-64,5111
-91,5109
-7,5108
92,5106
15,5105
-83,5104
-56,5103
34,5102
1,5101
-34,5100
-73,5099
43,5098
-23,5097
-18,5096
-88,5095
-8,5093
95,5092
-96,5091
-12,5090
47,5089
20,5088
-76,5087
53,5085
55,5084
92,5083
17,5082
6,5081
27,5080
100,5077
26,5075
-62,5074
22,5073
-92,5072
-56,5071
23,5070
-40,5069
-31,5066
70,5065
24,5063
41,5060
7,5057
72,5056
-57,5055
-78,5054
98,5053
97,5051
-73,5050
74,5049
-29,5048
72,5047
88,5046
54,5045
-61,5044
-51,5042
-81,5039
-5,5038
18,5037
-36,5036
-46,5034
-14,5033
22,5032
-34,5031
64,5030
-84,5029
75,5027
64,5026
55,5025
-43,5023
89,5022
-67,5020
59,5017
-84,5015
-27,5014
-67,5013
-23,5012
47,5010
-20,5009
5,5008
50,5006
-77,5005
-64,5004
-73,5003
-1,5002
16,5001
-49,5000
-27,4999
-18,4998
-40,4997
68,4996
-45,4995
43,4994
-48,4993
72,4992
-43,4991
27,4990
47,4989
64,4988
91,4987
54,4986
62,4985
44,4984
-77,4983
4,4982
-95,4981
-19,4978
52,4977
12,4975
-90,4973
-4,4970
60,4969
-91,4968
49,4966
45,4965
-85,4964
-56,4963
-13,4961
-44,4960
-5,4957
86,4955
53,4954
12,4950
-51,4949
18,4948
-69,4944
77,4943
66,4942
17,4940
-85,4939
-90,4938
16,4936
-77,4935
-58,4933
97,4932
95,4931
83,4930
-1,4929
48,4927
-85,4926
-45,4924
-93,4921
-54,4920
-94,4919
53,4918
-18,4916
63,4915
-83,4914
96,4912
57,4910
19,4909
8,4908
-72,4907
-83,4905
32,4904
-75,4902
14,4901
-24,4899
-42,4898
62,4896
60,4895
-88,4894
30,4893
91,4891
-56,4890
80,4889
0,4888
-92,4887
65,4886
-61,4885
-85,4884
-50,4883
-95,4882
100,4880
-92,4878
67,4877
-19,4876
38,4874
14,4873
28,4872
71,4871
100,4870
-64,4869
-74,4868
-53,4867
43,4864
63,4863
9,4862
96,4861
13,4860
-48,4859
-57,4857
-66,4856
6,4855
-73,4854
-70,4853
66,4852
19,4851
-65,4850
-85,4849
55,4848
8,4846
-90,4845
-51,4842
-2,4841
-10,4840
45,4839
-31,4838
64,4837
-42,4836
72,4835
40,4833
70,4831
53,4829
-49,4828
62,4827
-22,4826
50,4824
-47,4823
57,4822
82,4821
91,4820
-43,4819
29,4818
0,4817
-10,4816
-14,4815
37,4814
-13,4812
96,4809
-14,4806
6,4805
-7,4804
4,4803
90,4801
37,4800
-22,4798
11,4797
93,4796
-66,4795
-3,4794
65,4793
-59,4789
65,4788
-44,4787
40,4786
24,4785
-69,4784
-20,4783
73,4780
-62,4779
80,4778
-41,4777
31,4775
-56,4774
42,4773
-1,4772
51,4770
-80,4767
-47,4766
-68,4765
23,4764
-69,4760
25,4759
81,4757
43,4756
45,4755
-98,4754
-99,4753
-63,4749
-13,4748
-38,4747
12,4746
81,4745
51,4743
66,4742
-4,4741
40,4740
-77,4739
-69,4737
12,4736
63,4735
-17,4734
-52,4733
4,4732
37,4731
97,4730
28,4729
-42,4727
-12,4726
75,4725
-17,4723
-72,4719
-96,4718
-92,4716
25,4715
-49,4714
-46,4712
-26,4711
97,4707
34,4706
37,4704
-9,4702
67,4700
-96,4699
18,4697
3,4696
-96,4695
-15,4694
25,4693
-33,4692
-92,4691
-56,4690
-57,4688
-74,4687
69,4686
1,4685
-36,4684
-56,4680
13,4679
-16,4678
-100,4677
98,4676
-8,4675
49,4674
-42,4673
43,4672
-29,4670
24,4668
22,4667
52,4666
-58,4665
89,4664
-8,4661
-7,4660
-85,4659
69,4658
-61,4657
7,4654
-82,4652
-19,4651
-63,4650
85,4649
-46,4647
-35,4645
65,4644
-21,4642
-28,4641
99,4640
27,4639
-100,4638
61,4636
41,4635
36,4634
-47,4633
-78,4632
83,4631
-37,4626
9,4625
46,4622
75,4621
94,4619
-24,4618
15,4617
87,4615
-58,4614
-59,4613
96,4612
-75,4610
-42,4609
-7,4608
-5,4607
70,4605
100,4604
24,4603
97,4601
-41,4599
60,4598
-35,4596
-19,4595
78,4594
5,4593
-17,4592
66,4591
-97,4590
51,4589
86,4588
-95,4586
-88,4585
-8,4584
-31,4581
94,4580
-34,4577
65,4576
-36,4575
-83,4574
48,4573
20,4572
-45,4571
-59,4570
52,4568
54,4567
-87,4566
-97,4565
-84,4564
70,4562
89,4561
-94,4560
-73,4559
-80,4558
-71,4557
6,4556
-13,4555
-63,4554
-5,4553
-17,4552
-55,4551
66,4549
-14,4546
70,4545
-22,4541
70,4540
-91,4538
90,4537
-6,4535
-32,4532
-96,4531
-66,4530
-90,4529
46,4527
-62,4526
66,4524
88,4522
6,4521
62,4520
29,4519
-75,4518
51,4517
-49,4516
-13,4515
-18,4514
90,4513
86,4511
-92,4510
39,4508
29,4507
61,4506
25,4505
-100,4504
51,4503
-10,4502
-80,4501
-48,4500
-49,4499
61,4498
6,4497
50,4496
99,4495
100,4494
71,4493
5,4492
-83,4491
-90,4490
12,4488
55,4487
20,4486
98,4485
29,4484
1,4483
-33,4482
73,4481
72,4479
-48,4478
-8,4477
94,4476
88,4475
-48,4474
97,4473
-28,4472
75,4469
58,4467
5,4466
55,4465
-47,4463
76,4462
-2,4461
-34,4460
76,4459
39,4458
-35,4456
-97,4453
-20,4452
-83,4451
14,4450
98,4449
30,4448
75,4447
7,4446
-51,4444
-55,4443
-88,4442
-99,4441
26,4440
-79,4439
-98,4438
25,4436
-89,4435
-35,4434
83,4433
7,4432
46,4431
21,4430
52,4428
30,4427
-76,4426
-9,4424
78,4423
-52,4422
-65,4421
29,4420
20,4419
-85,4417
41,4416
-92,4415
-87,4413
49,4412
-86,4411
-83,4409
-88,4408
82,4407
23,4406
-37,4405
-71,4404
51,4403
13,4402
-73,4400
-37,4399
72,4395
-22,4394
97,4393
81,4391
90,4390
-50,4389
-69,4387
-47,4384
-99,4382
59,4381
87,4378
34,4376
93,4375
30,4374
38,4373
25,4371
-3,4370
54,4369
-48,4368
24,4366
-41,4365
36,4364
66,4363
60,4361
-77,4360
52,4359
24,4358
-12,4357
-91,4355
-49,4354
39,4352
29,4351
-89,4350
-76,4348
62,4347
-41,4346
-26,4345
-60,4344
94,4343
-8,4342
24,4341
-61,4340
28,4338
-74,4337
9,4336
55,4334
78,4333
-66,4332
-19,4331
-29,4330
-44,4326
-30,4324
86,4323
38,4322
-57,4321
-100,4320
91,4319
-64,4318
90,4317
-68,4315
53,4314
-75,4312
-70,4311
75,4310
-96,4309
35,4308
-53,4307
-2,4306
-10,4304
59,4303
-43,4302
70,4299
69,4298
37,4296
-97,4295
24,4294
95,4293
-26,4290
-47,4288
24,4287
51,4286
-18,4285
-82,4284
-65,4283
5,4281
-84,4280
-2,4278
87,4276
-83,4274
-36,4273
23,4272
-48,4271
94,4269
-5,4268
77,4265
-2,4264
-89,4263
-48,4262
-69,4261
-58,4260
-22,4259
-43,4258
-91,4257
86,4256
72,4255
-16,4254
-15,4253
24,4252
-33,4251
78,4250
-74,4249
9,4248
50,4247
-57,4246
88,4245
15,4243
66,4242
2,4240
-59,4239
-59,4238
-19,4237
38,4235
-35,4234
1,4232
55,4231
91,4229
20,4228
37,4227
92,4226
-11,4225
-19,4224
-36,4223
-20,4221
-13,4220
37,4219
-19,4218
3,4217
78,4215
21,4212
13,4207
-60,4206
-65,4205
-11,4203
82,4202
24,4201
60,4197
49,4196
-71,4195
12,4194
-37,4192
-10,4189
-2,4188
44,4187
74,4184
-18,4183
21,4182
-34,4180
-27,4179
-16,4177
-41,4175
71,4174
81,4173
-72,4172
36,4171
-87,4169
-25,4165
35,4164
4,4163
-33,4162
27,4161
-23,4160
-33,4159
56,4158
-62,4156
-79,4155
-19,4154
-95,4153
55,4152
77,4150
2,4149
-65,4147
-89,4146
32,4144
-23,4143
-58,4142
97,4141
-30,4140
-68,4139
-47,4138
-92,4137
7,4136
81,4135
-18,4134
-98,4133
-38,4132
-69,4129
5,4125
71,4124
5,4123
53,4122
71,4121
-72,4117
-95,4115
21,4114
65,4111
46,4109
11,4106
-78,4105
68,4104
55,4102
-13,4101
-39,4099
15,4098
-52,4097
-70,4096
-92,4095
-1,4094
28,4092
59,4091
-45,4090
95,4089
77,4088
10,4087
99,4086
12,4085
39,4084
-42,4083
-25,4082
-2,4081
93,4080
9,4078
-88,4077
51,4076
40,4074
-75,4073
71,4072
17,4071
90,4069
-40,4068
-79,4067
83,4066
45,4065
-79,4064
50,4063
-82,4062
91,4060
-33,4059
93,4058
-6,4057
-99,4056
-78,4055
-8,4054
51,4053
45,4052
-63,4049
-11,4048
2,4047
53,4046
45,4045
36,4044
17,4042
21,4040
17,4039
76,4038
75,4037
-80,4035
71,4034
-20,4032
72,4031
-47,4030
-79,4028
90,4027
-58,4026
-89,4025
-99,4024
35,4023
2,4021
-57,4020
-87,4018
30,4017
-79,4016
-96,4015
-55,4014
19,4013
99,4012
-59,4010
-64,4009
26,4008
-95,4005
90,4003
-48,4002
-15,4001
94,4000
-77,3999
-75,3998
54,3997
-41,3996
-81,3995
-92,3994
-21,3992
-53,3991
-98,3989
-35,3988
-89,3987
-38,3986
73,3985
60,3984
62,3983
-35,3982
-62,3981
86,3980
-76,3977
-61,3976
-15,3975
33,3974
-51,3973
-99,3972
-1,3971
-59,3970
-71,3968
-46,3966
-13,3965
-72,3964
-45,3963
-8,3960
83,3958
61,3953
-62,3952
-66,3949
-78,3948
32,3947
97,3945
48,3944
-16,3941
37,3940
-63,3939
-23,3938
-9,3936
-9,3934
-30,3933
78,3932
69,3928
22,3927
-45,3925
47,3923
57,3922
79,3921
49,3920
-42,3919
-82,3918
36,3916
63,3915
-60,3914
-40,3913
5,3912
69,3911
-70,3910
-28,3908
-83,3907
-42,3905
58,3903
-26,3902
67,3901
6,3900
93,3899
-24,3898
-41,3897
-8,3896
56,3895
-7,3893
-80,3892
72,3890
51,3889
-50,3887
-69,3886
-45,3883
17,3882
-1,3881
-36,3880
32,3876
72,3875
59,3874
-36,3872
-13,3871
52,3870
-7,3869
-46,3867
-22,3866
84,3861
-72,3856
41,3855
-93,3854
-80,3852
60,3851
44,3850
-100,3848
-55,3847
51,3846
11,3845
50,3844
55,3843
93,3842
-12,3840
17,3839
-22,3837
11,3836
10,3835
-8,3834
-58,3832
66,3829
46,3828
41,3827
-16,3826
3,3825
-66,3824
-40,3823
-15,3822
-41,3821
-38,3820
-89,3819
13,3818
61,3817
4,3815
-42,3814
-8,3813
-75,3812
-47,3811
-34,3810
-19,3809
-92,3808
34,3807
-64,3806
-11,3805
-75,3804
-42,3803
-19,3801
40,3800
-49,3799
6,3797
-12,3796
36,3795
32,3794
-91,3793
-48,3792
-85,3791
55,3790
-38,3789
66,3788
93,3787
70,3785
35,3783
69,3780
-21,3779
88,3778
96,3777
86,3776
34,3773
46,3771
77,3769
-1,3768
22,3766
36,3765
-63,3764
-14,3760
-95,3759
52,3758
29,3757
-60,3756
-83,3755
56,3751
63,3750
50,3749
-1,3748
81,3747
46,3746
-48,3744
9,3743
-44,3742
-99,3741
54,3740
-9,3739
73,3738
-17,3737
-63,3736
-49,3733
-46,3732
76,3730
-36,3729
-60,3728
13,3727
-65,3726
42,3725
-69,3724
30,3723
51,3722
-71,3721
84,3719
8,3718
67,3717
-20,3716
-75,3715
27,3714
22,3713
-59,3712
-92,3711
25,3710
-78,3708
20,3707
92,3706
59,3704
5,3703
46,3701
-70,3700
36,3699
-16,3698
64,3696
10,3695
-4,3693
-39,3692
28,3691
-95,3689
44,3688
-37,3687
28,3686
81,3685
36,3684
-48,3683
67,3681
-11,3680
65,3679
10,3678
22,3676
-92,3675
66,3673
14,3671
-37,3670
15,3667
-99,3666
5,3665
35,3664
100,3661
38,3659
-100,3658
-1,3657
-82,3655
32,3654
-11,3653
93,3652
-100,3651
-91,3650
14,3647
18,3646
35,3645
-50,3644
-42,3643
-71,3642
-14,3641
-51,3639
-77,3637
85,3636
-30,3635
-59,3634
43,3632
-62,3631
77,3630
86,3629
-41,3628
-34,3627
-35,3626
-43,3625
95,3623
33,3622
7,3621
39,3620
8,3619
-13,3618
97,3616
-89,3614
19,3613
-66,3612
-98,3610
-58,3609
85,3608
-46,3607
37,3605
66,3602
-88,3601
-51,3599
25,3598
60,3596
-70,3595
-56,3594
29,3593
36,3591
43,3590
-85,3589
80,3587
-33,3585
-87,3583
-91,3582
23,3581
25,3580
97,3578
-87,3577
-79,3576
-2,3574
47,3573
-1,3572
13,3571
62,3570
22,3569
46,3568
-84,3566
-49,3564
-42,3563
21,3562
-60,3561
33,3560
10,3559
-95,3558
-5,3556
-78,3553
-39,3550
25,3549
8,3547
-3,3546
-2,3545
29,3544
9,3541
-68,3539
-70,3538
-91,3537
41,3536
-74,3535
98,3534
-14,3532
-38,3531
-83,3529
85,3528
32,3527
85,3526
-58,3525
-9,3524
-37,3522
83,3521
41,3520
52,3519
5,3517
82,3516
-52,3515
-69,3514
6,3513
-39,3511
-59,3510
-3,3508
16,3507
-49,3506
-67,3505
57,3504
22,3503
-66,3501
-80,3500
83,3499
-28,3498
-15,3495
38,3494
14,3493
-68,3492
-46,3490
-90,3489
-3,3488
-52,3487
-17,3486
-43,3484
-16,3483
-61,3481
4,3480
59,3479
86,3478
96,3476
-46,3475
-71,3473
0,3472
-53,3468
-32,3467
-18,3466
87,3465
55,3464
-99,3463
-82,3461
55,3460
44,3459
-79,3458
-96,3457
-24,3454
-91,3452
53,3451
-27,3450
95,3449
30,3448
70,3447
-75,3445
67,3444
-36,3442
-36,3441
-86,3440
57,3439
-74,3438
76,3437
-85,3436
-39,3435
45,3434
89,3433
-86,3432
70,3430
-25,3429
3,3427
89,3426
19,3425
8,3424
-76,3421
-59,3420
-28,3419
100,3418
-60,3417
64,3416
-82,3415
88,3414
-47,3413
63,3411
-35,3409
-30,3408
65,3407
-49,3404
41,3403
-80,3402
-81,3401
43,3399
-60,3398
62,3397
85,3395
-48,3394
-37,3392
64,3391
-13,3389
-51,3386
-78,3385
61,3384
12,3383
-57,3382
90,3381
63,3380
-66,3378
-68,3376
-33,3374
48,3372
68,3371
-49,3369
85,3368
32,3367
-46,3366
35,3365
98,3364
9,3363
21,3362
42,3360
-76,3358
72,3357
-9,3356
-83,3354
77,3353
39,3352
15,3351
73,3350
77,3349
-97,3347
-2,3346
13,3345
70,3342
40,3340
-85,3339
-94,3336
-92,3334
-62,3332
-36,3331
-89,3328
100,3327
-7,3326
-42,3325
-49,3324
-73,3322
-46,3319
54,3317
46,3316
74,3315
20,3314
35,3311
20,3310
-12,3309
-86,3308
-33,3307
-66,3304
-66,3302
65,3301
3,3300
-65,3299
-78,3298
85,3296
-43,3294
57,3292
4,3291
25,3290
-69,3289
-6,3287
35,3286
66,3285
-70,3284
61,3282
-70,3281
4,3280
59,3279
-56,3278
-26,3275
95,3274
-96,3273
67,3271
16,3270
-15,3269
95,3268
9,3267
-63,3266
-76,3265
2,3263
-55,3261
-84,3260
-13,3259
75,3258
-62,3257
33,3256
57,3254
13,3253
91,3252
84,3251
3,3249
-49,3248
16,3247
42,3246
27,3244
-76,3243
-66,3240
-7,3239
-66,3238
8,3236
6,3235
-30,3234
18,3232
92,3231
76,3228
-64,3227
98,3226
-20,3224
-58,3223
-99,3221
18,3218
-15,3217
-10,3216
-8,3214
-9,3212
18,3211
99,3210
-5,3209
-55,3206
10,3205
-43,3203
16,3202
79,3201
-29,3200
68,3199
-42,3198
-34,3197
-81,3196
1,3195
-32,3194
33,3193
3,3192
-76,3191
-58,3190
20,3189
8,3188
50,3186
-31,3185
45,3182
-93,3181
44,3180
-31,3177
-9,3176
-28,3175
6,3174
-92,3173
28,3172
28,3171
18,3170
-36,3168
-92,3167
40,3166
-100,3165
15,3163
10,3162
-55,3161
5,3160
59,3159
-79,3158
-18,3157
-32,3155
87,3154
-21,3153
8,3152
86,3150
-35,3149
20,3148
-96,3147
47,3146
36,3144
87,3141
-74,3140
-95,3138
46,3137
15,3136
38,3135
-53,3134
-37,3133
-15,3131
23,3130
1,3129
84,3128
-92,3127
51,3126
-59,3125
-25,3124
25,3122
16,3120
7,3119
-100,3118
-87,3117
72,3116
-96,3114
16,3112
13,3111
59,3110
19,3109
41,3106
-90,3105
44,3102
92,3100
90,3097
-71,3095
74,3094
40,3093
-16,3092
89,3091
-85,3090
-5,3089
-78,3088
-81,3087
-71,3086
-86,3085
-91,3083
-89,3082
-20,3081
-60,3080
19,3076
72,3075
-66,3074
69,3071
60,3067
-85,3066
-44,3065
-13,3064
84,3063
-46,3061
82,3058
-14,3057
21,3056
60,3055
-74,3054
-92,3053
67,3052
-89,3051
-78,3050
-82,3047
24,3046
-55,3044
34,3043
87,3042
27,3041
23,3040
-8,3034
14,3032
-100,3031
59,3030
66,3028
-31,3027
47,3026
-26,3025
-19,3023
-29,3021
72,3019
61,3018
-84,3017
-93,3015
44,3014
-62,3013
-96,3012
90,3009
-53,3007
-49,3006
41,3005
18,3004
-88,3002
-95,3000
68,2999
-60,2998
43,2997
70,2996
-69,2995
82,2994
3,2993
22,2992
-88,2991
-58,2990
39,2989
0,2988
-14,2987
-20,2986
98,2985
31,2983
-2,2981
45,2979
20,2978
34,2977
18,2976
-46,2975
-33,2974
-81,2973
-59,2972
-53,2971
44,2970
-2,2969
-81,2968
-10,2966
100,2965
6,2964
13,2963
-94,2959
90,2957
-86,2955
48,2953
-52,2952
1,2951
39,2948
95,2947
60,2946
-63,2945
5,2944
-58,2943
11,2941
-60,2939
-35,2938
54,2937
-39,2934
-21,2933
70,2932
95,2931
21,2930
-9,2929
53,2928
-58,2927
42,2926
99,2925
73,2924
65,2923
-98,2922
-33,2921
29,2920
-61,2919
74,2916
12,2915
54,2914
-5,2913
-56,2912
-15,2911
-89,2909
69,2907
-38,2906
87,2903
21,2902
-58,2901
-80,2897
56,2896
-74,2895
25,2894
7,2893
30,2892
-76,2891
94,2890
-72,2888
45,2887
-79,2885
-70,2884
-80,2883
-24,2882
49,2881
-16,2880
-24,2879
84,2878
40,2877
18,2876
-66,2875
-89,2873
-97,2872
-42,2871
90,2870
51,2869
-32,2868
87,2867
10,2865
5,2864
24,2863
30,2861
96,2858
-33,2856
99,2855
-22,2854
53,2853
51,2852
-89,2850
-100,2849
69,2848
25,2846
56,2845
-33,2844
52,2843
65,2842
95,2841
7,2840
-77,2839
84,2838
-53,2837
-90,2836
-34,2835
-58,2833
36,2831
66,2830
-40,2829
52,2828
-1,2827
94,2826
91,2825
-26,2824
-33,2823
-74,2822
83,2821
-10,2819
52,2818
-64,2816
-42,2815
-41,2814
3,2813
-5,2812
41,2811
46,2808
55,2806
82,2805
57,2804
15,2803
40,2802
-83,2799
-12,2798
-29,2796
-11,2795
84,2792
-93,2791
87,2789
-98,2788
67,2787
39,2786
-7,2784
-81,2783
-37,2781
-9,2780
-61,2779
-88,2776
-20,2774
58,2771
97,2770
-13,2769
22,2766
45,2764
94,2762
36,2761
12,2760
71,2758
26,2757
-68,2756
-38,2754
72,2753
-40,2752
-65,2749
-36,2747
97,2744
-98,2741
-24,2739
-14,2738
-75,2736
80,2735
37,2734
58,2733
16,2732
-48,2730
-46,2729
75,2727
-85,2726
14,2724
17,2721
9,2719
16,2718
18,2717
-87,2716
32,2715
-85,2713
-28,2712
34,2711
-46,2710
-18,2709
-3,2707
78,2706
-84,2705
31,2704
-24,2702
-63,2701
-38,2700
93,2699
6,2697
22,2695
-55,2693
-67,2690
100,2689
66,2688
21,2686
28,2684
-65,2682
74,2681
-53,2680
16,2679
92,2678
55,2677
12,2676
84,2675
-52,2674
-32,2672
39,2671
85,2670
-12,2669
-10,2668
-48,2667
-94,2665
42,2664
4,2663
47,2661
56,2660
45,2659
-21,2658
-51,2657
-65,2656
87,2655
91,2654
82,2653
-41,2652
-100,2651
92,2650
-79,2649
-51,2645
30,2643
87,2642
-84,2641
97,2640
-47,2639
-61,2638
27,2637
24,2636
-42,2634
72,2632
-39,2631
14,2630
-13,2629
-5,2628
-68,2626
-26,2625
-90,2624
-32,2623
12,2622
-43,2621
-4,2618
-88,2616
-12,2615
-45,2613
79,2612
-7,2611
-22,2610
94,2609
100,2608
55,2607
-16,2606
53,2604
49,2601
85,2600
52,2599
32,2597
24,2596
-44,2594
16,2593
-72,2592
-17,2591
-100,2590
57,2589
-17,2588
-83,2587
3,2586
-54,2585
59,2584
-13,2583
0,2582
-16,2581
-66,2580
-56,2578
8,2577
87,2573
52,2572
35,2571
64,2570
-82,2568
63,2567
78,2565
-42,2564
-30,2563
-29,2561
-8,2560
36,2559
-90,2558
82,2557
55,2556
100,2555
-51,2554
60,2553
54,2552
-73,2551
-7,2549
-34,2548
81,2547
-48,2546
57,2544
81,2543
71,2542
-77,2541
-21,2540
29,2539
3,2537
-41,2536
49,2535
-40,2534
-21,2533
27,2532
-38,2531
41,2530
45,2529
38,2528
64,2527
96,2526
9,2524
-39,2523
-92,2522
0,2520
58,2519
78,2518
29,2517
-49,2516
30,2514
-19,2513
50,2511
77,2510
-56,2508
20,2507
-92,2505
-76,2504
40,2503
61,2502
15,2501
-50,2500
-74,2499
-75,2498
-49,2497
-94,2495
-9,2494
-51,2492
-68,2491
84,2490
-94,2489
87,2487
59,2486
68,2485
98,2484
74,2483
-22,2482
100,2481
17,2478
89,2477
30,2476
-84,2475
-89,2474
-14,2473
2,2470
-27,2469
11,2468
45,2467
38,2466
-17,2465
-6,2464
-75,2463
24,2462
-30,2461
-31,2460
-96,2459
-53,2458
-7,2457
-44,2455
89,2454
12,2452
-1,2450
34,2449
27,2448
-90,2446
-76,2444
-23,2443
-24,2442
-60,2441
33,2440
97,2438
-93,2436
9,2435
-40,2434
-29,2433
-58,2432
-91,2430
-39,2428
-91,2427
-56,2426
-6,2425
-77,2424
20,2421
55,2420
-1,2418
-63,2417
29,2416
-29,2413
30,2411
-10,2409
37,2408
-86,2405
-41,2403
-74,2402
-24,2401
-5,2400
-4,2399
18,2398
95,2397
99,2396
73,2394
41,2393
-65,2392
85,2391
29,2390
10,2389
91,2388
86,2387
78,2386
15,2384
-67,2383
-83,2381
11,2380
-14,2379
52,2378
-57,2377
-49,2375
88,2373
-99,2371
58,2370
99,2369
58,2367
-76,2366
-53,2365
-20,2363
-77,2361
-11,2360
-66,2359
-39,2358
55,2356
-70,2354
-7,2352
-93,2349
-88,2348
-72,2347
-93,2345
-27,2344
66,2343
-82,2342
-39,2339
81,2337
-37,2336
-79,2335
42,2334
-57,2332
-37,2331
-21,2329
-76,2328
87,2327
-48,2326
58,2325
56,2324
46,2322
-91,2321
-80,2320
-7,2319
-7,2318
63,2317
-89,2315
13,2313
-11,2312
-49,2311
-68,2310
75,2309
-15,2307
-73,2306
-84,2305
-92,2304
41,2303
-49,2302
24,2301
1,2299
-62,2298
-57,2297
-90,2295
-66,2293
-91,2291
-92,2289
-45,2287
67,2286
37,2284
-2,2283
-57,2280
-14,2279
46,2278
18,2277
91,2276
-42,2275
10,2274
-7,2270
-98,2269
5,2268
-33,2267
73,2265
34,2264
75,2263
-92,2262
56,2261
-26,2260
58,2258
47,2257
-25,2256
22,2254
24,2253
-81,2250
-79,2249
-60,2248
-58,2246
29,2245
100,2243
-75,2242
41,2241
83,2240
81,2239
-20,2238
-32,2237
39,2236
19,2235
-40,2234
-27,2233
-49,2232
100,2231
14,2230
-9,2225
15,2224
69,2223
-86,2221
-65,2218
-10,2217
-76,2216
17,2215
-70,2214
23,2213
75,2212
8,2211
-90,2210
67,2209
80,2208
78,2207
-2,2204
-31,2203
-6,2202
92,2200
20,2199
1,2198
22,2197
9,2196
-39,2194
50,2192
14,2191
-28,2190
63,2188
-21,2187
90,2186
35,2184
12,2183
-96,2182
-94,2181
54,2180
-35,2179
47,2178
21,2177
-72,2176
30,2174
78,2173
14,2171
-26,2170
14,2169
47,2167
78,2166
48,2165
43,2164
-88,2163
-33,2162
-37,2160
12,2158
-2,2157
6,2155
-97,2154
-35,2152
73,2151
81,2148
95,2147
12,2144
-84,2143
47,2142
33,2139
42,2138
8,2137
28,2136
81,2135
-78,2134
85,2133
-68,2132
-35,2131
45,2130
61,2129
-55,2127
20,2126
-40,2125
42,2124
-24,2123
-72,2122
70,2121
97,2120
88,2118
-13,2117
-96,2114
6,2113
-71,2112
45,2110
-52,2107
62,2106
62,2105
75,2103
-95,2102
4,2101
9,2100
-64,2099
-14,2098
87,2097
-64,2096
-48,2095
63,2094
-100,2093
89,2092
30,2091
71,2090
-73,2089
-47,2087
-9,2085
88,2084
-41,2083
-10,2082
-82,2078
60,2077
40,2076
-3,2075
-1,2074
-100,2073
8,2072
37,2071
-5,2070
-81,2069
-60,2068
91,2067
8,2065
-4,2064
58,2063
-30,2061
18,2060
5,2058
46,2056
-10,2055
14,2054
-12,2053
-34,2052
-34,2051
88,2049
81,2048
-50,2047
-23,2046
-27,2045
54,2044
100,2043
-94,2042
29,2041
-77,2040
65,2038
13,2037
23,2036
30,2035
-95,2034
-57,2033
48,2032
-81,2031
-34,2029
90,2028
21,2027
-49,2024
3,2021
57,2019
74,2018
13,2017
-31,2016
62,2015
-11,2014
53,2013
-12,2011
45,2009
-49,2007
-21,2006
-14,2004
-43,2003
-64,2002
-89,2000
56,1998
-5,1997
-35,1994
-53,1991
-9,1990
80,1989
0,1988
-92,1987
54,1986
-12,1985
20,1984
86,1983
-69,1982
62,1980
66,1979
-11,1978
81,1977
29,1976
-94,1975
-1,1974
50,1973
22,1971
-72,1970
81,1968
60,1967
30,1966
-38,1965
27,1963
-51,1962
-40,1961
84,1960
-20,1958
-50,1953
20,1952
-2,1951
21,1949
-9,1947
-29,1946
-16,1945
61,1944
-53,1943
39,1941
4,1940
57,1939
-68,1937
68,1935
-49,1934
-81,1932
-3,1931
51,1930
-94,1929
11,1928
100,1927
1,1926
-21,1925
-58,1923
-41,1922
-73,1921
-95,1918
39,1917
30,1916
17,1915
99,1913
57,1911
16,1910
-6,1909
-42,1908
-21,1907
-16,1906
-31,1905
77,1904
-6,1903
32,1901
87,1900
63,1898
-23,1897
74,1895
-100,1894
-46,1893
-91,1891
22,1890
-14,1889
-100,1888
15,1887
77,1885
9,1884
-93,1883
78,1881
-91,1880
43,1879
90,1877
-17,1876
-84,1875
76,1874
1,1873
-31,1872
-1,1871
-10,1868
-13,1867
45,1866
94,1865
-67,1864
-76,1863
-20,1861
57,1860
-36,1859
-96,1858
-24,1857
88,1856
95,1855
73,1854
-71,1853
10,1852
-90,1851
0,1850
-91,1849
-1,1848
14,1847
-7,1846
95,1845
-17,1844
-14,1843
-7,1841
-56,1839
-51,1838
-20,1837
0,1836
20,1835
77,1834
69,1833
-41,1832
4,1830
20,1829
-11,1828
33,1827
46,1825
-74,1824
-9,1823
82,1819
-47,1816
21,1815
7,1814
95,1813
-62,1812
13,1811
0,1810
49,1809
-69,1807
85,1806
-48,1805
-67,1804
81,1803
-77,1802
-25,1800
-33,1798
49,1797
-54,1796
20,1795
28,1794
74,1793
-22,1792
-29,1791
35,1790
-100,1789
59,1788
42,1787
59,1786
-8,1784
-12,1783
100,1782
-75,1780
-89,1777
70,1776
10,1775
44,1774
38,1769
-46,1768
-88,1765
-9,1763
-95,1762
32,1761
59,1759
73,1758
14,1755
-21,1753
-56,1752
37,1751
-90,1749
38,1748
-79,1747
78,1745
-17,1744
-9,1743
-99,1741
15,1740
-49,1739
-27,1738
-38,1736
-77,1735
-29,1734
21,1732
-8,1731
-89,1729
29,1728
84,1727
-37,1726
-15,1725
-92,1723
-23,1722
89,1720
-38,1719
-57,1718
35,1717
-90,1716
-75,1715
37,1713
-82,1712
-33,1711
-3,1710
69,1708
93,1707
78,1706
-29,1705
-59,1704
-46,1703
-60,1701
-22,1700
44,1699
10,1698
-48,1697
-28,1696
-45,1695
12,1693
44,1692
47,1691
35,1689
6,1688
77,1684
-26,1683
-81,1682
55,1680
54,1679
36,1678
-17,1676
-7,1675
-29,1674
-22,1672
20,1671
74,1667
85,1666
-55,1664
39,1662
-33,1659
5,1658
62,1657
-53,1656
-99,1655
60,1654
93,1652
-52,1651
-53,1650
26,1649
-11,1648
-76,1647
33,1646
12,1645
-14,1644
41,1643
-1,1642
-24,1640
7,1639
-88,1638
-40,1637
71,1636
-61,1635
-37,1634
22,1633
-98,1632
-88,1631
73,1630
-72,1629
18,1628
46,1626
-44,1625
-58,1624
-48,1623
-22,1622
60,1619
-33,1618
-59,1617
56,1616
37,1615
8,1614
-93,1613
-71,1612
-71,1610
28,1608
-39,1607
-14,1606
-61,1604
-17,1603
16,1602
19,1601
77,1600
95,1599
-98,1598
51,1597
44,1596
62,1595
-42,1594
1,1593
54,1592
29,1591
32,1590
75,1589
56,1588
9,1587
-98,1585
-64,1584
-19,1583
16,1582
62,1581
-4,1580
-73,1579
-52,1578
-66,1577
89,1576
-36,1575
7,1574
-94,1570
-24,1569
5,1568
8,1567
-74,1566
-98,1564
100,1563
49,1559
-50,1558
-52,1556
93,1555
-21,1554
1,1552
-24,1551
-59,1550
37,1548
-94,1547
-69,1546
-66,1545
-10,1544
62,1542
35,1541
-23,1540
-61,1538
40,1537
-42,1536
77,1535
-48,1534
-87,1533
2,1528
-7,1527
-9,1525
34,1524
4,1523
-59,1522
-46,1521
29,1520
46,1518
51,1517
100,1515
68,1513
47,1512
-56,1509
-76,1508
-28,1507
-96,1505
23,1503
-50,1502
-24,1501
9,1499
-18,1498
-79,1497
-27,1496
68,1495
-89,1494
75,1493
-9,1491
59,1490
-78,1489
-77,1488
11,1487
13,1485
-9,1484
42,1483
-26,1482
-62,1481
93,1480
54,1479
-12,1478
-9,1477
18,1476
51,1475
91,1474
-45,1473
71,1472
-86,1471
87,1470
-14,1469
58,1468
-80,1467
33,1466
83,1465
13,1464
26,1463
-98,1462
-28,1461
78,1460
-38,1459
68,1457
62,1456
-58,1455
38,1454
59,1452
-91,1451
-35,1448
81,1447
-28,1445
15,1442
-25,1441
-12,1439
-46,1437
12,1435
-94,1434
68,1433
-58,1432
16,1431
5,1428
45,1427
-38,1426
-33,1423
-98,1422
-29,1421
96,1420
11,1419
90,1418
-27,1417
91,1416
7,1415
-82,1413
-60,1412
-32,1411
33,1410
0,1407
82,1406
-100,1405
-88,1403
-82,1402
-40,1400
-12,1399
84,1398
-50,1397
64,1395
-92,1392
88,1389
36,1388
44,1387
-88,1386
85,1384
-53,1382
15,1381
-54,1380
-61,1378
-78,1376
-19,1374
61,1373
-87,1372
81,1371
-56,1370
10,1369
88,1368
-100,1367
-62,1366
-26,1365
-60,1364
-40,1363
8,1361
52,1359
-98,1358
80,1357
-75,1356
39,1355
-100,1354
-97,1353
20,1352
-1,1351
68,1350
-74,1349
90,1348
22,1346
-11,1344
-53,1343
-39,1342
70,1341
72,1339
67,1338
-75,1337
98,1336
60,1335
-99,1329
-71,1328
30,1327
29,1326
-95,1325
54,1323
43,1322
13,1321
18,1320
-96,1319
89,1318
-66,1317
-13,1314
79,1313
-11,1312
-55,1311
8,1310
35,1309
11,1308
-12,1307
-94,1306
-57,1303
-73,1301
-55,1300
25,1299
-76,1296
-76,1295
19,1293
-70,1292
-63,1290
-34,1287
76,1286
100,1285
-23,1283
81,1282
20,1281
-85,1280
90,1279
-51,1277
75,1276
50,1275
52,1274
-73,1271
97,1270
80,1269
-5,1267
25,1264
-8,1263
29,1262
24,1261
-16,1260
-81,1259
26,1258
-20,1256
59,1255
-96,1254
-47,1252
-36,1250
-76,1249
69,1248
-89,1247
-81,1246
73,1245
91,1244
61,1243
86,1241
12,1240
-93,1239
-80,1238
-15,1236
20,1232
91,1231
-80,1230
100,1229
-21,1228
29,1226
-83,1225
99,1223
59,1221
-2,1220
-66,1218
14,1217
47,1216
34,1214
-68,1213
72,1212
-55,1210
52,1209
-34,1208
17,1207
75,1206
-46,1205
-43,1204
18,1202
-83,1201
63,1200
16,1195
-60,1194
99,1193
-100,1192
-96,1191
79,1190
-13,1189
42,1188
-95,1187
-70,1186
-56,1185
-96,1184
16,1183
53,1182
70,1180
12,1179
-97,1178
-33,1177
-55,1176
25,1175
59,1174
-45,1171
-65,1170
40,1169
39,1167
29,1166
70,1165
-14,1164
-99,1163
-33,1161
54,1159
-39,1157
-19,1156
-12,1155
95,1154
-82,1152
-94,1151
-43,1150
54,1149
25,1148
14,1147
100,1146
33,1145
5,1143
98,1142
68,1141
-29,1140
43,1139
-49,1137
-16,1136
77,1135
-98,1133
59,1132
19,1130
-97,1129
88,1127
29,1125
-76,1124
-29,1121
6,1120
-26,1118
-80,1116
19,1115
-15,1113
-2,1112
-99,1111
51,1109
88,1108
-88,1107
-5,1106
-68,1105
21,1101
-56,1100
-6,1099
-54,1098
-58,1097
-74,1096
-4,1095
75,1094
-77,1093
5,1091
67,1090
61,1089
-99,1087
81,1086
77,1085
-98,1084
-72,1082
-45,1081
-91,1080
-5,1079
50,1078
63,1077
46,1076
95,1075
-52,1073
80,1072
56,1071
-14,1070
-99,1069
-99,1068
-93,1067
85,1066
-10,1065
-24,1064
18,1063
-71,1062
83,1061
48,1060
-9,1059
-62,1058
-39,1057
-32,1056
-68,1055
-87,1054
-33,1053
-21,1052
92,1050
-23,1049
-88,1046
31,1044
-75,1041
-60,1040
89,1038
-58,1037
56,1036
2,1032
2,1031
11,1030
85,1029
80,1028
21,1027
2,1026
-21,1025
-11,1024
41,1023
41,1020
-35,1019
-20,1018
77,1017
-48,1016
-81,1014
-79,1012
14,1010
33,1009
83,1008
-46,1007
-54,1006
-35,1004
-11,1003
17,1002
92,1001
24,1000
-18,999
93,998
-39,997
-60,996
32,995
88,994
71,993
13,992
-100,991
85,990
-66,988
28,987
71,986
-77,985
39,984
-34,983
100,982
96,980
75,979
-3,978
-68,977
65,976
-71,975
-26,974
-86,973
1,969
-65,966
-21,965
-90,964
20,963
3,962
-60,961
42,960
-5,959
100,958
31,957
30,956
67,954
70,952
-80,951
-24,950
34,949
-100,948
-65,947
-90,946
89,943
91,942
-21,940
-13,939
-25,936
-5,935
-75,934
-33,933
73,932
-11,931
-5,930
-37,928
77,927
-52,926
9,925
19,924
-64,923
62,922
68,920
2,919
12,918
-72,917
32,916
61,915
-94,914
-70,913
89,912
2,911
72,909
-27,908
71,907
-7,905
-64,903
77,902
-74,900
-26,899
89,898
-71,897
52,896
-35,895
-47,893
-23,889
-80,887
-26,885
-16,884
62,883
28,882
-69,881
-78,880
-50,879
-88,878
-47,876
-42,875
7,874
-38,873
-30,872
27,869
8,868
82,867
-100,866
-1,865
-51,863
66,862
-64,861
-65,860
-8,859
-59,858
-16,856
52,855
-88,854
-50,853
-54,851
44,850
73,849
-22,848
-75,847
-55,845
-8,844
-78,843
23,842
8,841
-3,839
30,838
-86,837
78,836
-26,835
-65,834
-44,833
-31,830
39,828
84,824
-75,823
-73,822
-23,821
65,819
-57,818
67,815
36,814
-25,813
-56,812
-46,810
52,809
69,807
4,805
56,803
-66,801
-24,800
-39,799
-65,798
-78,797
76,796
-24,795
-84,794
-18,793
-82,792
10,791
-63,790
-59,789
39,787
-78,785
0,784
-77,783
-48,782
55,781
-74,780
56,779
74,778
16,777
70,776
96,775
-59,774
60,773
98,772
46,771
23,770
-6,769
27,768
95,765
-65,762
47,761
74,760
-21,759
29,758
5,757
-50,755
-49,754
48,753
2,751
40,750
-33,749
87,748
74,745
-56,743
-8,742
29,741
-12,740
2,739
5,736
-15,735
-63,733
-97,731
-42,730
39,729
93,727
-48,726
88,723
-49,722
99,721
-88,720
69,719
-70,718
64,717
-46,715
-6,714
-65,713
9,712
5,711
1,710
82,709
-8,708
90,706
60,705
-75,703
-58,702
94,701
-60,700
-40,699
-48,698
15,697
45,696
83,695
-84,693
94,692
63,691
86,690
-2,689
81,688
-94,686
-57,685
82,684
20,682
60,681
-35,679
-56,678
-19,677
63,676
6,674
-15,673
97,670
-4,669
68,666
93,665
-88,664
-56,663
15,662
20,661
-54,660
86,659
-93,658
38,654
-83,653
84,652
-5,651
47,650
93,649
29,648
13,647
-24,646
-56,645
68,644
-33,643
0,641
46,640
9,639
-70,638
76,637
72,636
18,635
-45,634
-26,633
-34,631
61,629
-48,626
30,625
6,622
-51,621
23,620
12,619
51,618
-1,617
-13,616
77,615
76,614
-41,613
-17,611
25,610
27,609
-69,608
-78,607
-38,606
17,605
-79,604
-34,603
-53,601
-79,599
-4,596
3,595
-79,594
4,592
84,589
-2,587
8,586
-9,585
-64,584
14,583
-37,582
-64,581
-4,580
42,579
70,578
55,577
-18,576
-56,575
36,574
20,573
-82,571
40,570
-2,569
91,568
-79,566
-73,565
-33,563
21,562
-34,561
-80,560
-11,558
-60,557
95,556
91,555
-90,554
34,553
85,552
-98,551
-87,550
-72,548
-67,547
21,545
19,544
-49,543
58,542
-63,540
71,539
10,538
-31,537
-71,536
86,534
-68,533
-94,532
-56,531
1,529
19,526
80,525
8,523
-3,521
-87,520
79,517
-75,516
-77,515
11,514
-5,513
34,512
-58,510
-24,509
-48,507
65,506
-56,505
-3,504
28,503
-49,502
-98,500
-57,499
77,498
-75,497
-65,496
30,495
21,492
-8,490
77,489
50,488
-56,487
16,485
-24,484
-18,483
6,481
-73,480
18,479
48,478
-50,477
3,476
11,475
42,474
-28,471
83,468
-38,467
-20,465
72,464
-99,463
68,462
0,461
55,460
-56,459
39,458
-74,457
-15,456
-10,454
11,453
-39,452
3,449
-6,448
-16,447
89,446
-36,444
91,441
30,440
67,439
46,438
42,437
-84,436
27,435
-73,434
47,432
89,431
0,430
-94,429
86,428
54,427
16,426
23,424
58,423
41,422
3,420
44,419
0,418
-14,416
-45,411
73,409
-42,408
-36,407
100,406
98,405
-43,404
11,403
23,401
3,399
22,398
-62,397
58,396
-63,394
64,393
-17,388
-25,387
-39,386
84,385
74,384
42,381
69,380
-82,379
64,377
2,376
-21,375
-3,374
78,373
-79,372
-35,371
-91,370
-34,369
58,368
1,367
64,366
-37,364
-2,362
84,361
98,360
63,359
87,358
93,357
-10,355
-81,353
56,352
9,351
19,350
73,349
-57,348
41,346
-93,345
10,344
67,342
39,340
-41,339
21,338
-55,337
-80,336
-76,334
86,333
83,332
-71,331
35,329
81,328
-53,327
29,325
86,324
86,323
-97,322
-9,321
-74,320
71,318
-23,317
53,316
25,315
59,314
-59,313
-78,312
31,311
31,310
-9,309
41,308
-9,307
-70,305
7,304
6,303
0,302
40,301
-74,300
-13,299
-39,297
78,296
-81,295
27,294
-53,293
-71,292
53,290
-39,289
-60,288
-1,287
-95,286
-8,285
-89,284
-87,281
63,280
6,279
-15,278
76,276
-79,275
-19,274
-85,273
-13,272
62,271
25,270
-67,269
-14,268
-57,267
-33,266
-21,265
14,264
-94,263
70,260
97,258
53,257
-47,256
-37,254
30,253
-60,250
40,249
76,248
-69,247
-82,246
0,245
-60,244
-30,243
15,242
-26,240
26,239
18,238
65,237
81,236
-97,235
23,234
-50,233
58,232
-26,231
37,230
-8,229
28,228
44,227
-64,226
-59,225
46,224
-69,223
-56,222
-39,221
-90,220
-10,219
42,217
91,216
-99,215
43,214
42,213
99,212
-30,211
7,210
36,208
31,207
40,206
23,203
34,202
-17,201
92,200
-59,197
64,196
-72,195
87,193
92,192
-84,191
-63,190
25,189
62,187
-50,186
15,185
9,184
-54,183
-36,181
-47,180
-21,179
84,178
-42,177
90,176
-38,175
-14,174
-66,173
23,172
-39,171
56,170
13,169
-42,168
94,166
-12,162
-38,161
-95,160
-54,159
9,156
-34,155
66,154
-35,153
-69,152
97,150
-36,148
67,144
-43,143
97,142
-69,141
55,140
-38,139
58,138
22,137
91,136
-71,134
43,133
32,132
-62,131
60,130
21,129
-98,128
99,127
48,126
8,125
-84,124
-28,122
45,121
-70,120
53,119
-79,118
-75,116
-91,115
-30,113
-9,112
74,109
78,105
62,104
96,101
35,100
15,99
-1,98
-57,97
-68,96
-38,95
64,93
84,92
-50,91
-26,90
31,89
95,88
-85,87
-47,83
61,82
-50,81
-17,80
75,79
-9,78
-54,73
-64,71
3,70
99,69
85,68
90,67
98,66
95,65
100,64
-32,62
-53,61
89,58
91,57
-13,55
-81,53
-55,52
-88,51
90,49
12,48
-8,47
-18,46
-33,43
-75,41
93,40
21,39
73,38
51,36
48,35
-81,34
-99,33
-50,31
-69,30
-85,28
13,26
-63,25
86,24
-90,23
-28,22
-14,21
86,20
7,19
-54,18
-22,16
36,15
-27,14
-48,12
-37,11
-40,8
-1,7
-19,5
33,4
-52,3
39,2
76,0
