93,10000
-25,9999
-6,9998
7,9997
90,9994
56,9993
-72,9991
47,9990
62,9989
84,9988
-83,9987
-55,9986
49,9985
70,9984
-72,9983
29,9981
-74,9980
78,9979
66,9978
85,9977
71,9976
44,9974
-95,9972
49,9970
-73,9968
86,9967
97,9965
11,9961
22,9960
76,9959
-85,9958
77,9957
29,9955
-7,9954
6,9953
-14,9952
-48,9951
-78,9950
14,9949
9,9948
85,9946
-53,9944
-68,9943
72,9942
-92,9941
-48,9940
82,9939
40,9938
-71,9937
69,9936
-82,9935
-80,9934
96,9932
42,9930
-3,9929
55,9928
61,9926
77,9925
10,9924
32,9923
-72,9922
6,9921
-26,9918
86,9917
-26,9916
-61,9915
-93,9914
-50,9913
-33,9912
-56,9911
-73,9910
53,9908
14,9907
65,9906
-5,9905
37,9904
31,9903
45,9902
3,9901
44,9900
2,9899
-26,9898
-74,9897
-27,9896
-79,9893
-41,9892
27,9891
79,9888
49,9887
-16,9886
28,9885
66,9883
25,9881
96,9880
-7,9879
-77,9878
-58,9877
-41,9876
54,9875
82,9873
-17,9872
26,9871
32,9869
49,9868
100,9867
16,9866
-59,9865
67,9864
-17,9863
64,9862
-41,9861
-58,9859
-5,9858
94,9857
-96,9854
34,9853
44,9852
-60,9851
48,9850
66,9848
87,9847
-39,9843
-4,9842
-72,9841
46,9838
-27,9837
-98,9836
84,9835
84,9834
-13,9831
77,9830
-68,9829
-100,9827
26,9826
-25,9825
-42,9824
-16,9823
-49,9822
41,9821
1,9820
19,9819
57,9818
-91,9815
4,9814
-70,9813
-70,9812
-8,9811
62,9810
-30,9808
58,9807
-45,9806
-80,9804
-67,9803
48,9802
-17,9801
-97,9800
-62,9798
31,9797
-37,9794
-42,9793
-88,9792
-96,9791
5,9790
-20,9789
36,9787
74,9786
68,9784
31,9783
85,9782
45,9781
81,9780
-45,9778
-51,9777
83,9776
-50,9774
-86,9773
-25,9772
85,9771
-70,9770
94,9769
50,9768
-22,9767
97,9766
85,9765
89,9764
-62,9762
-84,9760
21,9759
-77,9758
-18,9757
-61,9756
-35,9755
-32,9751
92,9750
-75,9749
-6,9748
-21,9747
9,9745
-14,9744
-32,9743
39,9740
-6,9737
42,9736
-54,9735
-36,9734
35,9733
47,9732
-82,9730
-95,9729
-87,9727
-15,9725
12,9724
-56,9723
-59,9722
-77,9721
-46,9718
67,9717
-31,9715
91,9714
-93,9713
78,9712
-73,9711
-95,9709
34,9708
80,9707
-71,9706
-66,9705
-67,9704
44,9703
72,9702
24,9701
-5,9700
11,9699
33,9698
-8,9697
-40,9695
-29,9694
-44,9693
60,9692
-28,9691
71,9690
88,9689
-16,9688
-10,9687
67,9686
0,9685
-76,9684
78,9683
2,9682
44,9681
-10,9679
-19,9678
84,9677
-40,9675
74,9673
-4,9671
25,9669
67,9668
-64,9665
42,9664
88,9662
62,9661
73,9660
22,9659
26,9657
-27,9656
-20,9655
67,9654
21,9653
85,9652
62,9651
89,9649
-40,9648
-99,9647
-37,9645
-71,9642
80,9640
80,9638
-93,9637
65,9636
-10,9635
-82,9634
66,9633
-99,9631
8,9630
52,9629
70,9627
84,9626
-11,9617
46,9616
54,9614
100,9613
-9,9612
-43,9611
17,9609
-80,9607
-39,9606
-44,9605
72,9602
13,9600
-14,9597
83,9595
71,9594
99,9593
73,9591
56,9590
96,9589
14,9588
17,9586
-13,9585
-59,9583
21,9582
67,9580
-59,9579
-15,9578
-2,9577
-43,9576
-25,9575
-29,9574
-94,9573
-51,9571
83,9569
-66,9568
86,9567
-62,9566
-58,9565
53,9564
14,9563
53,9561
78,9558
86,9557
-6,9556
-12,9555
-99,9554
-21,9553
-39,9552
4,9551
-83,9550
-16,9549
38,9547
40,9546
-17,9544
76,9543
-48,9542
59,9541
-74,9539
-1,9537
-43,9536
64,9535
55,9534
96,9533
-49,9532
-6,9531
54,9530
1,9529
-95,9528
-80,9526
71,9524
76,9522
-32,9521
24,9520
-21,9519
25,9516
-36,9515
-83,9514
18,9513
-81,9512
-37,9511
-46,9510
-13,9508
85,9506
-87,9505
-50,9504
60,9503
100,9502
19,9500
74,9499
27,9498
-58,9497
25,9496
1,9495
28,9494
49,9493
19,9492
-59,9491
20,9490
32,9489
-33,9488
-16,9487
-7,9486
-57,9485
21,9484
6,9482
-56,9481
-19,9480
-62,9479
-46,9477
-84,9476
-70,9475
-56,9474
26,9473
-21,9471
-29,9470
30,9468
45,9467
-59,9465
-28,9464
83,9463
-26,9462
90,9461
76,9460
26,9459
74,9458
4,9457
-53,9455
-35,9453
68,9452
7,9451
13,9449
-6,9448
7,9447
-34,9446
-33,9445
33,9444
60,9443
97,9440
-42,9437
63,9436
30,9435
57,9434
-59,9433
4,9432
-36,9431
-48,9430
100,9427
15,9426
72,9425
-38,9424
-19,9423
3,9422
-79,9421
46,9420
1,9419
49,9418
18,9417
29,9415
24,9414
-72,9413
89,9412
36,9411
-38,9410
28,9408
-26,9407
-52,9406
91,9405
-78,9404
29,9403
48,9402
-29,9401
-65,9399
-87,9398
36,9397
51,9395
-12,9394
-34,9393
54,9392
-52,9391
39,9390
-99,9389
-35,9388
-54,9387
48,9386
95,9385
45,9384
-16,9383
-49,9382
1,9381
-51,9380
-13,9379
4,9378
83,9377
53,9375
14,9374
-62,9373
65,9372
11,9371
3,9369
41,9368
-8,9367
5,9366
55,9365
-9,9363
-64,9361
43,9360
-28,9359
41,9357
28,9356
-77,9355
45,9354
-68,9353
-53,9352
81,9351
52,9350
-91,9349
-47,9347
61,9345
28,9344
82,9341
-80,9340
47,9339
99,9338
-13,9337
94,9336
-64,9335
-13,9334
31,9332
2,9331
76,9330
-1,9329
-42,9328
84,9324
97,9322
70,9321
-38,9320
63,9318
35,9317
-37,9316
-96,9315
-73,9314
84,9313
-56,9312
41,9310
44,9309
38,9308
72,9306
-17,9305
-96,9304
-35,9303
-63,9300
-38,9299
8,9297
31,9296
-7,9295
50,9293
33,9292
0,9289
72,9288
-47,9287
-68,9286
-2,9285
59,9284
-85,9283
21,9282
-25,9280
78,9279
36,9276
-37,9275
-85,9273
73,9272
10,9271
-91,9268
61,9267
74,9266
7,9265
-80,9264
-35,9263
66,9262
-65,9261
-21,9260
-48,9259
-50,9256
26,9255
76,9254
43,9253
72,9251
47,9250
45,9248
12,9247
-67,9246
-70,9245
16,9244
19,9243
-85,9242
90,9241
-75,9239
-86,9238
-14,9237
85,9236
-17,9235
-84,9232
76,9230
1,9229
79,9227
-5,9225
9,9224
61,9223
5,9221
87,9219
-14,9217
21,9215
33,9214
87,9213
-100,9212
83,9211
46,9210
40,9208
26,9207
-22,9206
71,9205
-83,9204
86,9203
64,9202
20,9200
-20,9199
13,9198
-15,9197
82,9196
-10,9195
-100,9194
16,9193
56,9192
-84,9190
-63,9189
75,9188
-40,9187
-38,9185
0,9184
28,9183
-78,9181
67,9180
63,9178
87,9175
-63,9173
-70,9172
-98,9171
23,9170
86,9169
87,9166
61,9165
74,9164
-89,9163
-17,9162
-14,9161
-32,9160
69,9158
-17,9157
-39,9156
-24,9155
50,9154
-86,9153
-11,9152
10,9151
41,9150
76,9147
-85,9146
-73,9145
-73,9143
-16,9142
97,9141
9,9140
20,9139
25,9138
-73,9137
-27,9136
70,9135
91,9134
61,9132
-18,9129
-78,9128
2,9126
-58,9125
54,9124
-13,9122
-91,9121
1,9120
-37,9119
97,9118
25,9117
-94,9115
73,9113
-95,9112
53,9110
-40,9109
89,9108
2,9107
6,9105
-17,9102
64,9101
58,9100
49,9099
-1,9097
15,9096
19,9095
-52,9094
24,9092
1,9091
87,9090
48,9089
-94,9087
88,9086
19,9085
-48,9083
84,9081
54,9080
-90,9079
98,9078
51,9076
-26,9075
-78,9074
-52,9072
0,9070
-13,9069
-82,9068
5,9067
20,9065
45,9063
63,9058
81,9057
-61,9056
-93,9055
85,9054
64,9052
-26,9051
-64,9050
-87,9049
-48,9048
41,9047
82,9046
37,9045
44,9041
-83,9040
13,9036
-5,9035
39,9034
-24,9033
-65,9032
44,9030
26,9029
20,9028
6,9027
72,9026
-35,9025
36,9023
-100,9018
77,9017
49,9013
-44,9012
17,9011
52,9010
-47,9009
-50,9008
75,9004
91,9002
-81,9001
-55,9000
-2,8999
-32,8998
-51,8997
68,8996
46,8995
44,8994
-83,8993
43,8992
67,8991
-67,8990
-92,8989
-24,8988
-82,8987
29,8986
-14,8984
-83,8983
-25,8982
49,8980
-76,8977
49,8976
-23,8975
88,8974
12,8972
35,8970
41,8969
80,8968
-58,8967
-23,8966
4,8963
30,8962
-3,8961
-20,8960
-75,8956
47,8955
-7,8953
2,8951
-58,8949
-41,8948
87,8944
-42,8943
-89,8941
-39,8940
28,8938
32,8937
77,8936
0,8935
-88,8933
-80,8931
-27,8929
-23,8928
43,8927
93,8925
26,8924
-55,8923
-55,8922
-99,8921
20,8920
-36,8919
-33,8917
99,8916
85,8915
-81,8914
-10,8913
-29,8912
3,8911
5,8910
-41,8909
-25,8908
46,8907
5,8906
34,8905
-52,8904
-54,8903
26,8902
4,8900
-87,8899
9,8896
-86,8895
40,8894
88,8893
26,8892
38,8890
85,8889
-89,8888
-46,8887
44,8886
63,8885
-25,8884
73,8881
48,8880
94,8879
-98,8878
-48,8877
-67,8876
96,8873
76,8872
72,8871
-90,8870
-65,8869
42,8868
9,8867
79,8865
-20,8864
-37,8863
-38,8862
-2,8860
-60,8859
7,8858
70,8857
-23,8856
-22,8855
-90,8851
14,8850
-24,8849
-67,8847
-13,8843
-63,8840
69,8839
100,8838
-27,8836
-27,8834
-82,8833
-57,8831
-38,8830
54,8829
12,8828
-8,8825
-9,8823
37,8822
12,8821
-32,8820
-50,8819
-27,8818
64,8817
-43,8816
43,8815
37,8813
10,8812
-94,8810
-98,8808
-84,8807
-11,8806
0,8805
-68,8804
-97,8803
33,8802
66,8801
-86,8800
40,8799
-55,8798
-14,8797
56,8796
65,8793
-83,8792
45,8791
-97,8790
73,8789
13,8787
-42,8785
10,8784
8,8783
25,8782
86,8781
93,8780
-7,8779
-99,8778
50,8777
17,8776
47,8775
96,8773
47,8772
56,8771
4,8768
54,8765
-17,8764
90,8762
74,8761
-70,8759
-73,8758
69,8756
1,8755
90,8752
15,8751
95,8750
-60,8749
100,8748
59,8746
-96,8744
0,8743
-88,8742
-24,8741
41,8740
67,8738
76,8737
-83,8733
-70,8730
76,8729
85,8728
-32,8727
18,8726
20,8725
-33,8724
52,8723
75,8722
-57,8721
-44,8720
-26,8719
-44,8718
-27,8717
-91,8716
-63,8715
-29,8713
-70,8711
14,8710
18,8708
7,8707
26,8705
-15,8704
-99,8703
-51,8702
80,8699
4,8698
32,8697
49,8695
44,8693
11,8691
-55,8689
97,8688
35,8686
59,8685
3,8682
87,8681
-96,8680
5,8679
89,8676
-5,8675
-8,8674
97,8673
40,8671
-92,8670
-31,8669
94,8666
57,8665
83,8664
2,8663
68,8661
-52,8660
8,8656
7,8654
40,8653
-1,8651
-67,8650
91,8649
-49,8648
-95,8647
38,8646
60,8643
-9,8641
-86,8640
-94,8639
-29,8637
-97,8635
-28,8634
-46,8633
-56,8632
-9,8630
-16,8628
52,8627
95,8626
-38,8625
12,8624
10,8623
-61,8620
69,8619
91,8618
-78,8617
-61,8614
-69,8613
-47,8612
61,8611
35,8610
94,8608
29,8607
36,8606
-96,8604
-34,8602
72,8601
31,8600
-4,8599
98,8598
70,8597
73,8596
59,8594
-74,8592
91,8591
80,8590
41,8588
-73,8587
7,8586
-2,8584
-26,8583
-11,8582
44,8580
12,8579
-3,8578
-54,8577
15,8576
-45,8573
-70,8572
-59,8571
-31,8570
-73,8569
-33,8568
83,8567
80,8566
-20,8565
-26,8564
32,8563
-6,8560
-79,8559
-77,8558
-32,8557
48,8556
-34,8554
76,8553
34,8552
81,8551
17,8550
-62,8548
82,8547
-44,8546
59,8545
38,8544
-88,8543
-80,8542
77,8541
41,8540
-95,8537
-8,8536
43,8535
89,8534
-96,8533
-65,8532
-95,8531
-56,8530
-31,8528
42,8527
-5,8526
87,8525
27,8524
31,8522
66,8520
-5,8519
-64,8518
61,8517
60,8515
-16,8514
-45,8513
10,8512
-60,8511
-14,8510
-27,8509
-77,8508
-56,8507
48,8506
30,8504
-33,8502
0,8501
84,8500
-6,8499
95,8498
-6,8497
23,8496
-57,8495
100,8494
-56,8491
-98,8489
-30,8488
53,8486
30,8484
-99,8483
-88,8482
47,8481
-63,8479
21,8476
21,8475
74,8474
-66,8473
-61,8472
-71,8470
-30,8469
3,8468
-23,8467
75,8465
38,8464
-22,8462
29,8460
-38,8458
-56,8457
-80,8456
10,8454
70,8452
54,8451
55,8450
-84,8448
17,8447
43,8446
-50,8445
-61,8444
-91,8443
27,8442
10,8440
95,8439
-88,8438
-67,8437
5,8436
81,8435
91,8434
44,8431
-84,8430
50,8428
-91,8427
-68,8426
35,8425
-35,8424
-20,8423
36,8422
-91,8421
23,8420
-83,8419
-90,8418
43,8416
32,8414
-41,8413
-81,8411
-54,8409
45,8407
-36,8406
70,8405
23,8404
-100,8403
30,8398
-85,8397
-92,8396
94,8395
6,8394
68,8393
-45,8392
-82,8391
-1,8389
15,8388
-12,8387
74,8386
-42,8384
-97,8383
-55,8382
82,8381
11,8379
-65,8378
65,8377
28,8376
87,8374
-58,8371
-100,8370
24,8369
-79,8366
-35,8365
-13,8364
43,8363
-48,8362
-66,8361
-86,8359
-7,8358
45,8356
19,8355
-20,8353
65,8352
78,8348
-38,8347
87,8346
90,8344
84,8343
-66,8342
41,8340
28,8339
72,8338
51,8336
23,8335
73,8334
99,8333
35,8332
91,8330
-15,8329
60,8328
30,8325
-14,8324
1,8322
95,8321
-97,8320
-67,8319
15,8318
85,8316
76,8315
39,8314
60,8313
-95,8312
68,8310
10,8309
-88,8308
-29,8307
-50,8306
37,8305
-55,8304
-32,8303
-77,8302
77,8297
64,8296
81,8295
96,8294
-37,8292
85,8291
32,8290
100,8289
-84,8288
54,8287
39,8286
12,8284
-71,8283
-89,8280
23,8278
-4,8277
55,8276
86,8272
8,8270
71,8269
57,8268
-2,8267
-42,8266
33,8265
-96,8263
36,8261
13,8259
-58,8258
77,8254
82,8253
-3,8251
-59,8250
-94,8248
-50,8246
-40,8245
-39,8244
-24,8243
-6,8242
1,8241
-27,8240
71,8239
-84,8237
-86,8236
41,8235
-96,8234
55,8233
-24,8232
30,8231
68,8230
74,8229
-49,8228
-68,8226
78,8225
30,8224
-15,8221
49,8220
30,8218
51,8217
80,8215
-36,8214
-42,8213
-46,8211
-37,8210
-27,8209
-96,8208
-5,8207
-48,8206
-99,8204
40,8203
34,8202
78,8201
-61,8200
-61,8199
-9,8198
97,8196
-82,8195
-42,8192
37,8191
28,8190
-17,8189
-23,8188
-88,8184
62,8183
-84,8182
-77,8181
14,8180
-72,8178
18,8176
-38,8175
-60,8174
-93,8173
86,8171
-98,8170
-11,8169
60,8168
-12,8167
-77,8166
91,8165
-14,8164
95,8163
-95,8162
1,8161
-53,8160
-69,8159
-49,8158
-24,8156
-95,8155
-49,8154
-90,8150
-23,8149
13,8148
-63,8147
77,8146
36,8145
-18,8144
45,8142
-9,8141
49,8140
38,8139
-21,8138
-69,8137
82,8136
65,8134
55,8133
18,8132
78,8131
0,8129
-23,8128
99,8127
22,8126
8,8125
-68,8124
32,8123
82,8122
15,8120
1,8119
61,8118
-90,8117
43,8116
-18,8115
11,8114
-83,8112
-83,8111
-70,8109
75,8108
76,8107
-96,8106
-87,8101
-8,8100
47,8098
55,8096
-37,8093
-32,8091
-5,8090
36,8089
46,8088
53,8086
80,8085
-93,8081
46,8078
6,8077
-25,8074
-89,8073
60,8070
-1,8069
-85,8066
45,8064
-93,8063
-54,8062
21,8060
32,8059
24,8058
55,8056
51,8055
-61,8054
-52,8053
-85,8052
-30,8050
80,8049
64,8047
66,8045
-53,8044
-50,8043
79,8042
39,8041
-29,8040
39,8039
-80,8038
27,8037
59,8035
-79,8034
66,8033
-62,8032
96,8030
23,8029
-36,8028
-76,8027
15,8026
-35,8025
-83,8024
13,8021
19,8020
86,8019
20,8018
-82,8017
-62,8016
-79,8014
-63,8013
27,8012
95,8011
-77,8009
19,8008
12,8007
-18,8006
53,8005
-30,8004
86,8001
-54,8000
38,7999
54,7998
83,7997
11,7996
16,7995
70,7994
81,7992
55,7991
-6,7990
-79,7988
-51,7987
25,7986
-26,7985
-71,7983
0,7982
14,7979
82,7978
54,7977
31,7976
-63,7975
-18,7974
77,7971
70,7970
-39,7969
29,7968
74,7967
-90,7966
-28,7965
-77,7964
-40,7963
-60,7962
-86,7961
82,7960
-78,7957
24,7955
33,7954
-57,7953
71,7952
-32,7950
24,7949
-9,7948
-54,7947
37,7946
21,7945
-46,7944
-78,7941
40,7940
91,7939
-1,7938
0,7937
34,7936
57,7935
-24,7933
31,7932
37,7931
72,7930
-83,7929
26,7928
27,7927
99,7926
-76,7924
-76,7923
-44,7922
-17,7921
-24,7920
73,7919
82,7918
35,7916
-75,7915
92,7914
86,7913
-11,7912
29,7910
-40,7909
42,7908
-63,7907
63,7905
-41,7904
17,7903
4,7902
79,7901
-22,7900
18,7898
39,7896
47,7889
-48,7888
-57,7887
-79,7885
-22,7882
-40,7880
-61,7879
-59,7877
26,7876
43,7875
99,7873
5,7872
68,7870
94,7869
79,7868
-54,7867
-3,7866
-2,7864
63,7863
44,7862
100,7861
76,7860
16,7858
7,7857
94,7856
-61,7855
-73,7853
83,7852
77,7851
-19,7849
98,7848
26,7847
-34,7846
10,7845
-89,7844
44,7842
78,7841
-100,7840
-66,7839
23,7838
-70,7836
-57,7835
61,7833
-49,7831
15,7829
73,7828
-9,7827
-57,7826
76,7824
43,7821
31,7816
74,7815
-84,7814
-88,7813
68,7812
-21,7811
2,7810
-91,7809
-68,7808
21,7807
76,7806
5,7805
-61,7804
37,7802
-2,7801
-38,7799
-68,7796
-57,7795
21,7792
-56,7791
-66,7790
82,7787
-60,7786
-68,7785
16,7784
16,7783
-98,7782
73,7781
57,7780
-48,7779
65,7778
-33,7777
-49,7776
-32,7775
-62,7774
-54,7773
-66,7770
11,7769
-87,7766
69,7765
-20,7764
-71,7763
68,7762
-9,7758
60,7757
-50,7756
32,7755
80,7754
-78,7753
-2,7752
12,7751
40,7749
67,7747
31,7743
-9,7742
-89,7740
74,7739
-47,7738
-20,7737
-32,7735
55,7734
55,7733
-3,7732
-74,7731
-43,7729
53,7728
-19,7727
-49,7726
75,7725
-35,7724
-41,7723
37,7722
-82,7721
-67,7720
-20,7719
27,7715
63,7714
4,7713
100,7712
12,7709
-95,7708
-26,7707
-69,7706
58,7705
-48,7704
11,7703
25,7702
97,7701
-83,7700
-17,7699
-94,7698
61,7696
54,7694
-4,7693
-16,7691
-41,7690
10,7689
55,7688
-37,7687
-38,7686
-87,7685
-34,7684
1,7683
3,7682
-33,7681
-60,7680
-62,7678
35,7677
71,7676
-91,7672
-51,7671
-90,7669
69,7668
68,7667
64,7665
86,7664
1,7663
61,7662
-16,7660
2,7659
-13,7658
-72,7657
-48,7656
-1,7655
-16,7654
-90,7652
-71,7651
69,7648
-6,7647
-35,7646
-10,7645
-62,7644
89,7643
50,7642
-81,7641
10,7640
21,7639
-16,7638
-95,7637
-48,7636
-48,7635
-90,7634
-54,7633
-41,7632
-32,7631
64,7630
78,7628
-60,7625
61,7624
68,7622
-88,7620
-36,7618
-77,7617
-7,7616
-21,7613
96,7611
95,7610
91,7609
20,7607
74,7606
-50,7605
-33,7603
94,7602
2,7600
33,7599
18,7598
100,7597
64,7596
-89,7595
-7,7594
-76,7593
91,7592
29,7591
-13,7590
-17,7589
-89,7587
-10,7584
-45,7583
77,7582
-45,7580
-37,7579
-69,7577
-75,7574
91,7573
96,7572
-45,7571
-32,7569
81,7567
73,7566
-72,7565
-38,7564
-35,7561
40,7560
-46,7559
-80,7557
-87,7556
-18,7552
66,7550
-79,7549
42,7548
-44,7547
-27,7545
26,7544
53,7543
-94,7541
-79,7538
87,7537
-51,7536
-2,7535
-73,7533
67,7532
90,7531
-97,7530
-25,7529
80,7528
65,7527
-61,7526
-25,7525
-52,7523
-58,7519
85,7518
-67,7517
-46,7516
-49,7515
-46,7514
28,7513
23,7510
15,7509
-20,7508
-99,7507
98,7505
89,7504
-41,7503
65,7501
35,7500
-84,7499
-21,7498
61,7495
-57,7494
-44,7493
-39,7492
76,7490
63,7489
5,7488
56,7487
27,7486
-67,7485
78,7483
-84,7482
-41,7481
8,7480
18,7479
74,7476
-58,7475
-91,7474
-29,7473
-26,7472
-94,7471
15,7470
11,7468
-57,7466
75,7465
37,7464
14,7463
-89,7461
-3,7460
-26,7459
-73,7458
-54,7457
-54,7455
38,7454
22,7452
86,7451
-93,7450
95,7448
-55,7447
82,7446
-96,7445
77,7443
-61,7441
7,7439
56,7437
-14,7434
11,7433
-38,7431
-70,7430
-33,7429
25,7428
-11,7427
61,7426
-6,7424
86,7423
38,7422
51,7420
30,7419
-73,7417
88,7416
-4,7414
-47,7413
10,7412
-66,7411
81,7410
-55,7408
78,7406
50,7403
-86,7400
74,7399
-82,7397
-81,7396
-56,7395
-46,7394
44,7393
-43,7392
70,7390
-12,7389
-85,7388
93,7387
61,7386
28,7385
68,7384
73,7381
78,7378
-69,7377
-13,7376
-12,7375
39,7374
-25,7372
-57,7371
-32,7370
96,7369
71,7368
71,7367
-40,7366
-40,7363
87,7362
67,7361
3,7359
59,7358
-16,7357
-100,7356
85,7355
38,7353
-46,7352
24,7350
7,7349
-17,7348
14,7347
-42,7346
-80,7345
1,7344
27,7343
-25,7342
-95,7341
-59,7338
99,7337
-17,7336
-20,7335
-55,7334
-60,7333
16,7332
80,7331
99,7330
-21,7329
-74,7327
14,7326
-35,7325
20,7324
-4,7323
29,7322
59,7321
99,7320
-21,7319
-15,7317
30,7314
55,7313
-43,7312
-53,7311
-80,7309
-13,7307
-41,7306
70,7305
73,7303
-31,7302
68,7301
-39,7300
58,7298
-78,7297
15,7295
-53,7294
63,7293
89,7292
-54,7291
-61,7289
-49,7287
92,7286
48,7284
44,7283
86,7282
54,7281
-81,7280
-26,7279
20,7278
-32,7276
-62,7274
83,7273
24,7272
-74,7270
48,7269
-34,7268
-2,7267
-3,7265
-13,7264
-65,7263
6,7261
-29,7260
-65,7259
-8,7258
-35,7257
60,7256
93,7254
-82,7253
-89,7252
-67,7250
69,7244
-23,7243
15,7242
-63,7241
60,7237
-19,7236
62,7235
-100,7234
0,7233
81,7232
93,7231
67,7230
-40,7229
71,7228
41,7227
65,7225
98,7224
12,7222
-5,7221
1,7220
-46,7219
19,7216
80,7214
-36,7213
-72,7212
22,7211
47,7210
8,7209
37,7206
90,7205
-18,7204
14,7203
34,7202
48,7201
-16,7200
-44,7199
-22,7198
80,7197
79,7196
78,7194
-65,7193
24,7192
5,7191
-2,7189
-49,7188
45,7187
-42,7186
-60,7185
-100,7184
2,7183
-35,7182
-68,7181
33,7180
-62,7179
62,7178
-21,7177
-15,7175
61,7174
-82,7173
-43,7172
35,7171
56,7170
4,7169
56,7168
-41,7167
-6,7166
81,7165
81,7164
28,7163
49,7162
-13,7161
-4,7160
-94,7159
-83,7158
10,7157
-32,7156
31,7154
-7,7153
-41,7152
34,7151
-82,7149
47,7148
-85,7147
75,7146
58,7143
8,7142
-38,7141
-53,7140
50,7139
-76,7138
92,7136
-65,7135
66,7134
-73,7133
-55,7132
90,7131
-11,7130
64,7129
-81,7127
20,7124
-10,7123
55,7122
-44,7121
-70,7120
68,7119
-71,7117
79,7116
-17,7115
-2,7112
18,7110
75,7109
90,7107
-77,7106
-30,7105
-66,7104
42,7100
-56,7099
-6,7097
-8,7096
-38,7095
49,7093
-2,7092
-47,7090
87,7089
-36,7088
39,7087
6,7086
55,7085
5,7084
3,7082
-86,7080
84,7079
-53,7078
-29,7077
39,7076
-2,7075
-52,7072
-29,7071
14,7070
9,7069
52,7068
-48,7067
58,7066
13,7065
-72,7064
91,7063
-76,7062
-100,7061
16,7060
34,7054
-2,7052
10,7051
92,7050
-25,7048
86,7047
75,7046
-97,7045
60,7044
-94,7043
-54,7041
-2,7040
28,7038
-82,7037
-52,7036
93,7034
-41,7033
60,7032
90,7031
66,7030
-50,7029
-81,7028
-68,7027
-99,7026
63,7025
86,7024
-35,7023
72,7021
97,7020
70,7019
-34,7018
-9,7017
49,7016
-98,7015
-25,7014
20,7013
90,7012
-88,7011
-78,7010
52,7009
88,7008
-57,7007
-33,7006
-43,7005
36,7002
4,7001
-64,6998
-48,6996
16,6995
-55,6993
36,6992
96,6991
-79,6989
-38,6988
4,6987
94,6986
78,6985
-7,6983
26,6982
12,6981
28,6980
-86,6979
-18,6978
73,6977
-78,6976
-26,6975
88,6974
14,6973
-77,6972
75,6971
-69,6970
-56,6969
63,6966
10,6965
-4,6964
63,6963
46,6962
50,6961
27,6959
75,6958
78,6957
-46,6956
-56,6955
-83,6954
-4,6953
33,6951
57,6948
10,6947
99,6946
93,6945
30,6944
62,6943
46,6942
-66,6941
6,6940
49,6936
-58,6935
-47,6934
-91,6932
-18,6931
43,6930
-71,6929
59,6928
7,6927
-62,6924
-43,6923
-65,6922
-8,6921
-18,6920
74,6919
5,6918
-25,6917
28,6916
-22,6915
-16,6914
-37,6913
-63,6912
3,6911
-25,6908
-63,6907
60,6905
6,6903
30,6900
-66,6899
68,6897
56,6895
-49,6893
50,6892
-31,6890
-49,6887
44,6886
-79,6885
-14,6882
50,6878
37,6877
3,6876
26,6875
19,6874
-23,6872
92,6871
75,6870
20,6867
76,6865
-79,6864
52,6863
4,6862
78,6861
9,6860
-23,6858
9,6857
-28,6856
-71,6855
-44,6854
-22,6853
-60,6852
27,6851
-2,6850
-37,6849
-98,6848
-40,6846
91,6845
49,6844
81,6843
91,6841
-96,6839
24,6838
-11,6837
-42,6836
100,6835
71,6834
-85,6833
-44,6832
-21,6831
-6,6830
41,6829
47,6827
24,6824
-81,6823
36,6822
-62,6821
73,6820
71,6819
-36,6818
0,6816
40,6815
-22,6814
-50,6813
73,6812
-67,6810
19,6808
-14,6806
94,6805
37,6804
92,6803
76,6802
3,6801
-36,6800
-72,6799
49,6798
66,6797
-40,6796
-9,6795
-88,6793
-36,6792
34,6790
80,6788
-10,6786
34,6785
56,6784
-11,6781
91,6780
-64,6777
-99,6776
43,6774
82,6773
96,6772
-100,6770
44,6768
84,6767
-44,6766
34,6763
32,6762
98,6761
-46,6759
98,6758
17,6757
-99,6756
-65,6755
-82,6752
-19,6751
-41,6749
39,6748
42,6746
86,6743
-4,6740
-46,6739
-49,6738
4,6737
35,6734
100,6732
8,6731
57,6730
-66,6729
92,6728
-36,6726
22,6725
38,6724
-5,6723
-24,6721
-63,6720
-33,6718
21,6717
-46,6713
88,6712
41,6710
41,6708
63,6707
-61,6706
-41,6705
-78,6704
-3,6703
40,6702
49,6700
100,6699
95,6698
-4,6696
71,6695
36,6694
56,6692
-99,6691
12,6690
-99,6689
81,6688
-99,6687
-24,6686
16,6684
-87,6683
-73,6682
77,6681
-55,6679
54,6677
74,6675
-38,6674
-80,6673
69,6672
96,6671
-73,6670
-56,6666
98,6664
-95,6663
-86,6662
-19,6661
-76,6659
9,6658
89,6656
97,6655
-13,6654
15,6653
-71,6652
-80,6649
75,6647
57,6646
-86,6645
1,6644
-12,6643
-24,6639
-9,6638
-15,6636
-76,6634
11,6633
-12,6632
81,6631
46,6629
-18,6628
-61,6627
96,6626
70,6625
-92,6624
-41,6623
-81,6622
-69,6618
-60,6617
-19,6615
11,6613
28,6612
42,6611
42,6609
51,6608
25,6605
68,6604
57,6602
80,6601
-84,6600
-9,6599
54,6597
93,6596
11,6595
27,6593
-73,6591
90,6590
17,6589
97,6587
32,6586
35,6585
-42,6583
84,6581
17,6580
-26,6578
72,6577
-24,6574
80,6573
-60,6572
2,6571
100,6569
42,6568
-26,6566
50,6565
65,6564
-70,6563
-24,6562
-2,6561
21,6560
40,6559
-40,6558
-16,6556
95,6553
-81,6551
79,6550
59,6549
-1,6548
39,6546
-4,6545
100,6543
93,6542
37,6541
78,6540
-74,6536
-79,6535
49,6533
10,6530
-71,6529
-29,6528
27,6527
32,6526
32,6523
10,6522
76,6521
22,6520
10,6519
65,6517
-78,6515
82,6513
52,6512
-8,6511
-37,6510
-64,6509
-40,6508
43,6506
58,6504
-33,6503
-25,6502
-4,6500
85,6499
-50,6498
1,6497
56,6496
-21,6495
87,6494
-96,6492
-6,6491
31,6489
99,6488
84,6485
-35,6484
59,6481
-34,6480
38,6479
72,6478
2,6477
28,6476
-75,6475
24,6474
46,6473
-7,6472
-8,6471
7,6470
-51,6468
-65,6467
7,6466
63,6465
55,6464
82,6463
-15,6462
-91,6461
32,6458
62,6457
38,6456
-40,6455
70,6454
-64,6453
-64,6452
-82,6451
48,6450
7,6449
55,6448
-18,6447
-73,6446
-95,6445
-63,6444
63,6441
-41,6440
89,6439
19,6438
-72,6437
86,6436
89,6435
-36,6434
20,6433
68,6432
-66,6431
61,6430
-79,6429
13,6428
-8,6427
-4,6426
-18,6425
79,6423
-2,6422
43,6421
-37,6420
17,6418
-37,6417
-14,6416
-17,6415
59,6414
-31,6413
43,6412
85,6411
0,6409
80,6408
-100,6407
-48,6406
-43,6405
13,6404
-88,6403
89,6401
-91,6400
-86,6398
91,6397
92,6396
97,6395
46,6394
-25,6392
-30,6391
6,6390
-67,6389
-45,6388
-78,6387
-11,6386
-11,6385
46,6384
1,6383
-79,6382
15,6381
47,6378
-42,6377
-37,6376
-87,6375
-44,6374
-56,6373
30,6371
-70,6370
-36,6368
-70,6366
-1,6364
85,6363
-99,6362
-20,6361
-88,6360
1,6358
84,6356
87,6355
-64,6354
10,6353
64,6352
26,6351
-43,6350
49,6349
80,6348
15,6347
-17,6346
34,6345
-82,6344
-13,6342
-9,6340
39,6337
-18,6336
61,6334
-98,6332
-90,6331
51,6330
13,6329
-39,6328
-72,6327
-41,6326
74,6325
4,6322
8,6321
97,6320
-86,6318
94,6316
82,6315
-51,6314
46,6313
11,6312
-83,6310
11,6309
35,6307
-49,6306
11,6304
17,6303
-26,6302
77,6301
-36,6299
39,6298
-39,6295
10,6294
-40,6292
-33,6291
28,6289
32,6288
-46,6286
0,6284
41,6283
-41,6282
-98,6280
52,6278
70,6277
8,6276
55,6275
64,6274
69,6272
33,6270
46,6268
-63,6267
14,6263
69,6262
47,6261
70,6259
87,6257
-27,6256
82,6255
44,6254
34,6253
19,6252
33,6251
-86,6250
-16,6249
-65,6248
-90,6246
69,6245
9,6244
26,6243
-52,6242
58,6240
-68,6239
-12,6236
-62,6235
-33,6234
-56,6231
-12,6228
-21,6226
-92,6225
51,6224
20,6223
-46,6222
35,6221
-14,6220
-86,6219
69,6218
44,6217
34,6216
-73,6215
-73,6214
14,6212
9,6211
69,6207
24,6206
87,6205
28,6204
53,6202
-24,6201
-62,6200
-80,6198
-79,6197
-93,6196
-64,6194
25,6189
-49,6188
97,6187
-71,6186
-80,6185
21,6184
22,6183
-51,6182
-62,6181
53,6180
-70,6178
80,6177
62,6176
30,6175
70,6174
-74,6172
-73,6171
67,6170
60,6169
-73,6167
88,6166
-60,6165
94,6164
-35,6162
40,6161
-93,6160
-78,6159
92,6158
12,6157
-83,6156
15,6154
29,6152
-31,6150
-37,6149
-34,6148
-79,6147
78,6146
5,6144
-22,6143
51,6142
83,6141
15,6140
33,6138
-29,6137
72,6136
-76,6135
-72,6134
46,6133
24,6132
87,6129
57,6128
91,6126
-29,6124
62,6123
62,6122
66,6119
91,6117
-12,6116
-16,6115
-84,6114
2,6112
51,6111
-86,6110
67,6109
-40,6108
-17,6107
-11,6106
-39,6105
-37,6104
-77,6102
-45,6101
36,6099
74,6097
34,6095
27,6094
-69,6092
1,6091
26,6090
76,6088
99,6086
-70,6082
64,6079
17,6077
40,6076
2,6075
7,6073
-4,6072
-14,6071
69,6070
-99,6069
11,6068
74,6067
-67,6064
-13,6063
-97,6062
10,6061
5,6059
-12,6058
-95,6057
-29,6056
-74,6055
-26,6054
1,6053
-4,6051
-67,6050
-85,6049
81,6048
15,6046
15,6045
82,6044
3,6043
90,6042
-20,6041
24,6040
1,6039
66,6038
-23,6037
82,6036
43,6034
66,6033
68,6032
-81,6030
-31,6027
8,6026
59,6025
90,6024
56,6023
26,6022
-14,6020
-25,6019
-69,6017
-33,6016
-9,6015
67,6014
29,6013
-58,6012
49,6011
-32,6010
33,6008
-77,6007
38,6004
82,6003
40,6002
-60,6001
-66,6000
-62,5998
-33,5997
50,5996
24,5994
-3,5993
-72,5992
8,5991
56,5990
-64,5989
-50,5987
-19,5986
39,5985
-9,5983
18,5982
89,5981
-95,5980
-6,5979
-54,5978
45,5977
-78,5976
69,5975
23,5974
35,5973
-86,5972
-27,5971
-1,5970
-95,5969
-78,5968
91,5966
-29,5965
98,5964
-88,5960
75,5959
-51,5958
-31,5955
-75,5954
67,5951
-73,5950
0,5949
73,5948
48,5947
78,5946
-38,5944
60,5942
84,5939
-83,5938
-88,5936
29,5934
75,5932
23,5930
-6,5929
-10,5928
-51,5927
55,5926
-93,5925
-46,5924
-93,5921
96,5920
-99,5917
2,5916
-29,5913
-23,5912
34,5911
57,5910
25,5909
22,5908
89,5906
-73,5904
79,5903
-51,5902
-19,5901
-9,5899
40,5898
-87,5897
-3,5896
-46,5894
-89,5893
-81,5892
-35,5889
37,5887
90,5885
-79,5884
13,5883
100,5882
-11,5881
38,5880
-80,5879
-49,5878
12,5877
3,5876
91,5875
-58,5874
17,5872
96,5871
51,5869
-72,5868
-52,5867
-74,5866
-9,5865
66,5864
-68,5862
-31,5861
82,5860
-34,5859
-30,5858
56,5857
-42,5856
-95,5855
4,5854
-19,5853
62,5849
-68,5848
-81,5847
24,5845
-13,5844
-91,5843
0,5841
-66,5840
66,5838
13,5837
45,5836
43,5835
2,5834
-80,5833
40,5832
-32,5831
64,5829
-2,5827
-78,5826
-25,5825
-20,5824
-22,5823
42,5822
74,5821
-38,5820
23,5819
-20,5818
67,5816
-34,5814
-14,5813
-89,5812
-52,5811
-63,5810
-2,5809
56,5806
-58,5805
-29,5804
-67,5803
94,5802
-76,5800
58,5798
79,5797
91,5796
-85,5793
-88,5792
-52,5791
-62,5790
-65,5789
-20,5786
-96,5785
29,5784
-55,5783
77,5782
38,5781
13,5780
-46,5779
-54,5778
-57,5777
-99,5776
52,5775
-52,5774
-62,5773
31,5772
-60,5771
19,5770
-71,5769
50,5768
-21,5767
-40,5761
-96,5760
18,5759
82,5758
14,5757
-90,5755
-86,5754
25,5753
19,5751
8,5750
97,5749
-42,5748
-50,5746
92,5745
-15,5744
44,5743
-82,5742
-10,5741
-73,5740
-24,5737
-96,5735
35,5734
-81,5733
-57,5732
-55,5730
68,5729
11,5728
91,5725
-46,5724
63,5723
-31,5722
82,5720
-56,5719
37,5718
24,5717
71,5716
48,5713
-23,5711
50,5710
18,5709
95,5707
-5,5705
-43,5702
100,5701
-86,5700
-38,5699
24,5697
98,5696
-96,5695
63,5694
78,5693
-32,5691
51,5690
44,5689
92,5688
0,5687
54,5685
-12,5683
82,5681
-16,5680
1,5678
-66,5677
-35,5676
27,5675
87,5673
25,5672
31,5671
-86,5670
26,5669
71,5668
-14,5667
-88,5666
-51,5665
-24,5662
38,5661
63,5660
74,5659
100,5658
0,5657
95,5656
-28,5655
53,5654
-14,5651
7,5650
62,5649
-68,5648
50,5647
-93,5645
97,5644
64,5643
74,5642
-83,5641
66,5640
34,5639
-53,5638
-55,5637
36,5636
16,5635
-77,5634
98,5633
82,5632
56,5630
-8,5629
-57,5627
65,5626
98,5625
-75,5624
23,5623
-10,5622
-98,5621
76,5620
15,5619
-69,5618
10,5617
89,5616
79,5615
-77,5614
-28,5612
20,5608
-64,5607
-25,5605
-18,5603
-37,5601
65,5600
-80,5598
-68,5597
-36,5596
19,5595
36,5594
56,5593
4,5592
42,5591
33,5590
-3,5589
8,5588
-13,5587
24,5586
45,5585
75,5584
95,5583
7,5582
34,5580
57,5578
-29,5576
-95,5575
28,5574
46,5573
-22,5570
8,5569
-43,5568
14,5567
40,5566
70,5565
-99,5564
-1,5563
-96,5562
97,5561
87,5560
-78,5559
-55,5557
-52,5556
10,5555
97,5553
9,5552
-43,5551
63,5550
-37,5549
17,5548
-75,5547
-44,5544
86,5543
93,5540
-86,5539
20,5538
9,5537
-35,5536
-10,5535
42,5533
68,5529
-74,5528
45,5527
53,5526
51,5525
-43,5523
23,5522
-79,5520
-100,5519
-40,5518
-64,5517
-47,5516
16,5514
92,5513
-21,5512
-93,5511
-91,5510
61,5509
19,5508
47,5505
54,5504
-71,5503
9,5502
42,5501
-12,5500
58,5499
-4,5498
33,5497
51,5496
-8,5494
-69,5493
54,5492
87,5490
-38,5489
-23,5488
-98,5487
-27,5486
-50,5484
72,5483
-1,5481
24,5480
23,5478
41,5477
-6,5476
42,5474
1,5473
84,5472
88,5471
78,5470
38,5469
66,5468
12,5467
82,5466
-71,5463
81,5462
43,5461
88,5460
7,5457
4,5456
74,5454
11,5453
-23,5450
44,5449
68,5448
-33,5447
-12,5446
39,5444
91,5442
-15,5441
-68,5440
8,5439
-37,5437
-6,5434
-85,5433
-60,5432
30,5431
-85,5430
40,5429
40,5428
-64,5427
48,5424
77,5422
-33,5420
30,5419
19,5418
-36,5417
45,5416
-40,5414
63,5413
-35,5412
13,5411
-64,5410
90,5408
25,5406
93,5405
92,5404
-50,5403
46,5402
-51,5401
4,5399
21,5398
89,5397
-59,5396
74,5395
-83,5391
-64,5390
-57,5387
77,5386
53,5385
44,5384
15,5383
-12,5382
-64,5381
60,5380
-35,5379
-46,5378
5,5376
-36,5375
37,5373
47,5372
-23,5371
-37,5370
-19,5369
73,5368
13,5367
88,5366
77,5365
-23,5364
-49,5363
51,5361
-74,5359
-5,5358
-62,5357
-10,5356
78,5355
26,5354
54,5352
-85,5351
-74,5350
-36,5347
-39,5346
-24,5345
-67,5344
74,5343
-87,5342
-58,5340
-59,5339
-8,5338
75,5337
-18,5336
-38,5335
61,5334
41,5333
81,5332
24,5331
-49,5330
-93,5329
10,5328
30,5327
47,5326
-7,5325
84,5323
-71,5322
52,5321
32,5320
34,5319
-71,5318
33,5317
-90,5314
46,5313
-26,5312
79,5311
-94,5309
88,5308
-51,5307
-45,5306
-17,5305
69,5303
-28,5302
0,5299
75,5298
-85,5296
67,5293
-60,5292
51,5289
-88,5288
-24,5287
-94,5286
-39,5285
25,5284
-61,5283
46,5282
-95,5281
-71,5280
41,5278
97,5277
-6,5276
-4,5275
-83,5274
15,5273
61,5272
90,5271
-84,5269
83,5267
81,5266
10,5265
-31,5264
85,5262
16,5261
38,5260
33,5258
28,5257
24,5256
-41,5255
37,5253
82,5252
49,5251
46,5250
-51,5249
34,5248
61,5247
40,5246
93,5245
6,5244
-18,5243
5,5240
-96,5239
-88,5238
18,5237
-87,5236
-41,5235
81,5234
-92,5233
-86,5232
-47,5231
-74,5229
9,5228
9,5227
-1,5226
-86,5225
82,5224
64,5222
-82,5221
-50,5220
-33,5218
-35,5217
33,5216
-38,5215
-43,5213
-30,5212
57,5210
3,5209
-66,5208
-86,5207
-92,5206
57,5205
51,5204
30,5203
94,5202
-44,5201
26,5200
-3,5198
-60,5197
-46,5196
-74,5195
8,5194
-6,5192
-64,5191
96,5190
1,5188
58,5187
14,5185
71,5183
90,5181
29,5180
40,5178
-15,5177
-94,5176
55,5175
-37,5174
-97,5173
-63,5172
-32,5171
-83,5170
85,5167
69,5166
97,5164
56,5163
18,5161
-83,5160
92,5159
53,5158
-44,5155
74,5153
-76,5152
2,5151
70,5150
-81,5149
-81,5148
92,5147
82,5146
-68,5145
-40,5144
-36,5143
-16,5142
-40,5141
65,5140
-76,5138
78,5137
99,5136
-11,5134
-47,5132
12,5129
71,5128
-82,5127
-73,5126
32,5125
-68,5124
55,5121
-93,5120
-80,5118
-72,5117
-24,5116
20,5113
-69,5112
47,5110
-58,5106
-45,5105
80,5104
-76,5103
16,5102
-50,5101
-95,5100
18,5098
-20,5097
-28,5095
11,5094
-42,5093
-65,5092
0,5091
-58,5090
22,5089
-39,5088
-68,5083
53,5082
-6,5081
-36,5080
19,5079
75,5075
-2,5074
-58,5073
75,5072
-18,5070
49,5069
-49,5067
-11,5066
44,5065
-47,5064
74,5063
-37,5061
12,5059
79,5058
77,5057
15,5056
-32,5055
30,5054
0,5053
-61,5050
-56,5049
-86,5047
-51,5046
-96,5044
-71,5043
-9,5042
3,5041
-32,5040
48,5038
63,5037
-96,5036
81,5033
-33,5032
98,5029
0,5028
-36,5027
-68,5026
-13,5025
18,5024
21,5023
-2,5022
63,5021
81,5020
39,5019
28,5018
-8,5017
68,5015
-79,5014
52,5012
1,5011
-53,5010
-33,5009
79,5006
32,5005
-50,5004
-99,5003
-83,5001
80,4999
-69,4998
-24,4997
-97,4996
55,4995
43,4994
82,4993
-21,4992
22,4991
-33,4990
-31,4988
-52,4986
78,4984
80,4980
81,4975
88,4973
52,4972
96,4971
-49,4970
-21,4968
6,4964
27,4963
75,4962
66,4961
76,4960
-10,4959
-97,4958
11,4957
82,4956
-23,4955
53,4953
-48,4952
-99,4951
-20,4950
5,4949
50,4948
-24,4947
-89,4946
36,4944
-14,4943
-33,4942
-45,4941
-12,4940
-45,4939
37,4938
79,4937
-27,4936
88,4935
30,4934
-76,4933
67,4932
-25,4930
-8,4929
98,4928
34,4927
-96,4926
-7,4925
-96,4924
-50,4923
-60,4922
-55,4921
-34,4919
14,4918
30,4917
-16,4916
-30,4915
-8,4914
68,4913
68,4911
97,4910
-42,4908
90,4905
44,4904
16,4903
-2,4902
-10,4901
42,4900
10,4899
79,4897
-86,4896
-30,4894
-46,4893
71,4892
13,4891
82,4890
36,4889
-15,4888
48,4887
-1,4886
-84,4885
66,4883
0,4882
57,4880
68,4879
-38,4878
-90,4876
87,4875
33,4874
16,4873
50,4872
-61,4870
92,4868
-77,4867
-28,4866
-28,4865
-65,4864
66,4863
-53,4862
40,4860
-7,4859
22,4858
-58,4857
16,4855
-17,4854
-57,4853
-96,4852
-48,4848
67,4846
79,4843
34,4842
-66,4841
42,4840
9,4839
76,4836
21,4835
-44,4834
71,4833
16,4832
3,4831
8,4830
-86,4829
-29,4828
59,4827
-88,4826
3,4825
9,4824
99,4823
-96,4822
60,4821
-91,4820
-64,4817
84,4815
43,4814
76,4812
-92,4811
-38,4810
-76,4809
3,4807
-74,4805
52,4803
82,4802
-58,4801
87,4798
80,4796
-96,4795
1,4794
54,4793
27,4792
16,4789
4,4788
62,4787
7,4786
7,4785
-31,4784
16,4783
57,4782
98,4781
-99,4779
65,4778
-1,4776
-37,4775
-10,4774
-24,4773
-78,4771
64,4769
81,4766
-72,4765
21,4764
17,4762
-75,4761
16,4759
-93,4758
11,4757
16,4756
-51,4755
100,4754
-20,4753
-21,4752
-35,4751
-52,4750
55,4748
-59,4747
1,4745
1,4744
-3,4742
97,4741
48,4740
85,4739
90,4738
81,4736
-75,4735
77,4734
-89,4733
-31,4731
85,4730
-62,4728
-30,4726
46,4725
-78,4724
78,4723
30,4721
-63,4720
-60,4718
40,4717
-99,4715
-12,4714
21,4713
39,4710
1,4709
-10,4707
-16,4706
-4,4705
-56,4701
-74,4700
-88,4699
-96,4698
-9,4697
-24,4696
91,4695
31,4693
-17,4692
-59,4690
64,4687
61,4685
76,4684
-81,4683
58,4681
44,4679
6,4678
75,4677
24,4676
-5,4675
90,4674
34,4673
-85,4671
76,4669
88,4667
-96,4665
-11,4664
-30,4663
22,4661
35,4660
11,4659
-97,4657
41,4656
55,4654
78,4652
8,4651
63,4650
-13,4649
12,4648
-6,4647
94,4646
-32,4645
41,4643
27,4641
-92,4640
80,4639
19,4638
-97,4637
46,4636
27,4635
-70,4634
30,4633
-36,4632
-78,4631
-40,4629
19,4628
-57,4627
-65,4625
36,4623
30,4620
-3,4619
-100,4618
-50,4617
-6,4616
6,4615
-3,4614
-18,4613
72,4612
5,4611
-27,4610
63,4609
73,4605
44,4602
51,4599
-27,4598
-55,4597
52,4595
-93,4594
-82,4593
92,4592
32,4591
85,4587
-77,4586
78,4585
95,4583
-44,4582
46,4581
-12,4579
14,4577
73,4576
4,4575
-96,4574
-84,4573
31,4572
-81,4571
-44,4570
-62,4568
98,4567
-88,4564
19,4563
-64,4562
98,4561
16,4559
91,4558
20,4557
31,4556
-72,4555
-50,4553
-88,4551
95,4550
2,4549
94,4547
59,4546
28,4545
-13,4543
52,4542
74,4541
34,4540
-75,4539
-47,4538
71,4537
-59,4536
51,4534
-33,4533
33,4532
-8,4531
39,4530
-96,4528
6,4527
-54,4526
50,4525
100,4524
29,4523
-80,4522
32,4521
-5,4520
-72,4518
35,4516
-99,4515
-14,4514
32,4513
28,4510
-55,4509
-88,4508
13,4507
65,4506
-71,4505
70,4504
-76,4503
56,4502
28,4500
82,4499
91,4498
-35,4496
-14,4494
37,4493
100,4492
-99,4491
78,4490
60,4489
-97,4487
-31,4485
-66,4484
54,4483
-34,4481
4,4480
-23,4479
-44,4478
48,4475
-81,4474
-12,4473
40,4472
-26,4471
50,4470
67,4469
47,4467
-46,4466
62,4465
48,4464
-58,4463
25,4462
18,4461
-13,4460
36,4459
34,4458
-52,4457
24,4456
80,4455
-48,4453
-29,4452
51,4451
-88,4450
-65,4448
-84,4447
-14,4446
-75,4444
-18,4442
0,4441
1,4440
-78,4439
30,4438
-54,4437
74,4435
81,4432
43,4431
28,4427
-57,4426
-47,4425
-86,4424
-34,4423
-59,4422
-70,4421
-26,4420
85,4419
-79,4417
61,4416
-74,4414
-94,4413
27,4412
-82,4411
-74,4410
-53,4407
-59,4406
35,4405
-20,4404
76,4403
91,4401
80,4400
-45,4399
-36,4398
88,4397
-40,4395
27,4393
-34,4392
35,4391
89,4388
41,4387
-86,4386
31,4385
31,4384
42,4383
-93,4382
67,4381
61,4380
67,4379
1,4376
90,4375
43,4374
-13,4373
-28,4371
70,4370
44,4369
-69,4366
-15,4365
-78,4364
-71,4363
74,4362
88,4360
73,4359
21,4358
-58,4357
-96,4354
-20,4353
24,4351
81,4350
-38,4348
16,4347
39,4344
-38,4342
-62,4341
-41,4340
5,4339
31,4337
-4,4336
85,4335
-7,4334
-2,4333
-47,4331
-62,4330
-89,4329
-69,4328
-95,4327
-20,4326
31,4324
-22,4323
73,4322
66,4318
13,4317
95,4316
48,4314
57,4313
47,4311
30,4309
-91,4308
37,4307
-41,4305
-22,4304
-96,4303
-25,4302
16,4301
-61,4300
-93,4299
74,4297
58,4296
60,4294
-61,4293
-22,4292
-83,4291
-77,4290
26,4288
53,4287
6,4286
61,4285
29,4284
-68,4283
56,4282
-93,4281
-93,4280
26,4279
21,4278
-40,4274
4,4273
-32,4272
-37,4271
70,4269
-36,4268
-86,4267
-74,4266
-27,4264
-78,4263
-7,4262
26,4261
-65,4260
-28,4259
-40,4258
70,4257
0,4256
-91,4255
42,4251
-77,4250
-26,4249
34,4248
-9,4247
-97,4246
-44,4245
66,4244
-57,4243
63,4242
93,4241
-68,4240
42,4239
76,4238
-35,4237
-82,4236
28,4235
-61,4233
-63,4232
-18,4231
-88,4230
-17,4229
91,4228
65,4227
64,4226
-46,4224
30,4223
-95,4222
12,4219
-28,4215
63,4214
-12,4213
-7,4212
-70,4211
-89,4209
20,4208
-87,4207
11,4204
41,4203
75,4202
29,4201
10,4200
73,4199
30,4198
26,4197
64,4196
-94,4194
-97,4193
-91,4192
52,4191
-65,4190
80,4188
-85,4186
98,4185
8,4184
-57,4183
79,4181
-43,4180
6,4178
-38,4177
-83,4176
-86,4175
-23,4174
-23,4173
-24,4172
70,4171
-89,4170
-85,4169
64,4168
9,4167
92,4166
89,4165
78,4164
22,4161
95,4159
88,4157
5,4156
25,4155
-73,4154
-19,4153
-47,4152
55,4151
-4,4150
-59,4147
61,4146
-98,4145
-80,4144
65,4143
-91,4142
42,4141
52,4140
0,4139
-84,4138
-18,4137
65,4135
-92,4133
-66,4132
-60,4130
4,4128
67,4127
8,4126
28,4125
-45,4124
41,4123
55,4122
15,4121
-7,4120
10,4119
-17,4117
-69,4116
-44,4114
-80,4113
-80,4112
-20,4111
93,4110
24,4108
44,4106
-73,4105
-72,4104
98,4103
-16,4102
7,4101
-75,4099
-5,4098
-36,4097
-66,4096
-79,4095
43,4093
74,4092
-30,4091
-22,4090
-15,4088
-64,4087
79,4085
30,4084
-9,4083
94,4082
-12,4080
76,4079
21,4077
-53,4075
-4,4074
93,4073
46,4072
34,4071
50,4070
-59,4069
-96,4068
-18,4067
-43,4065
47,4064
-87,4063
43,4062
-8,4060
26,4059
47,4058
-94,4056
7,4055
79,4053
30,4052
-53,4051
-90,4050
6,4049
-21,4048
-12,4047
-36,4046
-58,4045
-35,4044
5,4043
-48,4040
2,4039
27,4038
59,4037
84,4035
-93,4034
-33,4033
-62,4032
44,4031
-84,4030
28,4026
-82,4025
-41,4024
64,4023
42,4022
32,4020
33,4018
-50,4017
59,4016
78,4014
54,4013
-7,4012
76,4010
-24,4009
72,4008
62,4007
-29,4006
-13,4004
-59,4003
-58,4002
-47,4001
-59,3999
81,3997
-3,3996
-41,3994
46,3993
46,3992
-6,3990
99,3989
42,3988
-60,3987
75,3986
69,3985
85,3982
96,3981
11,3979
-83,3978
-76,3977
69,3976
33,3975
86,3974
-11,3973
-16,3972
-51,3971
1,3969
-85,3968
-94,3966
19,3964
80,3962
69,3961
-89,3960
96,3959
-77,3958
-15,3956
-3,3955
-15,3954
-2,3952
84,3951
27,3949
92,3948
76,3947
-74,3946
-27,3945
-37,3944
-6,3940
53,3938
85,3935
22,3933
12,3930
68,3928
-73,3926
-51,3925
56,3924
-5,3922
-34,3921
80,3919
-40,3918
-25,3917
-71,3915
-36,3912
3,3911
-57,3910
2,3907
-7,3905
71,3904
68,3903
-44,3902
-39,3900
0,3899
44,3898
60,3895
67,3893
-96,3892
-46,3891
-21,3890
24,3886
-16,3885
-63,3884
91,3883
-85,3882
84,3881
51,3880
-62,3876
-33,3875
99,3874
92,3872
-20,3870
-9,3869
-92,3868
32,3864
43,3863
-1,3862
51,3859
-2,3858
1,3856
-68,3855
-77,3852
84,3851
-55,3850
-74,3848
35,3847
28,3845
-55,3844
-5,3842
81,3841
20,3839
-70,3838
73,3837
25,3835
-64,3834
-81,3833
-70,3832
46,3831
24,3830
-6,3829
23,3828
-54,3826
-34,3825
94,3823
-26,3822
-2,3821
100,3820
-56,3819
21,3818
99,3817
-68,3816
38,3813
-64,3811
-18,3810
-100,3809
-44,3808
26,3807
53,3805
-1,3804
-97,3803
82,3802
30,3801
-55,3799
32,3798
45,3797
52,3796
-82,3795
-59,3794
-82,3793
2,3791
66,3790
-98,3789
87,3788
-91,3787
68,3786
36,3784
-75,3783
95,3780
-68,3779
-74,3778
-33,3774
4,3773
-50,3772
95,3771
-32,3770
16,3769
-41,3768
-29,3767
55,3766
77,3765
89,3763
-40,3761
-65,3760
-8,3759
-46,3758
37,3757
-63,3755
70,3754
12,3752
2,3750
99,3749
40,3748
-20,3747
-35,3746
56,3745
99,3744
-1,3743
55,3742
-37,3739
79,3738
-55,3737
11,3736
84,3735
-16,3734
-52,3733
-98,3732
35,3730
-72,3729
-68,3728
83,3727
80,3726
36,3723
49,3722
-76,3720
-86,3719
56,3718
-1,3713
-52,3711
-79,3710
-71,3709
44,3708
61,3706
-38,3705
94,3704
86,3702
-73,3701
14,3699
5,3697
26,3696
44,3695
71,3694
64,3693
84,3692
-51,3691
90,3690
75,3688
-98,3687
-97,3686
-3,3685
97,3683
-70,3682
-32,3680
29,3678
-98,3677
51,3675
-91,3674
-81,3673
-16,3672
53,3671
-84,3669
70,3668
-13,3667
60,3666
59,3665
82,3664
-57,3663
73,3662
20,3661
-33,3660
-5,3659
20,3658
7,3656
-45,3655
76,3654
-20,3652
-94,3650
-46,3649
37,3648
-48,3647
55,3646
17,3645
43,3642
26,3641
-19,3639
-42,3638
-50,3637
71,3636
-29,3635
-60,3634
37,3633
-99,3631
-19,3629
74,3627
-80,3626
29,3625
-75,3624
27,3622
-13,3621
-39,3619
-11,3618
-68,3617
13,3616
-19,3614
-52,3613
54,3612
-26,3611
-24,3610
-79,3607
91,3606
25,3605
2,3604
11,3603
-7,3602
18,3601
-54,3600
-62,3599
-11,3597
-50,3596
-6,3595
14,3594
-53,3593
42,3590
-56,3588
69,3587
-97,3586
93,3585
16,3584
16,3583
-48,3582
8,3581
6,3578
44,3577
98,3576
30,3574
-85,3572
5,3570
74,3569
-43,3568
-54,3567
-88,3566
26,3565
32,3564
47,3563
-20,3562
-99,3561
30,3560
15,3559
-12,3558
-16,3557
81,3556
17,3555
64,3553
-71,3552
-86,3550
92,3549
39,3548
-47,3547
-46,3546
12,3544
-66,3543
42,3542
93,3541
-50,3540
97,3538
-43,3537
-92,3536
-49,3535
16,3534
60,3533
-53,3532
-47,3531
-42,3530
-52,3528
21,3526
59,3523
-89,3522
-3,3521
-49,3520
-80,3518
60,3517
-60,3515
78,3514
88,3512
86,3511
93,3509
-59,3508
-94,3507
-87,3506
-27,3505
-40,3504
5,3503
50,3502
-70,3501
-94,3500
92,3499
-26,3498
70,3494
-13,3493
11,3492
93,3490
92,3487
3,3485
-34,3484
24,3483
-71,3482
74,3480
90,3479
74,3477
-47,3476
-83,3475
93,3473
-85,3472
-38,3470
-96,3467
-23,3466
-15,3465
69,3464
56,3462
99,3460
-29,3459
77,3458
-23,3455
24,3454
-28,3453
85,3451
-50,3450
77,3449
-83,3448
-28,3446
-15,3444
86,3442
77,3441
69,3439
61,3437
-33,3436
20,3435
-50,3429
-1,3428
19,3427
-54,3425
16,3424
1,3423
-78,3422
-26,3419
-10,3418
-70,3417
34,3415
3,3414
-97,3413
-82,3412
-29,3411
-76,3410
71,3409
38,3408
-81,3407
46,3406
57,3405
1,3404
26,3403
59,3402
-94,3401
18,3400
58,3398
-30,3397
-29,3394
52,3393
-68,3392
-44,3391
-85,3390
7,3389
-16,3388
-37,3386
57,3385
-14,3384
58,3383
-87,3382
-77,3381
90,3380
-72,3379
92,3375
53,3371
24,3369
-65,3368
40,3367
-15,3363
-20,3362
25,3361
-45,3360
-52,3356
-30,3355
35,3354
12,3353
-74,3352
-21,3351
75,3350
-31,3349
89,3348
-48,3346
10,3345
78,3344
-48,3343
-97,3341
36,3340
92,3339
-68,3338
-51,3336
-9,3335
68,3334
-10,3333
67,3332
-76,3331
96,3330
14,3329
76,3327
-62,3326
39,3325
-62,3324
94,3322
81,3321
6,3320
3,3316
57,3315
4,3314
-81,3308
45,3306
44,3305
-10,3303
-59,3302
-8,3301
17,3299
-97,3298
-67,3297
-55,3295
-77,3294
24,3292
50,3289
-49,3287
33,3286
-38,3282
12,3281
12,3280
-42,3278
99,3277
-3,3276
65,3275
-15,3274
-66,3273
45,3271
-84,3269
14,3268
-69,3267
-80,3266
-12,3263
53,3262
-82,3260
-2,3259
-36,3258
-39,3256
-84,3255
-44,3254
76,3253
-1,3251
85,3249
96,3248
86,3247
64,3246
94,3244
-62,3240
97,3239
-13,3238
36,3237
-71,3236
-27,3234
-15,3233
82,3232
-31,3231
-74,3230
91,3229
-55,3227
-60,3226
34,3225
75,3224
51,3222
67,3221
46,3220
85,3217
-5,3216
-73,3215
29,3214
62,3213
-16,3211
72,3209
-97,3208
41,3207
-8,3206
41,3205
37,3203
7,3202
39,3201
-68,3200
-24,3198
63,3197
66,3196
-63,3193
62,3192
74,3190
-17,3188
-42,3187
98,3186
-94,3185
-75,3184
20,3181
78,3180
7,3179
-91,3178
-90,3176
-97,3175
73,3174
44,3173
-15,3172
89,3171
1,3170
-97,3169
-64,3168
-20,3167
11,3165
29,3164
54,3163
5,3162
-33,3159
-22,3157
-82,3156
-58,3154
91,3153
-87,3152
3,3151
60,3150
-60,3149
-32,3148
-100,3147
-58,3146
-75,3145
42,3144
-16,3143
13,3141
68,3140
-81,3138
-90,3136
4,3135
1,3134
9,3133
-26,3132
17,3131
10,3130
8,3129
58,3127
55,3123
-6,3122
-17,3121
48,3120
9,3119
54,3118
72,3117
35,3114
-93,3112
-81,3111
94,3109
86,3106
54,3105
36,3104
97,3102
-96,3101
73,3100
51,3099
-48,3097
-9,3096
13,3095
93,3094
-19,3093
-52,3092
83,3090
49,3089
57,3087
-37,3086
29,3084
-29,3083
45,3082
-59,3081
-99,3079
-64,3078
44,3077
70,3076
38,3075
31,3074
40,3072
-63,3070
81,3068
94,3065
3,3062
-61,3061
-75,3060
64,3059
-11,3058
-33,3057
-89,3056
-17,3053
51,3052
-99,3050
59,3048
-81,3047
-60,3046
-71,3043
64,3042
50,3040
-55,3039
-60,3038
-85,3037
81,3035
100,3033
15,3032
0,3031
47,3030
-46,3028
84,3027
20,3026
36,3025
27,3024
99,3023
74,3022
65,3021
66,3020
70,3019
-1,3018
-15,3016
-14,3015
-80,3014
90,3013
-48,3012
-98,3011
77,3010
84,3008
100,3006
-80,3005
-69,3003
5,3001
-6,3000
64,2999
-65,2998
100,2996
71,2995
98,2994
-70,2989
-49,2988
51,2987
77,2986
79,2985
-69,2984
42,2983
70,2980
52,2979
-96,2976
53,2975
69,2974
48,2973
62,2972
44,2971
59,2970
60,2969
-96,2968
48,2967
-84,2966
-46,2964
75,2963
-25,2961
-81,2959
-65,2958
51,2957
11,2956
-17,2955
-75,2954
37,2953
-43,2952
15,2951
58,2950
10,2947
-2,2946
-10,2945
21,2944
84,2943
-90,2942
49,2941
36,2940
97,2937
10,2936
81,2935
-99,2934
-93,2933
-5,2932
-55,2931
-31,2930
15,2929
-81,2928
57,2927
-33,2926
62,2925
-35,2924
89,2923
48,2922
-77,2920
56,2919
-71,2916
97,2915
-63,2913
-28,2912
-97,2911
4,2910
91,2909
-58,2908
11,2907
-78,2906
4,2904
60,2903
-62,2902
80,2900
32,2899
-83,2898
76,2897
80,2896
25,2895
-12,2893
94,2892
5,2891
3,2890
35,2889
100,2887
-96,2886
-42,2885
81,2883
-75,2881
50,2880
37,2879
-12,2876
88,2875
27,2874
-80,2872
-73,2870
-40,2869
99,2867
87,2866
93,2865
-72,2863
-32,2862
-93,2860
45,2859
-20,2856
-17,2855
45,2853
-61,2852
-44,2850
-36,2849
57,2848
-32,2847
79,2846
34,2845
87,2844
-45,2843
11,2842
29,2841
-36,2840
-28,2839
45,2837
-36,2836
-27,2834
-64,2833
2,2832
25,2831
-67,2830
4,2829
46,2828
34,2825
-19,2824
45,2823
46,2822
-45,2821
75,2820
73,2819
31,2818
15,2817
-93,2816
-64,2815
36,2814
-85,2811
-26,2810
-35,2809
9,2808
-99,2806
42,2805
69,2804
20,2802
41,2801
-1,2799
41,2797
-24,2796
-85,2793
-91,2792
-81,2790
-59,2789
19,2787
90,2786
-71,2785
-9,2782
1,2781
-9,2779
-97,2778
-15,2776
2,2775
-73,2774
-57,2772
-8,2770
62,2769
2,2768
100,2766
-39,2765
-26,2763
-17,2762
28,2761
66,2758
23,2756
68,2755
-19,2753
80,2752
69,2751
13,2750
91,2749
29,2748
89,2747
32,2746
6,2745
70,2744
77,2743
100,2742
-38,2739
-88,2738
5,2737
3,2736
-64,2735
-39,2733
-100,2732
87,2731
8,2730
-29,2728
62,2727
63,2726
0,2725
-60,2724
-72,2723
-7,2722
89,2721
56,2720
-37,2718
5,2717
-61,2715
36,2714
1,2712
-83,2711
-59,2710
-1,2709
93,2708
-41,2707
-52,2706
33,2705
-62,2702
81,2700
-55,2698
2,2697
10,2695
-53,2694
-13,2693
95,2691
-83,2689
36,2687
-4,2684
-98,2683
92,2682
66,2681
66,2680
-71,2679
-20,2678
-78,2676
-100,2675
37,2674
58,2672
78,2671
94,2670
43,2669
20,2668
-55,2667
-4,2664
1,2661
-51,2659
-17,2658
15,2657
-3,2656
-67,2655
-23,2654
-96,2653
34,2652
83,2650
52,2648
-26,2646
-79,2645
52,2644
-64,2643
36,2641
-6,2637
-57,2634
-97,2633
3,2629
-36,2628
-8,2627
88,2626
-17,2625
25,2622
57,2620
98,2619
13,2618
5,2616
-34,2613
68,2612
-95,2611
16,2608
-71,2607
-58,2606
70,2605
9,2603
37,2602
0,2600
-16,2599
46,2598
-98,2597
-20,2596
11,2595
-79,2593
94,2592
15,2591
-30,2590
48,2589
69,2588
-18,2587
95,2586
75,2581
-68,2580
93,2579
-68,2578
-32,2577
31,2576
7,2575
73,2574
-89,2573
-20,2572
-64,2571
-38,2570
-98,2567
-68,2566
67,2564
-22,2563
47,2562
36,2561
39,2560
-12,2559
-25,2558
30,2557
1,2556
-88,2555
48,2553
-53,2551
10,2549
24,2547
79,2545
-60,2544
-59,2543
17,2542
28,2541
91,2539
72,2538
-90,2536
-3,2535
-81,2534
-74,2533
-82,2532
-52,2531
-3,2530
-92,2528
-5,2527
65,2525
-25,2523
-48,2522
-66,2521
-31,2520
100,2519
-92,2517
50,2516
77,2513
-4,2512
25,2511
8,2510
-83,2509
64,2508
-83,2507
23,2506
68,2505
-85,2503
0,2502
-1,2501
81,2500
17,2499
-97,2498
44,2497
22,2495
-76,2494
-18,2493
78,2491
35,2490
57,2489
-65,2488
38,2486
36,2485
-90,2484
-55,2483
8,2482
-91,2480
78,2478
74,2476
81,2474
-31,2473
-4,2472
-98,2471
-40,2470
-79,2469
-49,2468
50,2467
-6,2466
88,2465
75,2464
68,2463
-65,2462
62,2461
62,2460
28,2459
17,2457
-23,2456
58,2455
-18,2454
39,2453
16,2452
-94,2451
96,2450
-32,2449
31,2448
97,2447
-39,2446
3,2445
23,2444
-11,2443
-47,2442
80,2441
5,2440
-44,2439
0,2438
-62,2437
39,2436
48,2434
80,2432
33,2430
-48,2429
-91,2428
-71,2427
79,2426
-48,2425
10,2424
71,2423
-83,2421
46,2420
20,2418
-50,2417
28,2416
8,2415
42,2414
-8,2413
16,2412
-64,2411
33,2409
-75,2406
-88,2405
-4,2403
-14,2402
18,2401
-8,2400
-81,2398
52,2397
-77,2396
42,2394
20,2392
50,2390
-39,2389
-87,2387
-81,2386
-52,2385
-90,2384
49,2383
-50,2382
-60,2380
-21,2379
-95,2377
-73,2376
83,2375
42,2374
80,2372
17,2371
-78,2370
-40,2369
-35,2368
15,2367
-81,2366
-76,2365
-23,2364
-58,2363
-87,2362
64,2360
-38,2359
-27,2358
80,2357
-33,2356
-45,2355
-70,2354
-74,2352
97,2350
61,2349
32,2348
-33,2347
-68,2346
84,2344
40,2343
66,2342
-15,2341
-57,2340
72,2339
-8,2337
78,2336
-23,2335
60,2334
-96,2333
-84,2332
-75,2328
72,2327
40,2326
-65,2323
-34,2320
-13,2319
42,2315
-10,2314
57,2313
-71,2312
-20,2310
77,2309
-33,2308
-98,2307
-94,2306
-14,2304
-21,2301
-25,2300
-98,2299
56,2298
37,2297
60,2296
88,2295
-86,2293
68,2291
-10,2290
77,2289
65,2288
69,2287
77,2286
-39,2284
20,2283
-46,2282
75,2281
-33,2280
-15,2279
-64,2278
96,2277
6,2273
38,2272
77,2271
-10,2270
87,2269
31,2268
28,2267
-1,2266
29,2265
-51,2264
-52,2263
83,2262
-37,2261
79,2260
88,2258
41,2256
-81,2255
-22,2253
-53,2252
88,2249
-20,2248
-58,2247
75,2246
-30,2244
-4,2243
-85,2242
-78,2241
-53,2240
71,2239
40,2237
76,2236
6,2235
27,2234
-90,2233
-95,2232
20,2231
-69,2230
38,2229
60,2228
-49,2226
-5,2225
57,2224
-1,2223
-44,2222
-71,2220
87,2219
-84,2218
-67,2216
83,2214
61,2212
-91,2211
-16,2210
19,2208
-12,2207
89,2206
-96,2205
-10,2204
-87,2202
58,2200
-100,2199
33,2198
-51,2196
-68,2195
78,2194
-42,2192
94,2191
-14,2189
66,2184
68,2183
59,2182
-49,2181
37,2180
70,2179
-78,2178
-45,2176
81,2175
72,2174
-82,2171
50,2170
22,2169
-11,2168
64,2167
86,2166
-68,2165
21,2163
-58,2161
57,2159
55,2158
1,2157
-63,2156
-10,2155
-72,2154
-52,2153
-15,2152
-70,2150
-63,2149
96,2148
-63,2147
18,2146
10,2145
29,2144
-23,2143
7,2142
-73,2140
-96,2139
55,2138
-36,2137
40,2134
-5,2133
18,2132
49,2130
-55,2129
-14,2128
-38,2127
-65,2126
72,2125
41,2124
60,2123
69,2122
-15,2121
21,2120
-99,2118
67,2117
-74,2116
-26,2115
-53,2114
-23,2112
40,2110
-38,2108
98,2107
16,2106
96,2104
49,2102
-44,2101
-86,2100
-53,2099
-33,2098
68,2097
62,2096
80,2095
-56,2093
-17,2092
62,2090
-30,2088
-100,2086
82,2085
22,2084
-46,2083
1,2082
38,2081
-56,2078
-100,2076
61,2075
-37,2074
-35,2073
-97,2072
59,2071
-77,2070
19,2069
71,2068
-28,2065
89,2064
-5,2063
-54,2062
-72,2061
68,2060
-100,2059
20,2058
-76,2057
2,2056
89,2054
64,2053
42,2052
31,2051
64,2049
37,2047
86,2046
50,2045
43,2044
76,2043
76,2042
29,2041
-40,2040
-64,2039
25,2038
-11,2036
-89,2034
55,2032
43,2031
-26,2029
61,2028
37,2027
-84,2026
-68,2025
-46,2024
-10,2020
15,2017
40,2016
-22,2015
80,2014
47,2013
-46,2012
40,2011
63,2009
-77,2008
34,2007
53,2006
57,2005
-77,2004
-2,2003
-48,2002
-81,2001
-31,1998
44,1997
-97,1995
-48,1994
48,1993
76,1992
-28,1991
37,1990
13,1989
50,1987
-35,1984
-29,1981
79,1980
6,1979
-72,1978
90,1975
-60,1974
63,1973
-55,1972
-92,1971
-31,1970
77,1969
100,1968
-45,1967
-92,1966
15,1965
-7,1964
32,1962
-13,1961
55,1960
83,1959
-80,1958
-17,1957
30,1956
63,1955
54,1951
-81,1950
-19,1949
-88,1948
-84,1947
18,1946
-42,1945
-5,1943
38,1942
90,1941
-59,1940
87,1938
18,1937
-89,1936
-44,1935
58,1933
-87,1932
-64,1931
93,1930
46,1929
-26,1928
47,1927
-68,1926
-78,1925
28,1924
-93,1923
-2,1922
82,1921
-76,1920
-8,1919
67,1918
44,1917
-3,1916
43,1913
-46,1911
-15,1910
-16,1909
13,1908
35,1907
46,1906
34,1905
34,1904
-50,1903
100,1902
76,1901
15,1900
-45,1899
99,1898
-60,1897
47,1895
-64,1893
-45,1891
78,1890
97,1889
24,1888
24,1887
-16,1885
-49,1884
-82,1883
47,1882
-86,1879
-1,1878
-11,1877
93,1876
-56,1875
14,1874
-29,1872
62,1871
-86,1870
-89,1869
52,1868
-29,1867
82,1865
-99,1864
42,1863
59,1862
-31,1861
-64,1860
-69,1859
-78,1858
4,1856
-50,1855
-74,1854
-16,1853
76,1852
100,1851
-70,1850
86,1849
-45,1848
-95,1847
50,1845
-89,1844
68,1843
-87,1842
47,1841
-30,1840
74,1839
-65,1838
1,1837
-40,1836
67,1834
27,1833
65,1832
-8,1830
-2,1828
-11,1827
91,1826
-72,1825
28,1824
72,1823
73,1822
4,1820
-34,1819
-22,1818
13,1817
-58,1814
-76,1813
-80,1811
49,1810
62,1809
5,1807
-82,1805
51,1801
-71,1800
-5,1797
-51,1794
-27,1790
3,1789
17,1788
64,1787
-92,1786
-36,1785
14,1782
-44,1781
-10,1780
87,1778
-96,1777
54,1776
29,1775
-89,1774
47,1773
31,1772
39,1771
-98,1770
-86,1769
-49,1768
-4,1767
65,1766
30,1765
-42,1764
-94,1763
73,1761
35,1760
-2,1759
-76,1758
-57,1757
3,1755
-85,1754
57,1753
-42,1752
69,1749
-91,1747
7,1746
65,1744
52,1743
64,1741
-32,1738
41,1737
24,1736
95,1735
-93,1734
-42,1733
-91,1732
8,1731
53,1730
53,1729
-72,1727
-1,1726
7,1724
-52,1723
-98,1722
-39,1721
2,1720
29,1719
31,1718
29,1717
36,1714
5,1713
-82,1712
59,1711
93,1710
17,1708
39,1707
100,1705
-60,1704
-31,1703
50,1701
-53,1699
32,1698
42,1696
26,1695
-75,1693
38,1692
-18,1690
49,1687
-7,1686
-31,1685
43,1682
-57,1681
-67,1680
-3,1679
79,1678
-42,1676
-49,1675
55,1671
24,1669
-91,1668
-76,1667
-46,1666
51,1665
86,1663
-37,1662
-73,1661
-77,1659
89,1658
77,1657
-92,1656
-12,1655
-72,1654
52,1653
8,1652
20,1651
-2,1650
-21,1649
-45,1648
29,1647
-36,1645
47,1643
43,1642
-9,1640
-47,1639
-52,1638
-35,1637
61,1636
68,1632
-49,1628
-88,1626
50,1625
1,1623
-9,1622
-51,1621
-82,1620
1,1619
-70,1618
-18,1617
66,1616
-76,1615
45,1614
-76,1612
-72,1611
-33,1610
-4,1607
27,1606
-57,1605
-55,1604
90,1602
27,1601
-26,1599
39,1598
12,1597
15,1594
74,1593
81,1592
67,1591
37,1590
14,1589
-8,1587
11,1586
-30,1585
-96,1582
-43,1581
-54,1580
-100,1579
-27,1578
-64,1577
42,1573
-14,1572
-69,1571
61,1569
-83,1568
-15,1567
-11,1566
95,1565
-9,1564
94,1563
-61,1561
48,1560
22,1558
-43,1557
32,1555
-96,1554
-71,1553
-81,1552
-3,1550
-85,1549
56,1548
44,1547
41,1546
-64,1544
82,1543
-92,1542
-63,1541
-34,1540
-79,1539
53,1538
-12,1537
9,1535
-57,1534
-35,1533
-92,1532
8,1531
-65,1527
50,1526
-15,1525
29,1524
94,1523
15,1521
74,1519
-2,1518
33,1517
-22,1515
-67,1514
-98,1511
31,1510
60,1509
-7,1504
-62,1502
85,1501
14,1499
12,1498
35,1496
-88,1495
19,1494
-32,1492
-77,1491
17,1489
39,1488
1,1487
-52,1486
-14,1485
78,1484
-50,1482
54,1481
1,1480
46,1479
-84,1478
-77,1477
-52,1476
64,1475
-59,1474
-2,1473
-48,1471
35,1470
-48,1469
12,1468
67,1467
-96,1466
-3,1465
88,1464
-99,1463
19,1461
69,1460
40,1457
-87,1456
40,1455
23,1454
-85,1453
82,1452
74,1449
-75,1448
-68,1447
85,1446
4,1445
70,1444
-77,1442
18,1441
47,1440
89,1439
-19,1437
15,1433
-82,1432
67,1431
-9,1429
-72,1428
14,1427
86,1426
-32,1425
79,1424
22,1422
-99,1421
-70,1420
-72,1419
95,1418
-15,1415
67,1414
-53,1413
-18,1412
57,1411
-62,1408
-99,1407
-96,1406
-45,1405
-48,1404
-3,1403
-16,1402
52,1401
-78,1400
19,1399
-78,1398
69,1397
-100,1396
12,1395
36,1394
-11,1393
59,1392
-82,1391
58,1390
57,1389
12,1388
7,1387
-82,1386
-60,1385
-82,1384
51,1381
98,1380
78,1379
-34,1376
6,1375
-29,1374
51,1373
64,1372
-73,1371
-41,1370
-52,1369
-24,1366
47,1364
-51,1362
66,1361
-96,1360
-61,1358
-12,1356
77,1355
30,1354
10,1353
-47,1350
100,1348
-21,1347
-89,1344
-5,1343
-95,1341
-63,1338
58,1337
-5,1336
92,1335
-35,1333
20,1330
17,1329
33,1328
-88,1327
83,1326
8,1325
-59,1324
32,1323
86,1320
-9,1318
-68,1316
35,1315
-1,1312
-54,1311
-85,1309
-53,1308
-24,1307
53,1305
44,1304
-69,1302
-12,1301
-95,1300
-84,1299
16,1298
-86,1297
-25,1294
72,1293
12,1291
21,1289
28,1287
-13,1286
-80,1285
43,1284
-71,1283
96,1281
-89,1280
-98,1279
-56,1278
-6,1277
-83,1276
35,1275
-77,1274
-20,1273
99,1272
95,1270
41,1269
35,1268
11,1267
-10,1266
32,1265
-58,1264
-87,1262
63,1260
83,1259
-3,1258
-19,1256
-79,1255
-100,1253
-48,1252
41,1251
-65,1249
-54,1247
15,1244
-76,1242
32,1241
-55,1240
78,1239
-74,1238
62,1234
-46,1233
-69,1232
-69,1230
-22,1228
-75,1227
55,1226
98,1222
-96,1220
1,1219
92,1218
-88,1217
-34,1216
83,1215
-29,1214
-10,1213
21,1212
57,1211
-9,1210
56,1209
95,1207
96,1205
-95,1203
-15,1202
38,1200
19,1199
54,1198
58,1197
49,1196
41,1194
65,1193
-9,1192
-59,1190
48,1189
24,1188
-40,1187
-86,1186
-48,1185
25,1181
31,1179
15,1177
38,1176
-18,1174
70,1173
-39,1172
-21,1171
-40,1170
-11,1169
-93,1166
32,1165
-6,1164
-30,1163
92,1162
-53,1158
-46,1156
-76,1155
73,1154
-97,1153
-66,1152
-35,1151
56,1150
98,1148
46,1147
59,1145
-52,1144
94,1143
-38,1142
-30,1141
-71,1135
-10,1134
-97,1133
-2,1132
68,1131
41,1129
-39,1128
97,1126
-89,1124
-86,1123
-82,1122
4,1121
-30,1120
-86,1119
28,1117
55,1116
-39,1115
54,1114
-88,1110
-37,1109
50,1107
-53,1106
58,1105
-77,1103
56,1102
-44,1100
-7,1099
-46,1097
28,1096
26,1094
97,1093
35,1092
55,1091
63,1090
-91,1089
45,1088
13,1087
-66,1086
-3,1085
82,1084
58,1083
25,1081
91,1080
-31,1079
-87,1078
-68,1075
26,1074
84,1073
52,1072
2,1069
91,1068
-21,1067
-33,1066
-31,1065
85,1064
-4,1062
23,1060
-72,1059
-95,1058
-77,1057
-70,1056
-47,1055
-12,1054
-71,1053
46,1052
-6,1051
-55,1049
62,1048
-71,1047
-23,1046
35,1045
86,1044
-53,1043
71,1041
40,1039
-45,1038
-44,1037
-82,1035
77,1034
91,1033
94,1032
-13,1031
80,1029
14,1027
-7,1026
-77,1025
-18,1024
14,1023
-37,1021
-17,1020
-52,1019
-94,1017
72,1016
-18,1015
-33,1014
1,1013
39,1012
68,1011
-76,1010
38,1009
11,1008
74,1007
93,1006
65,1005
33,1004
-14,1002
-83,1001
77,1000
18,999
-7,998
70,996
-81,995
-57,994
48,992
92,991
-61,990
39,989
27,988
53,987
51,986
-81,984
-93,983
-18,982
-97,980
-10,979
-39,978
-20,977
-96,976
81,975
5,973
-24,972
-36,971
-86,970
41,969
64,967
36,966
4,964
-47,963
-90,962
-53,961
67,960
95,959
-36,957
-91,956
64,955
68,954
-83,952
100,951
-98,950
66,949
20,948
-59,947
19,946
-6,944
-34,942
-36,941
-30,940
-74,939
74,938
-39,937
65,936
62,934
-20,933
97,931
-6,930
-65,929
-41,928
-88,927
41,926
47,925
-78,924
-84,922
-44,921
90,920
-96,919
-54,918
-17,916
-48,915
-45,914
-17,913
-56,912
74,911
64,910
-29,907
25,906
-18,905
-19,904
-60,903
95,902
0,901
78,900
23,899
-56,898
65,897
-24,896
-17,895
93,894
-15,893
100,891
-7,890
-76,889
60,887
62,886
-81,885
66,883
94,880
70,877
24,876
89,875
-4,873
1,872
57,871
-100,870
17,869
35,865
98,864
-70,863
-66,862
-64,861
76,860
-79,859
-42,854
83,851
86,850
71,849
-1,848
-86,847
-72,846
-95,843
36,842
-61,840
-35,839
-97,838
45,837
-11,835
-80,833
-8,832
73,831
-77,830
-82,828
-37,827
90,826
-24,825
26,823
-79,822
-18,821
-87,819
-63,818
1,817
56,816
-100,814
-56,813
82,812
55,811
-66,810
3,807
92,806
-78,804
31,803
-53,801
-61,800
51,799
-37,798
-43,797
96,796
96,795
20,794
38,793
98,792
25,790
-19,789
-38,788
-40,787
-16,786
30,785
-38,784
21,782
-94,780
-46,778
37,777
-81,776
73,775
57,773
6,772
-40,771
72,770
-57,769
-69,768
40,767
52,766
9,765
-83,763
-70,762
41,761
99,760
-98,759
-94,758
25,757
31,756
66,755
-8,754
-45,752
-39,750
-84,749
89,748
-34,746
59,745
-25,744
-57,743
60,742
28,737
-46,736
-22,735
-22,734
-84,733
5,732
-58,731
-87,729
58,728
3,726
67,724
96,723
45,722
-50,721
4,720
-26,719
-51,717
-85,716
-14,715
93,713
48,712
-23,711
65,709
-39,708
-53,707
-87,705
26,704
40,703
-42,702
6,701
38,699
-10,698
-44,696
79,695
-60,692
98,691
-80,690
23,689
-22,688
88,687
10,686
69,685
-19,684
32,683
-78,682
-67,681
65,680
22,679
45,677
-46,675
8,674
-100,673
38,672
88,671
-22,670
-79,669
-88,668
68,666
30,665
95,664
-75,663
28,662
89,659
-50,658
43,654
-44,653
-46,652
-45,650
25,649
54,648
56,647
-44,646
-49,645
-55,644
-71,643
42,641
95,640
-32,639
1,638
-29,637
97,636
20,635
77,633
-56,632
-92,631
-25,630
-28,629
-55,628
17,627
59,626
41,625
49,624
-9,622
88,621
46,620
69,619
-41,618
50,617
-60,616
41,611
-26,610
-2,609
94,608
50,607
-51,606
13,604
-30,601
33,600
-1,597
-12,596
-21,595
7,594
22,591
84,590
67,589
-61,588
21,587
48,586
54,585
32,584
16,581
-41,580
-74,578
6,575
-18,573
82,572
-69,571
-21,570
-46,568
-18,567
20,566
51,564
54,563
-55,560
-50,559
-66,558
-93,557
-22,556
-94,554
64,553
76,552
-57,551
9,548
42,547
-74,545
-13,543
-41,542
41,541
24,540
-28,538
16,537
-59,536
-16,535
36,534
0,533
-47,531
-42,530
72,528
-85,527
-14,526
-53,525
27,524
-78,521
93,520
93,519
42,517
-50,516
-55,515
-75,514
-28,513
-77,512
89,511
-76,510
-87,509
41,507
4,505
16,503
-97,502
17,501
89,500
65,499
55,498
-79,497
27,494
-48,493
-85,492
62,491
-46,490
70,488
-51,487
-23,486
-40,485
2,482
10,481
8,480
-86,479
56,478
-64,477
13,476
-83,474
28,473
83,472
-40,471
-21,470
-77,469
-67,468
-38,467
58,466
25,465
30,464
-22,462
-14,461
-88,460
-1,458
-97,455
2,453
83,452
-64,451
20,449
-2,448
-65,447
-53,446
8,445
23,444
31,443
-47,442
-48,441
-60,440
46,439
-23,438
-92,437
34,436
-76,434
97,433
66,432
14,431
21,430
-76,429
58,428
59,426
-55,425
-60,424
94,423
100,421
-21,420
-78,419
77,418
39,415
-8,414
-22,412
-45,411
47,410
15,409
24,408
75,407
75,406
36,405
79,404
-18,403
54,401
-53,400
24,399
16,397
-7,396
73,395
-79,394
-87,393
-14,392
62,391
83,390
89,389
87,388
64,387
44,386
42,385
-79,384
-55,382
-38,381
-76,380
-25,379
-5,377
-95,376
84,375
-76,374
79,373
13,372
65,371
-60,370
41,369
54,367
-74,366
42,364
-87,361
-91,360
97,359
-40,357
53,355
-54,354
-45,353
97,352
-62,351
51,350
56,349
-85,348
16,347
49,346
-96,345
84,344
99,343
76,342
-37,341
-11,340
-97,339
-6,338
-66,337
77,336
43,335
21,333
-71,330
-71,329
-7,328
-34,327
78,326
39,325
-46,324
-65,323
-56,322
58,320
-48,319
-29,318
-23,317
84,316
-61,315
25,314
23,312
-33,311
-78,310
-52,309
91,308
-70,306
-44,304
-86,303
14,302
-20,300
38,299
-80,298
20,296
-27,295
47,294
-68,293
-66,292
48,291
30,288
89,287
62,286
11,283
92,282
-16,280
-26,279
14,278
76,277
-98,276
63,275
-27,273
84,272
-26,271
-28,270
-50,269
-34,266
-19,264
-8,263
-28,262
-4,259
-72,257
-53,256
-76,255
9,254
89,253
-68,252
41,251
8,249
-28,248
95,247
77,245
87,244
-77,241
58,240
6,239
-25,238
-36,237
-79,236
98,235
24,234
-1,233
87,232
-10,231
16,230
-81,229
-27,228
45,226
96,224
85,222
-73,221
3,220
28,219
-84,218
36,217
26,215
34,213
-46,212
7,211
10,210
-57,209
-48,208
-31,207
-9,206
-64,205
81,204
-56,202
77,201
-14,200
-68,199
-90,196
35,194
54,193
63,192
-85,191
-98,189
-45,188
74,187
-62,186
25,185
57,184
8,181
-22,180
64,179
-75,177
-92,176
61,175
30,174
62,173
18,172
22,171
-22,170
7,169
-70,168
32,167
-73,165
-2,164
-43,161
-61,160
-43,159
-21,158
24,157
-45,156
52,152
-55,150
-56,149
-6,146
-62,144
-96,141
6,140
79,139
79,138
58,137
-5,136
-41,135
-22,134
-58,133
35,132
48,131
73,130
28,129
29,128
-55,126
70,124
51,122
-82,121
-12,119
76,115
99,114
10,113
50,112
-26,111
22,109
94,108
-50,106
28,105
49,104
-23,103
-50,102
-56,101
98,98
-20,97
-13,96
2,95
5,94
-81,93
97,91
-39,90
-70,89
41,87
82,86
91,85
-69,84
91,83
31,80
-32,79
-10,78
-17,77
51,76
-87,72
-26,69
-46,68
-76,67
-86,65
-41,64
34,63
87,62
55,61
-91,60
-72,59
48,58
8,56
4,55
-45,54
30,53
6,52
18,50
37,49
28,47
-92,46
-28,45
-71,44
54,43
52,42
83,40
84,39
72,38
51,37
-55,36
-26,34
51,33
16,32
26,31
-19,30
-36,26
-74,25
-54,23
-26,22
90,21
-40,20
97,19
57,18
-88,17
100,16
-72,15
-24,14
33,13
85,12
63,11
-10,10
-59,9
-52,8
-16,7
66,6
90,5
48,4
100,2
-61,0
