24,10000
-85,9999
-11,9997
-49,9996
-97,9995
-66,9993
0,9992
76,9987
-6,9985
-74,9983
99,9980
-88,9979
-42,9977
79,9976
72,9975
-21,9974
-70,9973
-67,9972
25,9969
-19,9968
-54,9966
-4,9965
-51,9964
99,9962
69,9961
15,9956
56,9955
-10,9954
42,9953
-52,9950
-11,9949
26,9946
89,9944
-56,9942
-91,9940
34,9938
-58,9937
-44,9936
-59,9935
62,9934
73,9933
-88,9931
66,9930
-21,9929
-3,9928
27,9926
34,9925
-36,9924
-39,9923
7,9922
-92,9921
-86,9920
12,9919
24,9918
78,9917
-22,9915
-47,9914
90,9913
63,9912
-92,9911
-17,9910
91,9907
-19,9906
41,9905
-7,9904
-52,9903
-28,9902
100,9901
79,9900
-83,9898
40,9897
30,9896
42,9895
59,9894
-32,9893
-59,9892
-29,9890
70,9889
90,9888
-78,9887
-22,9886
94,9885
59,9884
-83,9883
42,9882
56,9881
61,9879
-71,9877
61,9875
-95,9874
-62,9873
87,9872
82,9871
-88,9870
95,9868
-92,9867
98,9866
-44,9865
-73,9864
-59,9863
-98,9862
36,9861
78,9860
-64,9859
-91,9858
45,9856
16,9855
-75,9854
-96,9853
37,9852
2,9851
18,9850
85,9849
-53,9848
-74,9847
43,9846
53,9843
50,9842
69,9841
-96,9839
-98,9838
79,9837
-25,9836
-17,9835
34,9834
-52,9833
63,9832
-38,9831
-21,9830
63,9829
7,9827
29,9826
69,9825
-72,9824
35,9823
-72,9822
26,9821
16,9819
98,9818
-50,9817
73,9816
-45,9814
91,9813
-10,9811
-37,9810
-77,9809
-60,9807
24,9806
-13,9805
63,9802
25,9801
25,9800
-97,9798
-39,9797
-89,9796
37,9794
28,9793
18,9792
-91,9791
-22,9790
-96,9789
76,9788
-72,9787
-13,9786
93,9785
16,9784
-24,9783
70,9782
14,9781
-91,9780
-36,9779
17,9777
-64,9776
89,9775
96,9773
-1,9772
-34,9771
-88,9770
69,9768
-5,9766
-89,9765
34,9764
99,9763
43,9761
30,9759
40,9758
39,9756
-33,9755
46,9754
-92,9753
6,9751
-98,9750
95,9747
-30,9745
-29,9744
79,9743
15,9742
-16,9741
2,9740
-46,9735
-18,9733
-64,9732
6,9729
99,9728
35,9727
96,9726
-83,9723
-55,9721
-97,9720
-48,9719
-76,9717
46,9716
-89,9715
5,9714
65,9713
-68,9711
-33,9710
-44,9709
-72,9708
63,9707
-86,9706
76,9705
55,9704
7,9703
-3,9702
48,9701
100,9700
-44,9699
82,9697
-99,9694
-74,9693
-14,9692
63,9691
31,9690
-15,9689
57,9687
-2,9686
45,9685
-76,9684
-33,9682
5,9681
37,9680
67,9679
-45,9678
-40,9677
88,9676
57,9675
13,9674
-94,9673
49,9672
4,9671
41,9670
-98,9669
-53,9667
19,9666
12,9665
8,9664
23,9663
-17,9662
37,9661
80,9660
-38,9658
-2,9656
-55,9655
-23,9653
84,9651
-45,9649
-68,9647
23,9645
-21,9644
-46,9642
10,9641
12,9640
99,9639
-66,9638
-71,9637
16,9636
-25,9633
55,9632
72,9631
35,9630
62,9629
73,9628
89,9627
-62,9626
-25,9625
82,9624
-8,9623
23,9622
-36,9621
-32,9619
62,9618
-99,9617
-10,9615
84,9612
-38,9610
-83,9609
67,9608
99,9607
53,9605
-59,9603
-84,9600
-55,9599
24,9597
55,9596
93,9595
10,9594
-22,9592
12,9591
-2,9590
48,9589
67,9588
-98,9587
-68,9586
0,9585
-32,9584
54,9583
38,9582
-80,9581
10,9579
19,9578
18,9577
38,9575
15,9574
-12,9573
-63,9572
-61,9571
15,9570
-53,9568
-32,9566
-86,9565
12,9564
33,9562
12,9561
-3,9560
-66,9559
-39,9558
98,9557
-11,9556
-68,9555
87,9552
-39,9551
-55,9550
-46,9549
100,9548
-15,9547
16,9545
-6,9542
-18,9541
67,9540
63,9539
48,9538
75,9537
84,9536
-49,9535
-12,9534
6,9530
81,9528
46,9527
-89,9525
-94,9524
100,9523
-73,9522
-6,9521
-92,9519
-55,9518
46,9517
21,9516
-78,9514
35,9513
-98,9512
51,9511
-74,9510
-15,9508
-84,9506
45,9505
1,9503
-15,9502
42,9500
88,9499
-33,9498
-46,9497
100,9496
-51,9495
1,9494
-44,9493
-98,9492
-59,9490
56,9489
45,9488
98,9487
-38,9486
-72,9485
-39,9484
-52,9483
54,9481
98,9480
-71,9479
82,9478
-72,9477
61,9476
-98,9475
61,9474
-69,9473
-88,9472
65,9471
-76,9470
-14,9469
87,9468
40,9467
34,9466
70,9465
72,9464
27,9463
-34,9462
60,9459
-29,9457
-44,9455
-40,9453
79,9452
-72,9451
-62,9449
-56,9448
-32,9447
-43,9446
-52,9445
-26,9444
-20,9442
-17,9441
-99,9440
-9,9439
78,9438
-8,9437
-81,9434
94,9432
-26,9431
89,9429
49,9426
16,9424
85,9423
-20,9422
92,9421
30,9420
-3,9419
-69,9417
-61,9414
47,9413
55,9412
-38,9411
0,9409
-15,9408
-75,9407
-9,9406
-88,9405
9,9403
57,9402
-95,9401
-76,9400
-30,9399
-3,9397
-100,9396
-32,9395
-64,9393
-18,9392
58,9391
3,9390
28,9389
-84,9387
-12,9386
-5,9385
33,9384
97,9382
-29,9380
-49,9379
59,9378
80,9376
89,9375
51,9374
-13,9373
-35,9372
-97,9371
-90,9370
-64,9369
-63,9368
-63,9367
3,9366
-17,9364
19,9363
-24,9362
15,9361
78,9360
16,9359
-58,9357
-91,9356
74,9355
95,9354
99,9353
-22,9352
52,9351
-27,9350
74,9349
-18,9348
56,9346
-5,9341
97,9340
60,9338
-59,9337
61,9336
-45,9335
44,9334
-64,9333
77,9331
-52,9327
67,9325
68,9324
21,9323
82,9322
-62,9321
41,9320
3,9319
-28,9318
-99,9317
100,9314
-57,9313
-28,9312
3,9310
21,9307
100,9304
82,9303
37,9302
75,9301
-73,9300
-34,9299
53,9298
41,9297
-76,9296
-91,9294
97,9292
14,9291
38,9290
83,9289
9,9288
62,9287
-14,9286
-42,9285
-77,9284
17,9283
-26,9282
-10,9281
68,9279
-82,9278
-66,9277
21,9276
-77,9274
-24,9273
-92,9272
-26,9270
41,9269
7,9268
-42,9266
-1,9264
-80,9262
91,9261
92,9260
-14,9259
23,9258
55,9257
89,9256
-13,9255
-96,9254
3,9253
17,9252
-66,9251
-45,9250
-52,9249
98,9248
97,9247
5,9246
30,9245
70,9244
32,9243
12,9242
42,9240
62,9239
-22,9238
-45,9237
-72,9236
-92,9235
-31,9233
9,9231
-63,9230
-60,9229
-83,9228
-72,9227
17,9222
64,9221
37,9220
-61,9219
28,9218
40,9215
-26,9214
7,9211
-48,9210
100,9209
-71,9208
82,9207
-54,9205
92,9203
-10,9202
54,9201
-57,9200
86,9199
-4,9198
-25,9197
21,9195
52,9193
66,9191
67,9190
-76,9189
16,9188
-5,9186
-16,9185
37,9184
-53,9183
11,9182
91,9181
79,9180
-36,9179
-98,9178
-4,9176
-92,9175
66,9174
26,9173
66,9172
64,9171
4,9170
71,9168
-26,9167
-42,9165
66,9164
34,9163
47,9162
-80,9161
63,9160
84,9159
87,9158
47,9157
-54,9156
39,9154
68,9153
65,9152
93,9151
-36,9149
-83,9148
98,9147
32,9146
-23,9145
56,9144
-40,9143
-50,9142
46,9141
95,9140
-9,9135
27,9134
59,9132
-79,9131
-83,9129
90,9128
35,9127
-35,9126
-33,9125
-57,9124
-38,9123
41,9122
53,9121
-62,9119
37,9118
57,9117
93,9115
81,9114
-86,9113
-71,9112
-49,9111
-76,9110
-50,9108
-63,9107
89,9106
-99,9105
44,9104
-63,9103
63,9102
53,9100
28,9098
-90,9097
5,9095
-88,9094
-23,9093
7,9092
93,9091
60,9090
-39,9088
-37,9087
-46,9085
-47,9083
61,9082
-23,9080
-91,9078
74,9077
-42,9075
73,9071
54,9070
-90,9069
-20,9068
-83,9066
82,9065
-42,9064
58,9063
-10,9062
-5,9061
75,9060
-97,9059
-47,9058
95,9057
-80,9056
98,9055
-42,9054
98,9053
15,9052
-44,9050
27,9047
-10,9046
-1,9044
-90,9043
-88,9042
72,9041
-49,9040
82,9037
0,9036
-43,9035
81,9034
12,9033
-19,9032
-91,9029
-78,9028
60,9027
-19,9026
-13,9025
-95,9024
28,9023
-48,9020
89,9018
49,9017
-22,9016
32,9015
54,9014
-39,9013
66,9012
-55,9011
-18,9010
11,9009
55,9008
-34,9007
-55,9006
79,9005
-89,9002
-100,9000
7,8999
-52,8995
-61,8994
5,8993
-75,8992
-9,8990
92,8989
-46,8988
29,8987
100,8985
69,8983
-68,8982
-28,8978
39,8977
37,8976
99,8975
2,8974
63,8972
-16,8970
-53,8967
32,8966
48,8964
-67,8963
31,8962
-9,8961
58,8959
98,8957
-31,8956
91,8954
-75,8953
-66,8949
-47,8947
71,8945
8,8944
77,8943
-52,8942
54,8940
-80,8939
10,8938
92,8935
86,8934
-29,8933
91,8932
88,8931
50,8930
65,8929
95,8928
-93,8927
8,8926
-43,8925
13,8924
-7,8923
-68,8920
36,8919
-88,8917
-24,8915
-37,8913
-77,8912
2,8911
-75,8910
11,8909
93,8908
-91,8906
65,8905
-45,8904
44,8903
-60,8902
71,8901
34,8899
-21,8898
54,8897
-92,8895
69,8894
82,8892
-60,8890
-76,8889
-13,8888
14,8887
39,8886
-62,8883
14,8882
12,8879
60,8878
-73,8877
83,8876
-24,8874
74,8873
78,8872
79,8870
-68,8869
-70,8868
44,8867
-26,8866
-7,8865
-45,8863
-30,8862
-53,8860
-65,8859
69,8858
-25,8857
47,8856
63,8855
-32,8854
-44,8852
-21,8851
69,8850
87,8848
-50,8847
15,8845
-95,8844
3,8843
-70,8842
-41,8841
-96,8839
-71,8838
36,8837
-5,8836
50,8835
-39,8834
-53,8833
-39,8832
63,8831
-98,8830
52,8829
-91,8828
-69,8827
-20,8826
-43,8825
31,8824
-72,8823
31,8822
96,8821
23,8820
62,8819
18,8818
67,8817
1,8816
42,8815
-87,8814
-26,8812
35,8811
15,8810
91,8809
47,8808
-65,8807
-6,8806
-15,8805
-5,8804
75,8802
-49,8801
-2,8799
33,8798
-95,8797
-33,8796
38,8795
-61,8793
-25,8790
-90,8789
4,8786
-28,8785
62,8784
-78,8782
94,8781
62,8780
-28,8779
5,8778
-23,8777
-49,8774
11,8772
77,8771
75,8769
98,8768
16,8767
93,8766
-13,8765
32,8764
-30,8763
-90,8760
82,8756
29,8754
-46,8753
-6,8752
58,8751
-25,8750
44,8749
-48,8748
93,8747
-69,8746
38,8744
20,8742
97,8739
-70,8737
-79,8736
59,8735
-62,8734
43,8733
-92,8732
87,8731
47,8730
9,8729
8,8727
8,8725
-35,8724
33,8723
-75,8721
-12,8720
-45,8719
55,8718
51,8717
-53,8716
10,8715
5,8714
72,8713
-43,8711
-20,8710
17,8709
-82,8708
-57,8706
-46,8704
71,8703
41,8702
-31,8701
-55,8700
-15,8699
81,8698
-79,8697
65,8696
25,8695
-70,8694
77,8693
-6,8692
-20,8691
-5,8690
-94,8689
73,8688
-16,8687
-47,8686
4,8685
29,8683
-42,8681
40,8680
-14,8679
74,8678
-49,8677
53,8676
-85,8674
62,8672
76,8671
-17,8669
-85,8668
-81,8666
-13,8664
-12,8663
-97,8662
78,8661
19,8660
-8,8659
87,8658
-64,8657
73,8656
100,8654
44,8653
-36,8652
70,8651
-13,8650
12,8649
-84,8647
55,8646
-60,8645
43,8643
57,8642
23,8640
15,8636
-86,8634
-14,8633
-87,8632
-85,8631
32,8630
-63,8627
-21,8624
18,8623
66,8622
37,8621
-56,8619
10,8618
69,8617
-90,8616
64,8615
-15,8611
-96,8609
70,8608
64,8607
94,8606
11,8605
80,8604
-34,8601
22,8600
69,8599
59,8598
-94,8597
40,8594
-88,8593
21,8592
15,8591
-45,8590
-51,8589
-36,8587
25,8586
-15,8584
-56,8581
-6,8580
27,8579
91,8578
67,8577
-60,8576
-56,8574
-75,8572
16,8570
25,8567
-36,8566
-6,8565
61,8564
-94,8563
-56,8562
-4,8560
-40,8559
-39,8558
-96,8557
-36,8556
50,8553
-21,8551
-17,8549
58,8548
-70,8547
-58,8546
47,8545
93,8544
29,8542
50,8540
47,8539
92,8538
43,8537
40,8536
-14,8535
19,8534
-53,8533
4,8532
-51,8531
-19,8529
95,8528
-1,8527
83,8525
21,8523
-52,8522
-100,8521
81,8520
51,8519
12,8518
-47,8517
-76,8516
99,8515
-9,8514
-11,8513
8,8512
-15,8511
59,8510
-96,8509
44,8508
99,8507
-90,8506
-49,8505
48,8504
74,8503
71,8501
90,8500
29,8499
-20,8494
-96,8493
80,8488
90,8487
6,8486
11,8485
-43,8484
-52,8482
96,8479
74,8478
-80,8477
49,8475
-58,8473
-17,8472
-69,8471
-73,8470
39,8469
80,8467
3,8466
53,8464
-41,8463
-77,8462
23,8461
-95,8460
-69,8458
-47,8456
44,8455
11,8454
-24,8450
73,8449
96,8448
-65,8447
-22,8445
-8,8444
-87,8442
12,8440
98,8438
-50,8437
70,8436
-66,8435
97,8434
19,8433
-36,8432
57,8431
35,8430
77,8429
-50,8428
-35,8426
77,8425
-73,8424
-82,8423
-58,8422
-30,8421
20,8420
7,8419
-68,8418
25,8417
-65,8416
20,8415
-53,8414
5,8413
-10,8412
-75,8411
-77,8410
-68,8409
28,8408
32,8407
-73,8406
22,8404
48,8403
100,8401
-79,8400
-4,8399
92,8396
-67,8394
-23,8390
13,8389
71,8387
75,8386
18,8385
-60,8383
-17,8382
66,8381
6,8380
25,8379
42,8378
-100,8377
41,8375
9,8373
-93,8371
17,8370
94,8369
-52,8368
-43,8367
-65,8366
10,8365
-78,8364
-64,8363
55,8362
-45,8361
10,8360
-84,8357
-46,8355
-88,8354
-1,8353
-53,8352
96,8351
34,8350
-2,8349
49,8346
36,8345
58,8344
-55,8343
-83,8342
97,8341
88,8338
-99,8337
90,8336
0,8335
96,8333
77,8330
-9,8328
17,8327
-50,8326
-80,8324
-81,8323
-71,8321
42,8320
-45,8319
-78,8318
-68,8316
-8,8315
9,8314
-81,8313
52,8309
99,8308
-34,8307
-88,8306
76,8302
41,8301
53,8300
82,8298
52,8297
20,8295
-29,8294
-25,8292
54,8291
-51,8290
46,8289
-61,8286
-79,8285
-53,8284
-49,8282
71,8281
18,8280
91,8279
54,8277
94,8276
51,8275
-93,8274
-85,8273
-16,8271
80,8270
1,8268
79,8267
-10,8266
-99,8265
-30,8264
-25,8262
-82,8261
37,8260
-75,8259
-24,8257
-35,8256
-10,8255
49,8254
55,8253
-93,8252
40,8251
68,8249
91,8248
-6,8245
-85,8241
-2,8240
-21,8239
-49,8235
-55,8233
-67,8232
64,8231
11,8230
-1,8228
-38,8226
79,8225
-33,8224
-31,8223
70,8222
-73,8221
46,8220
-16,8219
71,8218
36,8215
14,8213
76,8211
80,8210
85,8209
-18,8208
-45,8206
-46,8205
-53,8203
58,8202
38,8200
-99,8199
83,8198
56,8195
-11,8194
44,8192
-12,8190
-33,8187
45,8186
-23,8185
-90,8184
-43,8183
1,8182
2,8181
41,8180
58,8179
-83,8178
-66,8177
42,8176
64,8174
-20,8173
16,8171
-49,8170
80,8168
-23,8167
-50,8166
-20,8165
14,8164
-36,8163
68,8162
-18,8161
-35,8160
70,8159
100,8157
82,8156
76,8155
45,8154
21,8153
-73,8152
-88,8150
-8,8149
36,8148
-21,8147
-50,8146
-48,8145
-43,8143
59,8142
-50,8137
-1,8136
-89,8135
23,8134
86,8131
18,8129
1,8128
-62,8127
-44,8126
-23,8125
83,8124
88,8122
3,8121
-24,8119
53,8118
-33,8117
8,8116
0,8115
58,8114
-30,8113
18,8112
-56,8110
-92,8109
9,8108
26,8107
51,8106
59,8105
0,8103
-60,8102
90,8101
59,8100
-66,8096
2,8095
-26,8094
5,8093
47,8092
36,8090
-34,8089
16,8088
-54,8087
77,8084
-57,8083
32,8082
71,8081
-55,8080
65,8077
16,8076
-59,8075
53,8073
-15,8071
-77,8069
39,8067
83,8066
-2,8065
-83,8064
-51,8063
13,8062
93,8059
-11,8057
-36,8056
71,8053
-59,8049
-24,8048
93,8047
-51,8046
89,8045
42,8043
71,8040
9,8037
-60,8036
47,8033
-33,8032
41,8031
40,8030
-95,8029
97,8027
-13,8026
49,8025
-65,8024
-75,8023
27,8022
-22,8021
-63,8020
51,8019
-83,8018
82,8017
-22,8016
68,8015
-26,8011
8,8009
-14,8008
-86,8007
-4,8005
19,8004
-66,8003
-58,8002
62,8001
-15,8000
-3,7999
53,7997
-40,7996
10,7994
1,7993
-34,7991
-34,7990
75,7989
-90,7987
82,7985
-73,7984
-54,7983
73,7982
-39,7981
-69,7978
-43,7977
36,7976
23,7975
-15,7973
-98,7971
-65,7970
46,7969
92,7966
83,7965
25,7963
39,7962
-63,7960
13,7959
-44,7958
27,7956
-95,7955
-78,7954
85,7953
-70,7950
-22,7949
99,7948
54,7947
44,7946
-62,7945
99,7944
-79,7943
-34,7942
36,7940
-18,7938
-80,7937
80,7934
-4,7932
88,7931
-51,7930
-71,7928
83,7927
-25,7924
42,7923
-39,7922
-25,7921
37,7920
87,7917
64,7916
-80,7914
-78,7912
39,7911
-26,7910
5,7908
-50,7907
69,7906
80,7904
100,7903
33,7902
-87,7900
85,7899
28,7898
58,7895
67,7894
98,7891
48,7890
59,7888
65,7887
95,7886
-66,7885
94,7884
-13,7883
31,7882
-13,7881
88,7880
15,7879
90,7875
-47,7873
-63,7872
-73,7871
48,7870
-75,7869
1,7868
38,7867
-64,7866
79,7865
46,7864
73,7863
77,7862
35,7861
-87,7860
93,7858
65,7857
63,7856
73,7855
77,7854
41,7852
32,7851
0,7849
-99,7848
-32,7847
-88,7845
-53,7843
-71,7842
-7,7840
34,7839
65,7838
73,7835
-92,7834
18,7833
20,7832
14,7830
7,7829
51,7828
-61,7827
21,7826
-64,7825
-15,7824
57,7823
-25,7821
-9,7820
50,7819
61,7818
-72,7817
-63,7816
60,7815
-93,7813
97,7811
-76,7810
-53,7808
-74,7807
28,7806
-46,7805
-41,7804
1,7803
20,7802
70,7799
-39,7798
-26,7797
-25,7796
21,7794
-54,7793
-83,7790
0,7789
-57,7788
76,7787
-85,7786
24,7785
-100,7784
-65,7783
17,7782
31,7781
57,7779
51,7778
53,7777
-94,7776
-7,7774
38,7773
18,7771
1,7770
84,7769
-37,7768
-93,7767
33,7764
96,7763
-100,7762
-80,7761
-96,7760
79,7759
-72,7758
-27,7757
-59,7756
-43,7755
76,7754
-15,7753
82,7752
7,7751
-40,7750
2,7746
-8,7745
53,7744
-83,7743
-18,7742
-78,7741
-91,7740
-82,7739
-90,7738
-76,7735
64,7734
49,7733
-67,7732
20,7731
-52,7729
58,7728
100,7727
94,7726
-88,7725
-23,7724
95,7723
87,7722
-9,7720
-51,7719
76,7718
31,7716
35,7715
-20,7714
-70,7713
33,7712
-25,7711
-40,7710
48,7708
-7,7707
38,7706
-46,7705
38,7704
-35,7702
-29,7701
-15,7700
-79,7698
-22,7697
-82,7695
5,7693
28,7692
-3,7691
9,7690
-9,7689
55,7688
-79,7686
-52,7684
-8,7683
-36,7682
74,7681
25,7680
64,7679
-13,7678
93,7677
53,7676
32,7673
85,7672
-7,7671
27,7669
10,7660
69,7659
43,7658
21,7655
2,7651
68,7650
62,7649
-31,7647
51,7646
46,7645
96,7644
85,7642
81,7640
38,7639
43,7638
-89,7637
-73,7635
16,7634
-36,7633
-3,7632
93,7631
53,7630
35,7629
-83,7628
-16,7627
-59,7626
17,7625
37,7624
-24,7623
-84,7622
-100,7621
-87,7620
-28,7615
66,7613
-49,7612
64,7611
53,7610
22,7609
89,7606
14,7604
-89,7603
-46,7602
-35,7601
53,7600
69,7598
93,7597
-84,7596
-42,7595
6,7594
-17,7592
59,7591
-23,7590
14,7589
71,7588
-100,7587
-32,7586
-60,7585
-53,7584
8,7583
-57,7582
47,7581
-60,7580
55,7578
32,7577
77,7576
68,7574
-51,7573
-18,7571
-7,7570
68,7569
81,7568
97,7566
11,7563
-55,7562
60,7561
53,7560
-28,7559
33,7557
-62,7556
-92,7554
-9,7553
-96,7552
-24,7551
-2,7550
78,7549
-76,7548
14,7546
99,7545
-86,7544
-60,7541
-66,7540
71,7539
18,7538
76,7537
95,7536
92,7535
-29,7534
29,7532
46,7531
80,7529
8,7528
-66,7527
34,7526
-97,7525
-9,7524
27,7523
14,7522
-4,7521
-86,7520
-50,7519
73,7518
-65,7517
-88,7516
33,7514
-89,7513
-56,7512
98,7510
33,7508
-49,7507
-30,7506
-1,7505
-100,7504
89,7503
-48,7500
47,7498
34,7497
-91,7496
71,7495
-76,7494
32,7493
-75,7492
91,7491
47,7490
38,7489
11,7488
49,7487
-95,7486
31,7484
-73,7483
48,7482
13,7478
59,7477
93,7475
19,7473
41,7471
-47,7470
-23,7469
34,7468
83,7465
-13,7464
-85,7463
-51,7461
-38,7460
21,7459
-97,7457
74,7456
-5,7454
27,7453
78,7452
-63,7451
-17,7449
-42,7448
26,7446
-46,7445
30,7444
-45,7442
-5,7441
-25,7440
-91,7439
-49,7438
-98,7437
1,7436
24,7435
39,7433
-35,7432
4,7431
-5,7430
87,7429
-70,7428
-85,7427
60,7425
-94,7424
-85,7422
-19,7421
55,7420
-21,7419
39,7418
-14,7417
32,7416
-31,7415
90,7414
-73,7412
-82,7411
-54,7410
19,7409
-63,7408
-5,7407
-44,7406
-74,7404
-23,7403
-70,7402
12,7401
7,7400
-1,7399
71,7398
-78,7397
48,7396
-40,7394
33,7392
-62,7391
-81,7389
-15,7388
-91,7387
-9,7384
12,7382
64,7379
-44,7378
18,7377
-87,7376
-92,7375
-5,7374
62,7372
-39,7371
52,7370
40,7368
-86,7366
56,7365
-9,7364
-70,7363
-77,7361
-73,7360
-45,7359
23,7357
-19,7356
13,7355
65,7354
-78,7353
-29,7352
-5,7349
-58,7348
68,7347
-19,7345
59,7344
32,7342
24,7341
72,7340
-47,7339
83,7338
65,7337
13,7334
-78,7332
-57,7331
-28,7330
37,7329
-68,7326
-71,7325
35,7324
31,7323
-33,7322
-94,7321
-72,7319
-34,7317
-51,7316
18,7314
53,7312
57,7311
56,7310
-77,7308
48,7307
50,7305
43,7304
67,7303
80,7302
-50,7300
78,7299
-89,7298
-24,7296
-11,7295
76,7294
3,7293
0,7292
22,7290
49,7289
1,7288
-81,7287
41,7286
-94,7285
13,7284
-39,7283
-59,7281
-68,7279
18,7278
50,7277
-19,7276
-35,7275
96,7273
-86,7272
68,7271
-2,7270
5,7268
-41,7267
-23,7266
-19,7265
97,7262
71,7261
43,7260
-13,7258
-17,7257
-38,7255
-26,7254
83,7249
-44,7247
12,7246
76,7245
-7,7243
8,7242
21,7241
49,7240
34,7239
29,7238
68,7237
-91,7235
-11,7234
95,7233
-15,7232
62,7230
-24,7229
26,7227
13,7226
22,7224
-14,7223
2,7222
21,7221
-4,7220
-91,7218
-50,7216
-49,7215
93,7213
-83,7212
5,7211
-19,7209
8,7208
-67,7206
-80,7205
54,7204
-73,7203
55,7202
36,7201
-85,7200
-82,7199
-7,7198
24,7197
2,7196
45,7195
9,7194
87,7193
86,7192
89,7191
36,7190
-38,7188
20,7187
-36,7186
53,7185
58,7183
-68,7182
90,7180
-69,7179
-89,7178
-43,7175
-67,7174
66,7171
53,7170
-19,7169
96,7168
-62,7167
-2,7166
-14,7165
-89,7164
88,7163
-64,7161
-25,7160
48,7158
-97,7157
96,7156
54,7155
-61,7154
-27,7153
-42,7152
-30,7151
-37,7150
-59,7149
26,7148
77,7147
96,7145
-4,7144
92,7143
-19,7142
-53,7141
-24,7140
-57,7137
25,7136
73,7134
-18,7133
23,7132
29,7131
54,7130
91,7129
-95,7128
-52,7126
29,7125
-13,7124
-55,7123
-18,7122
22,7121
-76,7118
62,7117
-83,7116
56,7115
0,7113
-69,7112
-55,7110
-22,7108
64,7107
41,7106
76,7104
39,7103
-52,7102
-40,7101
65,7100
76,7098
50,7097
71,7095
-91,7094
63,7093
16,7092
0,7091
-27,7090
-64,7089
-26,7086
26,7085
-19,7084
54,7082
-6,7081
-79,7080
81,7079
36,7078
48,7077
-88,7076
36,7074
70,7073
46,7072
-53,7071
73,7069
-20,7068
-55,7067
-87,7065
15,7064
44,7062
-69,7061
49,7060
-14,7058
29,7057
-51,7056
-10,7055
72,7054
-23,7053
-65,7051
-9,7050
25,7048
98,7047
-34,7045
98,7044
-14,7042
-85,7041
-26,7040
-67,7037
98,7036
-99,7035
2,7034
33,7033
-42,7032
-68,7031
21,7030
46,7029
25,7028
-20,7026
10,7025
82,7024
-5,7022
-39,7021
-55,7020
-19,7018
-90,7017
-90,7016
-7,7015
-25,7014
-31,7013
-91,7012
-16,7011
-32,7010
-74,7009
14,7004
-59,7002
-76,7001
44,6999
-100,6998
-77,6997
17,6996
21,6994
13,6993
19,6992
35,6991
-47,6990
-67,6989
-30,6986
92,6984
-71,6981
-71,6980
-67,6979
-41,6978
46,6977
58,6976
-50,6975
-47,6974
81,6973
31,6972
95,6971
85,6970
-79,6969
-80,6968
-17,6966
-33,6964
63,6963
-10,6962
-31,6957
43,6956
4,6955
0,6954
-77,6953
-51,6952
85,6951
-70,6950
-15,6948
-2,6947
-16,6944
-61,6942
-34,6940
11,6939
23,6938
96,6937
9,6934
-99,6933
-18,6932
-34,6930
3,6929
76,6928
-69,6927
-15,6925
49,6923
79,6920
32,6918
-32,6917
-14,6916
-53,6915
-59,6914
99,6913
-24,6912
50,6911
23,6910
24,6908
44,6907
85,6905
-26,6903
-34,6900
-84,6898
44,6897
-20,6895
30,6894
-20,6891
69,6890
54,6889
-51,6888
-42,6887
69,6886
31,6885
-79,6884
-52,6883
-53,6880
-94,6879
64,6878
67,6877
16,6876
-13,6875
49,6874
54,6873
15,6872
75,6869
-69,6864
-62,6863
-41,6862
-54,6860
-3,6859
-39,6857
57,6855
0,6854
-45,6853
-71,6852
-13,6851
-75,6850
44,6848
70,6847
-82,6845
45,6844
85,6842
70,6841
43,6840
-10,6838
-1,6837
-1,6835
-95,6834
-41,6833
50,6832
84,6828
-43,6826
81,6824
-47,6823
9,6822
58,6820
3,6819
2,6818
17,6816
15,6815
49,6814
-56,6813
36,6812
17,6810
-78,6808
-21,6807
-96,6806
-30,6805
37,6804
63,6803
90,6802
13,6801
-34,6800
-68,6799
50,6798
-58,6796
78,6795
-3,6794
-1,6793
68,6791
30,6790
-31,6787
89,6786
-76,6784
4,6783
-45,6782
62,6781
-36,6780
20,6779
37,6778
-1,6777
15,6776
-26,6775
-26,6774
-42,6773
43,6771
16,6770
71,6769
59,6768
-48,6767
-83,6766
46,6765
-65,6764
55,6761
-68,6760
-98,6759
95,6758
-25,6756
11,6755
20,6754
68,6752
-20,6751
-28,6750
-17,6749
11,6748
37,6747
6,6746
-35,6743
38,6742
-63,6740
47,6738
40,6737
34,6736
-78,6734
-83,6733
-69,6732
40,6731
-35,6730
85,6729
-22,6728
57,6727
24,6724
72,6723
20,6721
-11,6719
-55,6718
-1,6717
77,6716
-11,6715
64,6714
-83,6712
53,6711
-63,6710
-28,6709
21,6708
-64,6707
-35,6706
56,6705
-48,6704
0,6703
-45,6702
51,6701
20,6699
-5,6698
-80,6695
92,6694
-62,6692
-53,6690
8,6689
14,6688
-25,6687
43,6686
-72,6685
5,6684
-26,6683
19,6680
-5,6678
-65,6677
-8,6676
-61,6675
-4,6673
94,6672
-33,6671
-73,6670
42,6669
-25,6668
8,6665
31,6664
99,6663
99,6661
98,6660
3,6659
8,6658
70,6655
45,6653
21,6652
97,6650
-94,6649
27,6644
32,6642
-37,6641
6,6640
84,6639
28,6638
96,6636
100,6635
14,6634
-30,6633
-66,6632
-2,6631
43,6630
27,6629
-55,6628
7,6626
38,6624
100,6623
80,6622
-77,6621
-44,6620
8,6619
64,6618
77,6617
-21,6616
-56,6615
-53,6614
34,6613
-82,6611
-86,6609
-31,6608
-24,6607
-16,6606
44,6605
-23,6604
-22,6603
-93,6602
-40,6599
64,6598
-16,6597
7,6596
43,6595
67,6594
92,6593
-28,6592
2,6591
-18,6590
90,6589
53,6588
27,6587
81,6586
75,6585
51,6584
9,6583
-39,6579
41,6578
-1,6577
-44,6576
-87,6575
8,6573
-20,6572
-83,6571
-24,6570
5,6569
-80,6568
70,6566
64,6565
-26,6564
56,6562
39,6561
-84,6560
-70,6559
-15,6558
-11,6557
-17,6556
-17,6555
5,6554
23,6553
10,6552
61,6551
-69,6550
96,6549
-8,6548
-54,6547
95,6545
-87,6544
26,6543
-18,6542
-92,6541
-10,6539
86,6538
-22,6536
-17,6534
-25,6533
14,6532
25,6531
-20,6530
-12,6529
-48,6528
59,6526
-68,6525
-70,6523
6,6521
89,6520
4,6519
73,6517
23,6516
-100,6515
-40,6514
47,6513
-14,6511
-35,6510
-48,6509
-19,6508
-18,6507
63,6506
-28,6504
3,6503
46,6502
-3,6501
20,6500
-30,6499
-87,6496
-51,6494
51,6493
10,6492
80,6491
-2,6490
73,6489
-42,6488
-96,6487
-48,6486
92,6484
-88,6483
23,6482
22,6481
-10,6480
57,6479
-4,6478
86,6477
-65,6476
-95,6475
10,6473
-23,6472
-90,6471
24,6470
-54,6468
-59,6467
-91,6466
-63,6465
11,6464
-2,6463
-6,6462
-95,6461
83,6460
53,6459
-19,6458
72,6457
75,6456
53,6455
15,6454
72,6453
-41,6452
65,6450
20,6449
-81,6448
-43,6446
-17,6445
-63,6444
-91,6443
19,6442
-64,6441
84,6440
53,6438
-12,6437
19,6435
97,6434
40,6433
57,6431
94,6429
37,6428
10,6427
-16,6426
-61,6424
-93,6423
36,6420
77,6419
27,6418
69,6417
-76,6416
-58,6415
-82,6414
-80,6412
-16,6411
-73,6410
-75,6409
-21,6407
-5,6405
-85,6403
16,6402
-15,6401
19,6400
-16,6399
-70,6398
-6,6397
-26,6396
-66,6395
-90,6394
25,6391
44,6390
-100,6389
90,6386
72,6385
62,6384
76,6381
23,6380
61,6379
15,6377
-6,6376
56,6374
-25,6372
51,6371
59,6369
-61,6368
-68,6364
-15,6363
20,6362
-41,6361
-98,6360
-85,6359
-50,6357
-69,6354
-21,6353
-8,6352
-24,6350
-49,6349
-58,6346
46,6344
79,6343
-62,6342
-69,6338
99,6337
-36,6335
51,6333
-14,6332
-65,6330
-71,6329
20,6327
-92,6326
86,6325
23,6324
89,6323
-6,6322
-97,6321
6,6320
-13,6319
-3,6317
-23,6316
88,6315
-75,6314
14,6313
35,6312
-25,6311
-18,6310
-37,6309
-84,6308
-9,6307
21,6306
-86,6305
18,6304
-22,6303
-38,6300
-73,6299
69,6298
22,6295
97,6294
-34,6293
40,6292
-1,6290
93,6289
-54,6287
79,6285
55,6284
48,6283
-58,6282
5,6281
-91,6280
39,6279
-16,6278
-7,6277
49,6275
-49,6274
61,6273
96,6271
42,6270
-2,6269
94,6268
-20,6266
-29,6265
-19,6264
-1,6263
11,6261
-18,6260
50,6259
70,6258
-52,6257
-61,6256
-15,6255
35,6254
-100,6253
56,6252
94,6251
1,6247
-39,6246
60,6245
94,6243
47,6242
-51,6240
-98,6239
-91,6238
38,6237
-6,6235
-25,6234
41,6233
-69,6232
-11,6231
5,6230
-96,6229
98,6227
-2,6226
-16,6224
7,6223
87,6222
-84,6220
-50,6218
81,6217
-48,6216
40,6215
16,6214
72,6213
4,6212
14,6211
16,6210
44,6209
-93,6208
-11,6207
58,6206
59,6204
45,6203
82,6202
15,6201
-11,6200
43,6199
-98,6198
100,6197
25,6196
-72,6195
0,6194
45,6193
-26,6192
-47,6191
-73,6190
0,6189
-38,6187
73,6186
52,6185
9,6184
47,6183
84,6181
80,6180
75,6179
-25,6178
-41,6177
26,6175
-2,6174
-37,6173
-77,6172
-37,6171
-25,6170
-92,6169
-26,6168
11,6167
63,6165
-58,6162
66,6161
-80,6160
71,6158
-50,6156
-59,6155
-54,6154
42,6153
70,6152
-1,6151
-20,6150
25,6149
36,6147
30,6146
-3,6145
92,6144
62,6142
86,6141
47,6140
-24,6139
-55,6138
28,6136
-83,6135
6,6134
-72,6133
-72,6132
82,6131
7,6129
-15,6128
76,6126
79,6125
7,6124
52,6123
-48,6122
0,6121
-52,6118
-44,6117
89,6116
91,6115
76,6114
29,6111
68,6110
-99,6109
-71,6108
-96,6106
37,6105
-23,6104
-75,6102
-55,6101
87,6100
-93,6099
-92,6098
-17,6097
24,6095
90,6094
56,6093
-41,6090
35,6089
-52,6088
29,6087
-43,6086
85,6085
74,6084
-5,6082
22,6080
-64,6079
17,6078
-10,6077
9,6076
90,6075
-83,6073
4,6072
-33,6070
-48,6068
-40,6067
9,6066
50,6064
62,6063
83,6061
36,6059
84,6058
-86,6057
-45,6056
55,6055
73,6051
-67,6050
-53,6048
48,6047
14,6042
10,6041
51,6040
60,6039
8,6038
7,6037
-63,6035
29,6033
73,6032
-3,6031
-39,6030
-71,6027
98,6026
-70,6024
22,6023
-54,6022
-76,6021
-39,6020
63,6019
-47,6018
85,6016
-49,6015
27,6014
-32,6013
-100,6011
32,6009
-79,6008
57,6007
92,6006
-51,6004
-99,6003
67,6002
-58,6001
12,6000
62,5998
-31,5997
-62,5996
-70,5995
-88,5993
54,5992
-99,5991
65,5990
-83,5987
-7,5986
-97,5985
32,5983
-36,5980
-16,5977
0,5976
-11,5975
-49,5972
79,5971
-60,5970
69,5968
12,5966
-53,5965
-61,5964
-92,5963
-65,5962
19,5961
56,5960
-68,5958
-88,5957
-80,5956
44,5955
-28,5953
-17,5952
-18,5950
-96,5949
45,5948
16,5947
-2,5946
28,5944
-41,5943
-11,5942
1,5941
14,5939
60,5938
-11,5937
-30,5936
-93,5935
-3,5934
62,5933
43,5932
12,5931
-14,5930
14,5929
-65,5928
53,5926
12,5924
88,5921
-27,5920
-33,5919
-24,5918
-73,5917
93,5916
-53,5915
1,5913
39,5911
-42,5909
-55,5908
-12,5907
53,5906
-3,5904
-55,5903
35,5902
-87,5900
71,5899
-97,5898
-88,5897
60,5896
-14,5895
19,5894
6,5892
-19,5891
-53,5890
-83,5888
-43,5885
7,5884
-3,5883
-2,5882
55,5881
-23,5880
-65,5879
48,5877
55,5876
86,5875
-56,5874
-57,5872
68,5870
66,5869
-67,5868
58,5867
-29,5866
10,5865
79,5864
-64,5863
-50,5862
-46,5861
-51,5860
87,5859
-53,5858
76,5857
87,5854
83,5853
-32,5851
91,5850
-41,5848
46,5847
-81,5845
30,5844
30,5843
75,5842
56,5841
-65,5840
-99,5839
78,5838
31,5836
56,5835
4,5834
16,5833
-92,5830
49,5828
13,5827
-62,5826
-69,5825
-42,5824
89,5823
42,5822
32,5821
-89,5820
-98,5819
-81,5818
-53,5816
-67,5815
61,5814
-92,5813
-63,5812
94,5810
-10,5809
-80,5807
30,5806
-81,5805
-89,5804
72,5803
-12,5802
-8,5801
23,5800
-7,5795
-33,5794
85,5792
-30,5791
29,5790
36,5789
41,5787
-28,5786
37,5784
-96,5780
-38,5779
-90,5778
16,5776
100,5775
-56,5774
35,5773
41,5772
-66,5771
-82,5770
-59,5769
32,5768
34,5767
17,5766
74,5765
-49,5764
80,5763
2,5761
56,5760
-17,5759
-85,5758
-17,5757
56,5756
57,5755
-26,5754
-33,5753
48,5752
-14,5751
73,5749
62,5748
-57,5747
53,5746
-6,5745
-37,5743
54,5742
50,5741
-35,5739
27,5738
86,5737
-94,5736
-71,5735
78,5733
8,5731
0,5729
15,5727
-5,5723
-1,5722
-57,5719
-44,5717
22,5716
-29,5715
83,5712
-56,5711
69,5710
-3,5708
74,5707
-32,5706
-18,5705
-52,5704
-39,5703
-92,5702
-76,5700
-78,5699
78,5696
-66,5695
41,5693
-66,5686
18,5685
-26,5683
-39,5682
-38,5681
-92,5680
-40,5679
-18,5678
-46,5677
22,5676
77,5675
42,5674
4,5673
13,5672
-58,5671
46,5669
-44,5667
-39,5665
-36,5664
-47,5663
26,5662
82,5661
66,5660
32,5659
87,5658
91,5657
62,5656
44,5654
22,5653
8,5652
15,5650
5,5647
-32,5646
59,5645
94,5644
11,5643
-60,5642
-36,5641
80,5639
-63,5638
32,5637
-50,5636
96,5634
90,5632
88,5631
-22,5630
-24,5629
60,5628
-100,5627
21,5626
14,5625
60,5624
-62,5621
4,5618
-20,5616
43,5615
-46,5614
-14,5613
-77,5612
-17,5611
-1,5610
-75,5609
-87,5608
40,5607
65,5606
93,5605
30,5602
-61,5599
-67,5598
-74,5597
6,5595
-58,5594
8,5593
35,5592
63,5591
49,5586
-64,5585
64,5584
97,5581
54,5580
-77,5579
64,5578
-33,5577
-34,5576
-76,5574
84,5573
-83,5572
7,5571
50,5570
20,5569
40,5568
-63,5567
2,5563
-85,5562
-55,5561
-8,5559
93,5558
40,5557
23,5556
43,5555
8,5554
-56,5552
-26,5551
88,5550
63,5549
97,5546
-84,5545
-77,5543
-77,5542
-2,5541
42,5540
-28,5539
-79,5538
-58,5536
-37,5535
95,5534
95,5533
-18,5532
61,5531
-46,5529
-44,5526
64,5524
75,5521
-80,5519
-29,5518
-98,5517
75,5516
-25,5515
-40,5514
-85,5513
-25,5511
72,5509
-99,5506
-12,5504
-52,5503
-68,5502
-11,5500
-85,5499
88,5498
-22,5497
-53,5496
96,5493
-54,5491
98,5490
90,5489
47,5488
-42,5487
-79,5483
98,5482
-64,5480
-93,5479
-75,5478
86,5477
56,5476
-91,5474
11,5473
-83,5471
66,5469
-94,5468
32,5466
39,5464
-100,5463
83,5461
48,5460
-96,5458
-33,5457
17,5455
15,5454
-10,5453
50,5452
14,5451
92,5450
96,5448
26,5446
-94,5445
-11,5444
-98,5442
-71,5441
12,5440
12,5438
-41,5436
67,5434
-4,5433
7,5432
50,5431
-34,5430
-81,5429
89,5427
-43,5426
-56,5425
27,5424
-10,5423
-30,5421
91,5420
92,5419
-54,5418
29,5417
22,5416
78,5415
-71,5414
-64,5413
100,5412
-85,5411
62,5410
34,5409
-89,5408
72,5407
-46,5406
82,5404
-80,5403
75,5402
42,5401
43,5400
-47,5399
-85,5397
-53,5396
65,5394
-94,5392
39,5390
42,5389
1,5388
23,5387
-66,5386
12,5385
-74,5384
-5,5383
-87,5382
-26,5381
-78,5380
60,5378
48,5377
47,5375
-86,5374
-72,5372
93,5370
-55,5369
46,5368
-8,5367
-58,5366
52,5365
56,5364
-28,5362
-26,5360
-34,5359
-75,5357
30,5356
21,5355
-84,5352
48,5351
96,5350
-57,5349
45,5348
-27,5347
31,5346
-39,5343
-8,5342
42,5341
-48,5340
88,5338
10,5337
85,5335
-79,5334
72,5333
-36,5332
46,5331
78,5329
-55,5328
-96,5327
36,5326
-4,5325
96,5324
85,5323
62,5322
-35,5320
-60,5319
11,5318
86,5317
97,5316
95,5314
-53,5311
79,5308
-14,5307
-38,5306
-93,5305
-43,5304
81,5301
-95,5300
-29,5299
12,5298
-1,5297
14,5296
-81,5295
59,5294
-19,5293
-15,5292
-33,5291
-64,5290
73,5289
-63,5287
31,5286
79,5284
-60,5283
63,5282
-21,5280
-21,5279
-55,5277
-9,5276
7,5275
10,5274
80,5273
-60,5272
-50,5271
-6,5270
-52,5269
-12,5265
-92,5264
74,5262
-93,5261
-84,5259
55,5258
97,5256
-95,5255
66,5253
-51,5252
62,5251
-40,5249
-76,5248
-71,5247
-94,5246
91,5245
-4,5244
62,5242
-88,5240
-89,5238
-47,5237
-31,5236
-36,5235
21,5234
-73,5233
-10,5232
-97,5231
19,5230
71,5229
-24,5227
-93,5226
-78,5225
-100,5223
3,5222
65,5221
21,5220
30,5219
77,5217
-22,5216
-82,5215
65,5214
-42,5213
-97,5212
9,5211
74,5210
-12,5208
-100,5207
22,5206
79,5204
-29,5203
-8,5202
-45,5201
-83,5200
70,5199
-5,5198
-91,5197
67,5196
-57,5195
0,5194
-84,5193
-61,5191
0,5190
-89,5189
-14,5188
10,5187
92,5186
9,5185
-79,5184
45,5183
-20,5182
-9,5181
99,5180
-98,5179
-90,5178
36,5177
-52,5176
-77,5175
-39,5173
-81,5172
68,5171
78,5169
-45,5168
11,5167
93,5166
10,5165
38,5164
-67,5162
-9,5161
-24,5160
-69,5159
31,5157
33,5156
-21,5155
64,5152
-60,5151
65,5150
38,5146
66,5145
-91,5144
87,5143
41,5142
-68,5141
49,5140
-93,5139
93,5138
-53,5137
33,5136
-62,5135
-46,5134
37,5133
75,5132
-19,5128
53,5127
5,5126
-29,5125
-95,5124
28,5123
-4,5122
-16,5120
-18,5119
-47,5118
-53,5116
12,5115
99,5113
-83,5112
72,5111
-72,5110
-38,5108
57,5107
-12,5106
-81,5103
16,5102
-84,5101
-69,5100
-40,5098
96,5097
59,5096
-22,5095
-76,5094
-75,5093
-5,5092
84,5091
-87,5090
-79,5089
-88,5087
-77,5085
35,5084
94,5083
-4,5082
-22,5080
67,5079
99,5077
26,5075
76,5073
76,5071
20,5070
69,5069
9,5068
37,5067
6,5066
-63,5064
39,5063
30,5060
34,5059
50,5057
9,5056
-85,5055
68,5054
-14,5053
-82,5052
-71,5051
-95,5049
9,5048
-24,5047
8,5046
-5,5045
0,5044
7,5043
-13,5042
-3,5041
-85,5040
-53,5039
-96,5037
85,5036
16,5035
43,5034
42,5031
55,5027
1,5026
10,5024
44,5023
95,5022
1,5021
54,5019
12,5018
-75,5017
-63,5016
-73,5015
70,5011
-35,5010
-56,5009
-42,5007
-80,5006
5,5005
54,5004
-87,5003
-34,5001
-67,5000
28,4998
-83,4996
81,4993
53,4992
-44,4991
-98,4989
77,4985
-96,4983
-81,4981
37,4978
-18,4977
-70,4976
-81,4974
-18,4972
-56,4969
-2,4967
100,4966
-70,4965
-24,4963
51,4962
97,4961
-31,4958
-35,4957
-51,4956
41,4955
-59,4954
18,4952
10,4951
85,4950
37,4948
-64,4945
61,4944
-1,4943
16,4942
-74,4941
-58,4940
-21,4938
-1,4937
-87,4935
-98,4934
-8,4933
-73,4931
-62,4929
83,4928
-24,4927
65,4926
-84,4925
-69,4924
78,4921
4,4920
33,4919
51,4918
-84,4917
-51,4916
100,4915
-70,4914
81,4913
-77,4911
-96,4908
0,4907
30,4906
-78,4905
25,4904
79,4903
-91,4902
42,4901
-16,4900
75,4898
-95,4896
40,4894
-96,4892
-24,4891
-43,4890
94,4889
56,4888
-12,4887
-8,4886
24,4885
-61,4884
0,4883
-43,4882
-27,4881
-88,4880
-23,4878
25,4877
-75,4874
87,4873
-96,4872
-5,4871
-40,4870
35,4868
-65,4867
78,4866
93,4865
-44,4864
-8,4861
-92,4860
4,4855
-46,4854
22,4853
49,4852
-88,4851
40,4850
-52,4849
-71,4848
82,4847
23,4846
19,4845
-87,4844
-55,4843
-42,4841
14,4839
97,4838
62,4836
-16,4835
84,4833
92,4832
-38,4830
29,4829
86,4828
-2,4826
7,4825
-24,4824
-73,4823
-4,4822
23,4821
66,4820
20,4819
5,4818
16,4817
56,4816
-98,4815
-68,4814
-14,4813
52,4811
87,4810
80,4809
22,4808
-8,4807
28,4806
13,4804
-52,4803
11,4801
-1,4800
12,4799
70,4798
-10,4797
-86,4796
-11,4795
82,4794
63,4793
77,4792
-81,4791
-55,4790
-51,4788
100,4787
52,4786
61,4785
99,4783
-37,4779
-76,4778
-2,4775
64,4774
-22,4773
-31,4772
-75,4771
-49,4770
-25,4769
-25,4767
-82,4766
-87,4765
-94,4764
72,4763
-40,4762
-53,4761
-42,4758
68,4757
-31,4756
-57,4754
-97,4753
-41,4752
-43,4749
25,4747
54,4746
73,4743
-58,4742
25,4741
-57,4740
-96,4739
10,4737
45,4736
30,4735
12,4734
-74,4733
5,4730
-46,4726
-63,4725
81,4724
60,4723
70,4722
77,4721
15,4720
74,4719
-16,4718
8,4717
52,4714
-57,4712
33,4711
98,4710
12,4709
7,4708
22,4707
13,4706
-42,4705
-50,4704
-26,4703
84,4701
-70,4700
-52,4698
0,4697
-18,4696
44,4695
-35,4693
6,4692
30,4691
-1,4690
-10,4689
90,4688
-30,4687
-3,4685
60,4684
-95,4683
6,4682
69,4681
-11,4679
-45,4677
52,4676
13,4674
-93,4673
59,4672
70,4671
65,4670
62,4669
-96,4667
81,4666
-96,4665
-43,4664
-82,4662
-47,4661
-37,4660
97,4659
65,4658
16,4657
56,4656
89,4655
-66,4654
-73,4653
-77,4652
10,4651
-88,4650
-9,4649
-1,4647
-17,4646
33,4642
79,4640
29,4639
81,4638
89,4635
-16,4634
34,4633
100,4631
23,4630
-82,4628
73,4626
98,4624
-23,4623
-45,4622
77,4621
-80,4620
23,4617
-27,4616
11,4614
-37,4613
-63,4612
27,4611
-91,4610
80,4609
-71,4608
67,4607
6,4605
-21,4602
1,4601
55,4600
-3,4599
-49,4598
10,4597
-17,4596
74,4595
5,4594
21,4590
22,4589
71,4588
93,4587
51,4586
-50,4585
-97,4584
-70,4582
-75,4581
91,4580
20,4579
-5,4577
36,4576
-18,4574
77,4573
34,4572
-68,4571
-89,4570
-20,4569
94,4568
70,4567
56,4566
-37,4565
2,4564
59,4563
70,4562
-4,4558
6,4557
-66,4555
35,4554
80,4553
9,4552
23,4551
63,4549
59,4548
100,4547
-96,4546
89,4545
67,4544
98,4541
44,4540
-88,4538
-91,4537
-71,4536
76,4535
27,4534
-69,4533
-9,4532
7,4530
52,4529
-80,4528
92,4527
18,4525
-40,4524
-12,4522
48,4521
-50,4520
66,4519
-99,4518
65,4516
-30,4515
71,4514
61,4513
56,4511
-28,4509
38,4508
-91,4507
54,4506
34,4505
63,4504
0,4503
49,4502
34,4501
-20,4498
-41,4496
-11,4495
-20,4491
-17,4490
57,4488
59,4482
36,4481
29,4480
-33,4479
54,4478
-17,4477
-27,4476
73,4475
55,4474
54,4473
99,4472
-40,4471
-28,4470
-24,4468
-47,4467
97,4465
-20,4464
51,4463
90,4462
94,4461
84,4458
98,4457
63,4456
-5,4455
99,4454
-89,4452
93,4450
27,4449
53,4448
-43,4446
-86,4445
-89,4443
30,4442
75,4441
35,4440
59,4439
19,4438
100,4437
-19,4434
56,4432
-52,4430
-49,4429
35,4428
100,4427
59,4425
95,4424
-17,4423
-46,4421
50,4419
43,4418
-5,4417
6,4416
4,4415
90,4413
81,4412
-13,4411
98,4410
-25,4408
-61,4407
83,4406
-78,4405
25,4402
7,4401
-77,4400
80,4399
-63,4398
-61,4396
-61,4394
-83,4393
-44,4392
84,4391
-53,4390
22,4389
98,4388
-36,4387
52,4385
-53,4384
-46,4382
95,4380
34,4379
-54,4378
29,4377
-53,4376
8,4373
100,4372
-58,4371
90,4370
-73,4368
27,4367
-49,4366
92,4365
-59,4364
-35,4363
9,4362
73,4361
10,4360
85,4359
-43,4358
-72,4356
-7,4355
-8,4354
87,4352
15,4351
71,4349
84,4348
50,4347
42,4346
34,4345
-72,4343
86,4342
-67,4341
-16,4339
3,4338
-31,4334
57,4333
-79,4332
7,4331
-39,4330
-67,4329
85,4328
53,4327
35,4326
79,4324
-66,4323
-62,4320
-64,4319
-8,4318
61,4317
-19,4316
21,4315
-37,4314
33,4313
60,4311
53,4310
33,4309
-77,4308
12,4305
27,4304
41,4302
14,4301
-53,4300
-40,4298
-65,4297
33,4296
43,4295
37,4294
-98,4293
56,4291
81,4290
94,4289
-39,4288
74,4286
82,4285
68,4283
9,4281
29,4280
95,4279
-39,4277
-58,4276
-38,4275
-94,4274
-8,4273
41,4271
87,4270
-31,4269
96,4268
-4,4266
91,4265
88,4264
97,4263
-50,4262
61,4261
65,4260
-42,4258
27,4255
84,4254
-91,4253
-29,4252
-70,4251
84,4250
-41,4249
50,4248
6,4246
-28,4245
-58,4244
-52,4242
-14,4241
-82,4240
34,4238
27,4237
57,4235
-37,4234
90,4233
-5,4231
-65,4229
30,4228
-63,4227
95,4226
25,4225
83,4224
14,4223
11,4222
85,4221
12,4220
23,4218
-12,4216
-15,4215
-4,4213
-45,4212
22,4211
100,4210
64,4207
24,4206
62,4205
-92,4203
10,4202
46,4201
76,4197
-87,4195
24,4194
2,4192
-28,4191
-95,4190
71,4189
-95,4188
67,4187
-28,4186
-56,4185
-63,4184
-67,4183
83,4181
-3,4180
25,4179
63,4178
65,4177
52,4176
-94,4175
-29,4174
82,4172
91,4171
-56,4170
88,4169
62,4167
33,4166
44,4164
71,4163
-90,4162
-46,4161
-20,4160
44,4158
-25,4156
46,4155
2,4154
-30,4153
-44,4152
95,4151
13,4149
-8,4148
-68,4147
-30,4146
88,4145
-65,4144
-7,4143
69,4141
-2,4140
4,4139
-78,4137
26,4136
39,4135
49,4134
-74,4133
-59,4132
-92,4131
94,4130
60,4129
41,4127
-80,4126
26,4124
65,4123
-66,4122
39,4121
-43,4119
99,4118
-21,4117
81,4116
15,4114
-34,4113
70,4112
-47,4107
-19,4106
-49,4105
84,4104
-51,4103
-46,4102
-60,4101
24,4100
-59,4099
-52,4096
-12,4095
-45,4094
-83,4093
42,4092
-51,4091
-16,4090
-10,4089
-94,4088
-56,4087
-10,4085
-56,4083
31,4082
58,4080
58,4079
33,4078
64,4077
-32,4075
99,4074
-17,4073
97,4072
-89,4071
-74,4070
22,4069
71,4067
-45,4065
-78,4064
-5,4061
44,4060
26,4059
-18,4058
-3,4056
-83,4055
88,4054
-37,4053
83,4049
-65,4048
75,4047
-33,4046
-35,4045
-51,4043
-7,4041
-27,4040
97,4039
51,4038
0,4036
-25,4034
-6,4032
-43,4031
-25,4030
0,4029
-69,4027
-96,4026
72,4025
-94,4024
-64,4023
8,4021
-95,4020
26,4018
80,4017
-33,4016
-31,4015
-31,4014
-7,4013
-76,4011
-79,4010
61,4009
-52,4007
67,4005
-100,4004
-100,4003
-35,4002
-65,4001
-82,4000
-89,3999
52,3998
82,3997
7,3996
75,3994
-89,3992
44,3991
11,3990
48,3989
15,3987
79,3984
67,3983
72,3982
91,3981
-100,3979
-96,3978
-69,3975
97,3974
9,3972
92,3971
-96,3970
-12,3968
-13,3966
99,3964
-85,3963
34,3961
93,3959
6,3958
10,3957
21,3956
11,3955
47,3954
49,3952
-36,3951
28,3950
-52,3949
97,3948
62,3947
14,3946
-70,3945
-80,3944
14,3943
31,3941
-41,3940
-30,3939
-8,3938
-83,3937
70,3933
13,3932
-37,3931
43,3930
34,3929
93,3928
-15,3926
-18,3925
52,3924
-52,3923
48,3922
17,3921
-29,3918
-91,3917
22,3916
1,3914
84,3913
-85,3912
60,3911
-47,3908
98,3906
100,3905
35,3904
-85,3903
-84,3902
-60,3901
81,3900
-77,3899
-98,3896
-21,3895
26,3894
-69,3893
-42,3891
97,3889
12,3888
100,3885
39,3884
-39,3882
69,3880
34,3879
-87,3878
91,3877
-37,3874
-24,3871
-88,3870
29,3869
-35,3868
68,3866
-60,3865
64,3864
16,3863
-29,3862
10,3861
-40,3860
68,3859
67,3857
-57,3856
90,3855
86,3854
79,3853
77,3851
35,3850
-85,3849
-18,3848
13,3847
-27,3846
-80,3845
-55,3843
70,3842
79,3841
-30,3840
-52,3839
16,3838
20,3837
68,3836
-19,3835
44,3834
-44,3829
-49,3828
-58,3826
30,3825
91,3823
22,3822
-45,3821
-7,3819
-100,3816
-14,3815
10,3813
-9,3811
84,3809
-56,3808
-97,3806
-92,3804
-15,3803
-81,3802
-62,3800
-21,3799
1,3798
99,3796
-3,3793
-60,3792
-29,3791
97,3789
-41,3787
-30,3786
26,3784
-14,3783
-1,3782
68,3781
-8,3780
98,3777
11,3776
14,3775
95,3774
-27,3773
-59,3772
-38,3771
-3,3768
-72,3767
17,3765
-49,3764
13,3762
47,3761
-32,3760
37,3759
-22,3756
28,3755
-12,3754
-51,3753
-40,3751
-27,3750
-100,3749
-40,3748
-32,3746
-68,3745
-76,3744
-36,3741
96,3740
90,3739
98,3737
13,3736
93,3735
-31,3734
-64,3733
-39,3732
7,3730
-66,3728
-86,3726
72,3725
98,3724
-20,3723
96,3722
80,3721
-78,3720
-79,3719
63,3718
28,3717
-100,3716
-47,3715
-23,3714
87,3713
71,3711
-78,3710
-22,3709
42,3708
-33,3707
-93,3706
26,3705
-89,3704
-38,3703
38,3702
38,3701
-57,3700
62,3699
4,3696
81,3693
-39,3692
-5,3691
-32,3690
28,3689
-5,3688
-91,3687
-66,3686
40,3683
98,3681
73,3680
73,3679
-49,3678
-85,3677
-17,3675
-91,3673
-33,3671
-14,3670
57,3669
-74,3668
-18,3667
86,3666
-19,3664
90,3663
-74,3661
82,3660
-99,3659
9,3657
18,3655
16,3654
-100,3652
28,3651
-50,3650
68,3649
47,3648
-36,3646
-61,3645
58,3644
-55,3642
23,3641
-52,3640
-60,3639
-94,3638
-14,3637
18,3636
94,3635
-97,3634
-78,3633
-64,3632
-1,3631
31,3630
-46,3629
16,3627
-50,3626
-66,3625
-13,3624
50,3623
30,3622
-71,3621
9,3620
-42,3619
70,3618
51,3617
33,3616
41,3615
96,3614
-33,3613
-10,3612
62,3610
9,3609
85,3607
-28,3606
-24,3605
-98,3604
-57,3603
28,3602
-65,3600
-39,3599
35,3598
17,3596
32,3595
-97,3592
-76,3591
-89,3590
68,3589
97,3588
-14,3587
98,3585
49,3584
53,3583
-72,3582
-44,3580
64,3579
-88,3578
52,3576
79,3573
-75,3572
35,3571
-5,3570
-81,3569
-59,3568
-12,3567
66,3566
-47,3564
-99,3562
-74,3561
97,3560
80,3559
77,3557
10,3555
-15,3554
-97,3553
7,3552
-10,3550
33,3549
-94,3546
-39,3545
-76,3544
10,3543
71,3541
73,3540
-96,3537
27,3535
-83,3534
-23,3533
-27,3532
58,3531
-19,3529
73,3527
-4,3526
97,3525
-32,3524
-57,3522
65,3521
98,3520
37,3519
81,3517
-87,3516
87,3515
-79,3514
-13,3513
29,3512
28,3511
6,3510
83,3509
7,3508
-15,3507
54,3506
91,3505
-75,3504
71,3502
92,3499
-5,3498
-41,3497
-16,3496
-39,3495
91,3493
-42,3492
-77,3491
-55,3487
-9,3486
53,3485
-21,3484
68,3483
-94,3481
-89,3480
-53,3479
-10,3478
-32,3476
48,3475
10,3474
-54,3473
54,3472
-73,3471
-37,3470
-28,3469
-91,3465
60,3464
-17,3463
2,3462
-68,3461
-21,3459
-52,3458
-45,3455
72,3454
7,3453
79,3452
-29,3449
-23,3448
66,3447
-87,3446
-53,3445
-56,3444
25,3443
-41,3442
-94,3441
-55,3440
-29,3439
-52,3435
43,3434
62,3433
14,3432
95,3430
-39,3429
81,3427
86,3426
-13,3425
39,3424
13,3423
-95,3422
4,3421
27,3420
-63,3419
-82,3418
-21,3417
62,3416
-21,3415
78,3414
43,3413
-13,3412
-67,3411
59,3409
34,3406
-23,3405
-80,3404
-29,3402
74,3401
-29,3400
52,3399
-2,3397
65,3395
-55,3393
-57,3392
-22,3391
19,3390
53,3389
53,3388
-100,3387
-1,3386
-6,3383
-56,3382
-80,3381
-51,3380
-48,3379
-85,3378
41,3376
-90,3375
46,3374
-31,3373
-5,3372
85,3371
4,3370
-21,3369
18,3368
86,3367
-42,3365
63,3364
93,3363
-92,3362
59,3360
58,3359
-26,3358
-57,3357
-1,3356
-69,3355
68,3354
-3,3353
72,3352
-89,3351
-8,3350
17,3349
36,3347
-72,3346
-87,3345
-78,3344
28,3343
-57,3342
82,3341
32,3340
54,3337
-54,3336
-88,3335
6,3334
71,3333
10,3332
92,3331
-33,3330
-50,3329
-78,3328
80,3327
-77,3326
-40,3325
-81,3324
96,3323
83,3322
60,3321
-18,3320
-45,3319
58,3317
51,3316
13,3315
-92,3313
12,3311
-42,3309
-95,3308
-34,3307
19,3306
-87,3305
-83,3303
-43,3301
53,3298
52,3297
-47,3296
25,3295
-84,3293
-79,3291
-44,3289
43,3288
39,3286
-7,3285
-60,3284
-44,3283
-91,3282
55,3281
-46,3280
94,3278
71,3276
-22,3275
-4,3274
-49,3273
-35,3271
-45,3270
-19,3269
-7,3267
-86,3266
91,3264
68,3263
-43,3262
0,3261
-9,3260
-16,3259
63,3258
-73,3257
-97,3256
-4,3255
-76,3254
-33,3253
-15,3252
74,3251
-54,3250
-14,3249
1,3248
-95,3247
37,3246
-67,3245
-73,3244
70,3241
67,3240
-3,3239
78,3237
-94,3236
-55,3234
33,3232
-17,3231
-74,3230
-81,3229
-37,3228
45,3227
10,3226
64,3223
74,3222
84,3220
5,3219
66,3218
99,3217
29,3216
-26,3215
-83,3214
-46,3213
23,3212
-22,3210
43,3208
-3,3207
-17,3206
11,3205
-71,3203
-5,3202
-17,3200
70,3199
-79,3198
-26,3197
35,3196
-14,3195
9,3194
-69,3193
-8,3191
-1,3189
83,3188
-95,3187
44,3186
4,3185
-14,3184
21,3183
1,3182
-92,3180
82,3179
48,3178
59,3175
6,3174
-7,3172
-63,3171
70,3170
27,3169
-91,3167
-39,3165
-99,3164
-48,3163
17,3162
-57,3161
-64,3160
-91,3159
-93,3158
-94,3157
67,3156
2,3155
-29,3154
-71,3153
-77,3150
-35,3149
6,3147
53,3146
-17,3145
32,3144
12,3141
-1,3136
14,3135
32,3134
80,3132
55,3129
-41,3127
-99,3126
42,3124
26,3123
-50,3121
78,3120
30,3119
-37,3118
-5,3115
-16,3114
-6,3113
65,3112
13,3111
-42,3110
75,3109
-94,3108
92,3106
86,3105
-11,3104
-42,3102
28,3100
99,3098
-2,3097
-79,3096
-14,3095
-78,3094
68,3093
-33,3092
57,3090
-25,3089
3,3087
85,3086
77,3084
27,3082
43,3081
86,3080
34,3079
81,3077
-83,3076
-21,3074
90,3073
93,3072
77,3071
-92,3070
45,3069
57,3068
46,3066
-44,3065
95,3064
11,3062
91,3061
78,3059
98,3058
19,3056
-11,3055
22,3054
-34,3053
5,3052
-74,3050
-21,3049
21,3048
12,3046
-55,3045
-69,3043
1,3041
89,3039
92,3038
13,3036
-12,3035
19,3034
-55,3033
-72,3032
29,3031
77,3030
-45,3029
89,3028
-83,3025
-17,3024
-17,3023
93,3021
76,3020
-44,3019
-61,3018
28,3017
-56,3016
45,3013
-80,3012
-32,3011
90,3010
13,3009
-45,3008
-19,3006
33,3005
76,3003
7,3002
-58,3001
34,3000
-29,2999
-49,2998
-44,2997
48,2996
66,2995
-14,2994
-50,2993
-54,2991
-23,2990
38,2988
-15,2987
98,2986
19,2985
69,2984
33,2982
-18,2981
-41,2978
37,2977
45,2976
71,2974
58,2973
21,2972
5,2971
-67,2970
14,2969
100,2968
-7,2967
33,2966
-92,2965
93,2964
74,2963
-1,2962
49,2961
-16,2960
9,2959
-37,2957
-86,2956
37,2955
63,2953
-7,2951
73,2949
49,2948
34,2947
13,2946
44,2943
85,2942
31,2941
89,2940
-63,2939
44,2938
-5,2937
26,2935
-90,2934
-54,2933
-89,2932
-75,2931
6,2928
-69,2927
5,2926
96,2925
38,2924
-56,2923
-69,2922
-56,2921
70,2920
-67,2919
-67,2918
-43,2916
6,2915
29,2914
-14,2912
-18,2909
34,2908
16,2907
54,2906
33,2905
54,2904
68,2903
-43,2902
25,2901
30,2900
65,2899
51,2898
-14,2896
41,2894
6,2893
35,2892
46,2890
-40,2889
84,2888
10,2887
27,2886
74,2885
75,2884
65,2883
78,2882
23,2881
-22,2880
-18,2879
67,2878
-91,2876
-64,2875
22,2874
87,2873
-76,2872
54,2870
-16,2869
30,2868
-52,2866
-86,2864
23,2862
28,2861
-28,2860
-75,2859
-63,2857
17,2855
98,2854
72,2853
-25,2849
-67,2848
33,2847
43,2846
-55,2842
26,2841
78,2840
78,2839
57,2837
86,2836
61,2835
100,2834
-97,2833
-31,2832
-56,2830
3,2829
89,2828
72,2827
41,2826
-36,2825
-88,2823
-51,2821
55,2820
61,2819
-23,2818
31,2817
19,2816
-86,2815
-14,2814
-96,2813
-39,2812
-81,2808
4,2807
24,2806
-55,2805
-89,2802
0,2800
70,2798
58,2797
87,2796
48,2794
-54,2792
83,2791
-20,2790
72,2789
30,2788
32,2787
-78,2786
-92,2785
-31,2784
98,2782
-9,2781
-20,2780
39,2779
3,2777
93,2775
94,2774
-93,2773
42,2771
-88,2770
-45,2768
94,2767
31,2766
31,2765
-58,2764
72,2763
28,2762
-23,2761
63,2760
30,2759
-41,2757
43,2756
-82,2755
-14,2754
-92,2753
-44,2751
58,2750
-26,2749
40,2747
-20,2746
-7,2744
-28,2743
-54,2741
-79,2740
69,2739
-95,2738
12,2734
-54,2733
-77,2732
27,2731
-31,2729
60,2727
-57,2725
-17,2724
-51,2723
-57,2721
-92,2720
4,2719
-69,2718
78,2716
-20,2714
70,2713
45,2712
76,2711
-69,2710
30,2709
-77,2708
79,2707
-50,2706
-14,2705
-6,2704
-79,2703
-53,2702
-52,2701
-25,2700
33,2699
-33,2697
-90,2696
98,2695
-95,2694
58,2693
50,2692
-89,2691
27,2690
-53,2687
59,2685
-90,2684
19,2682
32,2681
-43,2680
25,2679
75,2678
92,2677
68,2675
-62,2674
-83,2673
-80,2672
1,2671
87,2670
5,2669
47,2668
-75,2667
29,2665
-38,2664
45,2663
-18,2660
0,2659
44,2658
96,2657
-27,2656
-51,2655
69,2654
-38,2653
46,2650
54,2649
-91,2648
83,2647
-62,2646
3,2645
63,2644
39,2643
20,2642
34,2641
-5,2640
-26,2639
-20,2637
53,2636
-88,2635
72,2633
2,2631
23,2630
-29,2629
83,2628
42,2627
-61,2626
45,2625
95,2623
-98,2622
-11,2621
59,2620
-81,2619
-59,2618
5,2616
-17,2615
-56,2614
-75,2613
-97,2612
-36,2610
94,2609
-71,2608
18,2607
77,2606
94,2605
-84,2604
3,2602
-59,2601
-18,2600
-28,2599
88,2598
-6,2596
65,2595
-83,2594
-46,2592
-81,2590
46,2589
3,2588
59,2587
46,2584
22,2583
-46,2582
54,2581
-65,2580
24,2578
35,2577
-93,2576
-35,2573
41,2571
-16,2569
-6,2567
26,2566
-80,2565
27,2562
-61,2561
56,2559
-61,2558
-82,2557
-14,2556
29,2554
59,2551
-37,2550
-96,2549
-26,2547
27,2546
-11,2545
82,2544
1,2543
-46,2542
-64,2541
99,2540
40,2539
86,2538
6,2537
46,2536
-31,2535
-77,2534
56,2532
11,2530
-54,2528
-7,2527
-57,2526
-21,2525
22,2524
-49,2523
-59,2521
10,2519
74,2515
13,2514
24,2513
78,2512
15,2511
97,2510
24,2509
-76,2508
81,2505
-52,2504
22,2501
-61,2499
11,2498
-95,2495
8,2494
100,2493
20,2491
-59,2489
26,2488
5,2487
-47,2486
-58,2485
96,2484
21,2483
-14,2482
-16,2480
-69,2477
-50,2476
32,2475
-87,2473
-61,2470
-15,2469
-63,2468
-93,2466
-53,2465
91,2464
-59,2462
3,2461
-43,2460
-83,2459
-75,2458
-90,2457
-80,2456
75,2454
-30,2453
-57,2452
-62,2451
-21,2448
34,2447
80,2446
-20,2445
65,2441
14,2439
15,2438
-71,2437
-80,2435
18,2434
-99,2433
-19,2432
-41,2427
-12,2426
-34,2425
73,2423
39,2422
71,2421
13,2419
-93,2416
-87,2415
63,2414
-85,2413
100,2412
-71,2411
9,2409
-72,2407
-30,2406
5,2405
37,2403
-24,2402
-67,2401
64,2400
58,2398
-58,2396
-33,2393
-56,2392
-68,2391
-27,2390
-41,2389
-71,2388
82,2387
-52,2385
19,2384
-19,2383
-69,2381
64,2380
98,2378
43,2377
27,2376
-88,2374
86,2373
-48,2372
72,2370
-76,2369
-34,2368
-12,2367
-11,2366
55,2365
23,2364
-75,2363
41,2362
23,2361
69,2359
24,2357
-98,2356
79,2353
-12,2352
-8,2351
46,2350
-9,2348
-17,2345
-84,2343
-12,2341
21,2340
3,2339
-13,2338
21,2336
100,2334
86,2333
-91,2332
-63,2330
-18,2329
-92,2328
19,2327
33,2326
-54,2324
-75,2323
55,2322
-83,2321
-100,2320
-10,2319
58,2318
43,2317
-28,2315
-17,2313
87,2312
37,2311
-17,2310
47,2309
7,2307
-78,2306
-57,2305
-5,2304
-11,2301
19,2300
-67,2299
35,2298
99,2297
-36,2296
-82,2295
80,2294
-50,2293
-50,2291
-97,2290
-77,2289
-2,2288
-21,2287
39,2286
48,2285
-18,2284
-38,2283
38,2282
-27,2281
77,2280
93,2279
45,2278
-61,2277
68,2276
-86,2274
18,2273
-94,2269
87,2268
-67,2267
44,2266
-13,2263
-11,2262
50,2261
-65,2260
64,2259
-79,2258
58,2256
-17,2255
57,2253
40,2252
-58,2251
-89,2250
-18,2248
70,2247
-45,2246
24,2245
46,2243
58,2242
24,2241
92,2240
-72,2238
12,2236
-31,2234
86,2232
-10,2231
-32,2229
47,2228
-65,2226
-80,2223
-80,2222
-76,2221
4,2218
95,2216
-45,2214
-27,2213
-64,2212
-80,2211
-76,2210
-66,2209
0,2207
73,2206
-51,2205
61,2204
-72,2203
-4,2202
-49,2201
21,2199
91,2197
-6,2196
94,2195
23,2194
-16,2193
8,2192
-27,2191
25,2190
-82,2188
-79,2187
-57,2185
6,2182
-100,2181
35,2180
21,2178
71,2177
-5,2176
-39,2175
-63,2171
93,2169
-42,2168
33,2166
-29,2165
-41,2164
-72,2163
-4,2162
29,2161
-72,2160
-77,2159
-22,2158
-80,2157
18,2156
-33,2155
-55,2154
-41,2153
84,2152
2,2151
-40,2150
10,2149
35,2148
19,2146
-37,2145
69,2144
-45,2143
-29,2142
-99,2141
48,2140
64,2139
82,2138
-33,2136
-4,2135
-68,2133
11,2132
97,2131
-25,2130
7,2129
-35,2128
-50,2126
11,2124
-28,2123
4,2121
47,2120
62,2119
-74,2118
-87,2117
47,2116
-42,2115
-4,2113
-55,2110
56,2109
10,2108
65,2107
75,2106
96,2105
-86,2104
-92,2102
84,2101
3,2100
-22,2099
-34,2097
-72,2095
-6,2093
37,2092
82,2091
-67,2090
49,2086
35,2085
81,2084
-7,2083
-6,2080
4,2079
85,2078
-36,2075
-57,2074
-92,2073
56,2072
70,2071
-31,2069
-43,2068
76,2066
-47,2065
-73,2064
-54,2060
-51,2057
84,2056
-43,2055
-22,2052
61,2051
-64,2050
20,2049
15,2048
60,2046
1,2045
47,2043
-2,2042
-6,2040
45,2038
-56,2037
27,2036
64,2034
-82,2033
-29,2030
-26,2028
22,2027
-10,2026
-47,2025
19,2023
-71,2022
79,2020
7,2019
1,2018
-41,2015
33,2014
1,2012
-48,2010
4,2007
-4,2005
-22,2003
-28,2002
-7,2001
46,1998
-41,1997
64,1996
-51,1995
-47,1994
-26,1993
73,1991
2,1990
-78,1989
-22,1988
15,1986
-31,1985
6,1983
-5,1982
19,1981
-47,1980
-39,1979
-64,1978
14,1976
100,1975
-98,1974
-96,1972
-70,1970
81,1969
42,1968
-31,1967
-68,1964
-63,1962
-59,1961
51,1960
-38,1959
26,1958
-91,1957
62,1956
27,1955
57,1952
76,1951
34,1950
-68,1949
-57,1948
-85,1947
-80,1945
89,1944
55,1943
-78,1942
-41,1941
-44,1940
-88,1939
47,1938
-92,1937
-88,1936
64,1935
9,1934
-82,1933
14,1931
24,1930
-17,1929
37,1928
35,1927
91,1925
-6,1924
12,1922
-99,1920
-33,1919
-10,1918
-4,1916
73,1914
-32,1912
22,1910
38,1909
24,1908
-47,1906
-28,1905
31,1904
-94,1902
45,1901
94,1899
40,1898
11,1897
89,1895
-36,1894
-2,1892
-72,1891
-11,1888
-33,1887
-91,1886
77,1885
-61,1884
57,1883
-9,1882
-1,1881
-11,1880
54,1878
20,1877
-63,1876
53,1874
65,1873
-12,1872
3,1871
82,1869
-32,1868
-89,1866
33,1864
-45,1863
-2,1862
88,1861
-65,1860
-99,1859
-41,1858
-27,1857
-60,1856
12,1855
39,1854
44,1853
66,1852
-8,1851
-12,1850
-73,1848
-13,1846
79,1844
49,1843
86,1842
64,1841
21,1840
-62,1839
87,1837
42,1836
-1,1835
69,1833
10,1832
24,1831
17,1829
-64,1828
-10,1827
17,1826
-68,1825
15,1823
-69,1822
60,1821
-79,1819
-95,1818
-92,1817
-55,1816
-97,1815
51,1812
-90,1811
82,1810
33,1808
-59,1807
99,1805
50,1804
-72,1803
80,1802
87,1801
90,1800
-91,1797
91,1796
-84,1794
-1,1793
67,1792
1,1791
-56,1790
-39,1789
-72,1787
-98,1786
62,1785
-3,1784
-14,1783
27,1781
-90,1780
85,1779
10,1777
-3,1776
0,1775
96,1774
-63,1773
-25,1772
14,1771
76,1770
-18,1769
15,1768
98,1767
-90,1766
77,1765
36,1763
-90,1762
86,1761
-3,1760
-14,1759
24,1758
41,1757
63,1753
43,1752
3,1750
75,1749
-37,1748
-25,1744
-14,1743
78,1742
30,1741
-26,1740
32,1739
80,1737
44,1736
-20,1734
-91,1733
-18,1732
-96,1731
41,1730
-50,1728
57,1727
-26,1726
-45,1724
25,1723
-36,1722
-23,1721
7,1720
-83,1719
53,1718
74,1717
11,1716
95,1715
48,1713
-44,1712
3,1711
-54,1710
33,1709
89,1707
48,1706
-82,1705
31,1704
-25,1702
-72,1701
88,1700
-16,1699
96,1698
58,1697
24,1695
14,1694
-12,1693
2,1692
-53,1691
-77,1690
-62,1689
75,1688
13,1687
-71,1686
-15,1685
-5,1684
-8,1682
-34,1681
-83,1680
78,1678
-64,1677
-99,1676
12,1675
95,1674
-61,1673
21,1671
-17,1668
2,1667
-8,1665
35,1664
-42,1663
8,1662
-39,1661
-78,1659
-77,1657
-64,1655
-81,1654
-86,1652
59,1651
-66,1650
2,1649
52,1648
-28,1647
-13,1646
-92,1645
58,1644
27,1643
34,1641
26,1640
6,1638
-20,1636
-95,1635
-64,1634
-53,1633
22,1632
-58,1630
-24,1629
-65,1628
-79,1627
-8,1625
-85,1624
78,1623
31,1621
90,1616
41,1615
-6,1613
-10,1612
81,1610
81,1609
-42,1608
-24,1606
74,1605
-96,1604
-61,1603
-17,1602
-4,1601
-25,1599
-29,1598
-97,1595
61,1594
-17,1591
-20,1590
-26,1589
51,1588
78,1587
31,1585
-75,1583
92,1582
75,1581
42,1580
66,1579
84,1578
28,1577
-81,1575
-74,1574
-72,1573
-29,1572
-77,1571
45,1569
-96,1568
-80,1567
-81,1566
13,1565
-86,1563
-72,1560
-65,1558
4,1557
9,1556
-81,1555
32,1553
-51,1552
27,1551
16,1550
-73,1548
-51,1547
51,1546
46,1545
3,1543
-61,1542
33,1541
-53,1540
-80,1538
-18,1537
-1,1535
-64,1533
-66,1532
66,1530
31,1528
-16,1527
81,1526
81,1525
-68,1524
-35,1523
35,1521
43,1519
40,1517
-18,1514
-10,1513
66,1512
-12,1510
-29,1509
21,1508
34,1507
-25,1506
4,1505
38,1504
-46,1503
65,1501
-82,1500
30,1499
-68,1497
-45,1496
44,1494
85,1492
41,1490
-19,1488
-85,1486
-82,1485
-46,1484
30,1479
33,1478
73,1477
-28,1476
-65,1475
-26,1474
88,1473
40,1472
-13,1471
17,1470
-7,1469
1,1468
-8,1467
12,1465
-84,1464
-40,1462
-52,1461
55,1460
56,1458
43,1457
46,1456
-21,1455
17,1454
1,1452
20,1449
-88,1448
-48,1447
88,1446
92,1444
-41,1442
1,1441
87,1440
58,1437
68,1436
32,1435
-52,1434
-30,1432
-14,1431
73,1430
50,1428
-2,1427
-91,1426
-70,1423
-13,1422
89,1421
-99,1420
33,1418
-32,1417
0,1416
-73,1415
-77,1414
-80,1412
27,1411
-81,1409
96,1408
85,1407
10,1404
-46,1403
29,1402
98,1400
-91,1399
13,1397
-27,1396
-81,1395
23,1394
65,1393
22,1392
58,1391
-19,1390
57,1389
80,1384
88,1383
63,1382
79,1380
-19,1379
-54,1378
-6,1376
66,1373
-45,1372
-57,1371
-12,1368
-57,1366
-82,1364
-14,1363
57,1362
15,1361
-20,1359
53,1358
-11,1357
50,1356
26,1355
44,1353
65,1352
-83,1350
100,1349
91,1347
-51,1346
-4,1345
-23,1343
-53,1342
21,1341
-22,1340
-54,1338
-80,1337
63,1335
-86,1334
94,1333
20,1332
28,1331
-52,1330
-54,1329
7,1328
-62,1327
7,1326
74,1325
-20,1323
-73,1320
68,1318
-32,1317
93,1316
-50,1315
-75,1312
-64,1311
-9,1309
20,1307
-36,1306
22,1305
-7,1304
-62,1303
-67,1300
22,1299
90,1297
84,1295
-62,1293
-31,1292
-41,1291
82,1290
-44,1289
8,1288
90,1287
-67,1283
-50,1281
-87,1280
80,1278
-66,1277
-51,1276
10,1274
10,1273
-17,1272
-5,1266
-73,1265
75,1264
4,1263
2,1262
8,1260
-67,1259
-9,1258
32,1257
-72,1256
56,1255
93,1254
86,1253
10,1252
-56,1251
25,1250
98,1248
-2,1247
-98,1246
81,1245
88,1243
29,1242
25,1240
-35,1238
41,1235
38,1234
-88,1233
21,1232
-2,1230
37,1229
27,1228
-70,1227
81,1226
-78,1225
-60,1224
-4,1223
-21,1221
35,1220
39,1219
-60,1218
-33,1216
38,1215
-85,1212
5,1211
59,1209
-70,1208
8,1206
-27,1205
71,1202
28,1199
-41,1198
2,1197
-87,1196
-16,1195
-14,1194
-27,1193
28,1192
56,1191
-41,1189
45,1187
-10,1186
61,1185
50,1184
23,1182
64,1181
-66,1175
44,1174
0,1172
-95,1171
36,1166
8,1165
11,1164
49,1163
74,1161
-77,1160
9,1159
36,1158
68,1157
41,1156
-99,1152
54,1151
-17,1150
-77,1149
42,1148
-6,1147
43,1146
-64,1145
-57,1144
-66,1143
77,1142
-56,1141
47,1140
98,1139
-79,1138
-66,1137
80,1134
64,1132
60,1131
-68,1130
10,1128
-7,1127
37,1125
5,1124
9,1123
58,1121
-87,1120
62,1119
-71,1117
42,1116
-79,1115
-20,1114
-98,1113
-91,1111
15,1110
-8,1108
23,1107
98,1105
-2,1103
54,1102
93,1101
53,1099
58,1098
80,1097
-55,1096
-52,1095
-61,1094
-62,1093
7,1091
7,1090
53,1089
51,1088
12,1087
-62,1086
-56,1085
26,1084
-75,1082
-61,1081
-31,1080
-85,1079
43,1077
-80,1074
92,1073
39,1072
-87,1071
15,1070
-19,1068
43,1067
-71,1066
54,1065
1,1063
62,1062
-66,1060
-4,1059
20,1058
89,1057
13,1056
-67,1055
-97,1054
-62,1053
-66,1052
-61,1051
-55,1050
-29,1049
-93,1048
81,1047
-35,1046
9,1045
56,1043
-75,1041
62,1040
-11,1037
54,1036
34,1034
43,1033
59,1032
-1,1031
-74,1030
99,1029
63,1028
-84,1026
17,1025
74,1024
-24,1023
-35,1022
33,1020
-14,1019
-32,1017
67,1016
96,1015
-63,1014
67,1013
-64,1012
20,1011
59,1010
34,1009
41,1008
64,1007
8,1006
81,1005
17,1004
-61,1002
10,1000
-47,999
-84,998
-3,997
-14,996
93,993
-46,992
28,991
-3,989
-65,987
-5,986
91,984
-7,981
-99,980
94,979
-40,978
-80,977
2,976
-96,975
39,972
0,971
-82,970
17,969
53,968
79,967
-89,966
3,962
11,961
-52,960
5,959
7,958
67,957
3,956
96,955
-73,954
-5,953
73,952
-100,951
75,950
28,949
-74,948
-15,947
-91,945
-30,944
16,943
21,942
0,941
65,940
77,939
-85,938
-19,937
36,936
14,935
-55,934
-56,933
-50,932
16,931
-55,930
-23,927
-41,926
93,924
-82,923
-67,922
-84,921
74,920
-97,919
37,918
-21,916
-99,915
90,914
36,912
-71,911
34,909
8,908
-90,907
77,906
22,905
69,903
38,902
61,901
28,900
100,899
79,898
96,895
-86,894
-41,893
49,892
-65,891
75,889
57,888
-95,887
-91,886
-7,885
-57,883
-75,882
84,881
-51,880
-25,879
40,878
22,877
48,875
1,874
-46,873
97,872
50,871
-17,870
-15,868
-28,866
-63,865
-25,863
85,862
-53,861
21,860
-23,858
-13,857
-66,856
-47,855
-76,852
96,851
-45,848
-62,847
47,843
-63,842
-26,839
0,837
64,836
46,835
1,834
-67,833
11,832
10,831
91,830
-43,828
58,827
-16,826
-71,825
-28,824
-95,823
89,820
-19,819
28,818
-81,817
-49,814
50,812
35,811
81,810
-66,808
1,807
-82,806
-27,805
9,803
-92,802
-21,801
-44,798
76,797
-20,796
-17,795
-29,794
-43,793
35,792
2,791
91,790
82,789
45,786
-83,785
81,784
-50,783
-11,782
22,781
-41,780
-23,779
-68,778
89,776
-32,774
92,773
-88,772
54,771
50,770
-30,769
60,768
-37,767
19,766
-90,764
6,763
-23,760
17,759
10,757
-60,756
29,754
94,753
62,751
-4,750
78,747
-9,745
11,743
56,742
4,741
20,738
59,737
-1,735
61,734
62,733
21,732
26,731
-21,730
52,729
-36,726
88,725
74,723
-96,722
34,721
-46,720
91,719
67,718
90,716
-80,715
97,714
-81,713
-56,712
84,711
-70,710
48,709
44,708
-58,707
56,706
-53,705
79,704
-57,703
32,700
17,699
-45,698
55,697
44,695
-54,694
45,692
-63,691
40,689
87,687
-87,685
-39,684
-99,683
-20,682
-95,680
95,679
-76,678
-30,677
0,674
-97,673
-62,671
16,670
-23,669
22,668
100,667
92,664
24,660
63,659
22,658
47,656
23,655
-24,653
-34,652
31,651
21,650
64,649
-69,648
-88,645
-10,644
93,643
-50,642
-19,641
85,638
50,637
96,636
63,635
59,634
-52,633
-66,632
82,631
-39,630
76,628
76,627
-14,626
91,625
12,623
-6,622
6,620
-5,619
8,618
52,617
-90,616
-98,615
44,614
-57,612
-89,611
0,610
31,608
13,607
53,606
3,605
68,604
-60,603
19,602
-54,599
-75,598
-25,597
44,596
69,595
-1,589
-34,587
3,584
-50,583
-19,582
-12,581
62,579
86,578
-31,577
19,576
8,574
29,573
67,572
-39,570
55,569
-41,568
-31,567
56,566
77,565
-93,562
16,561
-30,560
91,559
-7,557
-2,556
16,554
-48,553
88,552
-6,551
-63,550
-35,549
35,548
-7,545
-95,544
76,543
37,542
0,540
-64,539
21,538
12,536
-58,535
59,534
68,533
-75,532
36,531
37,529
-34,527
-98,526
-20,525
96,524
-26,522
72,520
-21,519
61,518
-23,517
-22,516
90,515
-47,514
70,513
-100,511
-65,510
-97,509
47,508
10,507
-42,506
10,505
-47,504
47,503
47,502
-82,501
22,500
-73,499
-16,498
-45,496
97,495
30,494
-82,492
52,491
63,490
85,489
-33,488
68,487
-65,486
4,485
-75,483
79,482
47,480
-37,479
53,478
5,477
-90,476
-83,475
-54,474
5,473
7,472
-21,471
60,470
-78,469
-50,467
-99,465
-72,464
31,463
85,462
-83,461
94,460
11,459
-48,457
-93,454
89,453
95,452
-37,451
82,450
-46,449
-16,448
28,446
97,445
14,444
80,442
14,441
3,440
56,439
46,438
-3,437
61,436
28,435
49,433
3,430
-15,429
-45,427
-71,425
11,424
63,423
-93,422
-100,420
34,418
-38,417
40,414
75,412
66,411
24,410
40,409
-34,408
-37,407
98,406
-13,405
34,404
-17,402
-78,401
-31,400
8,398
-30,397
-49,395
-22,394
13,393
-18,391
100,390
55,389
-40,388
-90,387
-68,386
-84,385
64,384
-6,382
54,381
96,380
88,379
35,378
-62,375
58,374
-25,372
38,371
-92,370
35,369
87,368
-96,367
-47,366
-54,365
-94,363
97,361
-49,360
21,359
-82,357
18,354
76,353
73,352
-8,351
15,350
72,349
8,348
-62,346
21,345
92,344
-31,343
99,342
69,341
-92,340
-44,339
79,338
-24,337
-67,336
-25,335
-19,334
-9,333
-91,332
24,331
97,330
84,328
-26,327
-45,326
-51,325
-9,324
-86,323
83,322
83,321
10,320
55,319
-39,318
100,316
78,315
-24,314
-48,313
-26,312
55,311
-22,310
81,309
-88,308
96,307
43,306
-1,304
51,302
71,301
100,299
-22,297
23,296
-90,295
53,294
20,293
-81,289
-61,288
-41,286
-53,285
84,284
-5,283
24,282
58,281
16,280
56,279
-53,278
-76,277
57,276
-73,274
-14,273
16,272
-88,270
-89,269
10,268
-54,267
-18,266
-53,265
42,264
-54,263
86,262
15,261
2,260
67,259
77,258
76,257
18,256
88,254
-95,253
22,252
-7,251
94,250
-73,249
54,246
-26,245
-68,244
57,243
44,242
71,241
78,238
16,237
-48,236
-93,235
14,233
-66,232
-50,230
40,228
-31,227
26,226
-20,225
-78,224
-33,223
91,222
38,220
77,219
-11,218
99,217
-44,216
95,212
-62,211
-98,210
-85,209
-54,208
-56,206
-55,205
75,204
98,202
78,201
48,200
18,199
-42,198
-43,197
-35,196
79,195
-6,194
-87,193
-2,192
-91,191
16,190
71,189
-47,188
100,187
58,186
-37,185
95,184
-16,183
-78,182
22,181
-16,180
-36,179
-29,178
-37,177
79,173
66,171
-68,170
36,169
55,168
8,167
-91,166
64,165
22,164
-38,162
-5,161
96,160
-86,159
-35,158
97,157
96,156
-3,154
-19,153
71,150
32,149
25,148
29,147
-100,146
-34,145
93,144
9,143
32,142
72,139
21,137
45,136
50,134
-9,132
-5,131
-73,129
-62,127
-26,126
-90,124
-11,121
58,120
-74,118
-15,117
-28,113
-83,110
-77,109
89,108
66,107
-17,106
4,105
-60,103
61,100
86,99
70,98
50,97
73,96
39,94
-84,93
11,92
-16,90
29,89
32,85
73,83
-30,82
-90,81
57,78
59,77
53,76
85,75
76,74
13,73
66,72
-63,71
62,69
36,67
-23,66
-56,64
27,63
56,62
-93,61
61,60
22,58
-89,57
-90,56
-80,54
87,51
46,49
30,48
45,46
76,44
34,43
1,42
1,41
-57,39
66,38
-70,36
-89,35
40,34
62,33
-30,32
-32,30
17,28
-60,27
-58,26
45,25
76,24
-95,22
-24,20
-80,18
-75,15
44,14
-56,13
-6,12
-83,9
-65,7
37,6
-24,5
-74,2
-25,1
51,0
