0,10000
-28,9999
2,9997
57,9996
-76,9995
-74,9994
96,9993
-91,9992
16,9991
-35,9990
-55,9988
-81,9987
86,9986
-18,9985
-76,9982
-34,9981
-9,9979
-32,9978
5,9977
71,9976
-62,9975
-63,9974
16,9973
-21,9971
-11,9970
-43,9969
-88,9968
50,9967
-64,9966
-71,9965
18,9964
-1,9963
-97,9962
-58,9961
3,9960
44,9959
11,9958
41,9957
-94,9956
-7,9952
-71,9950
53,9949
-68,9946
91,9945
67,9944
56,9943
-55,9941
69,9940
-34,9939
87,9938
-65,9937
20,9936
63,9935
-53,9934
-60,9933
-35,9932
-33,9931
71,9930
-35,9929
39,9928
-34,9927
-49,9926
70,9925
-76,9924
57,9923
-32,9922
-12,9921
37,9919
44,9918
-61,9917
55,9916
-87,9914
64,9913
26,9910
48,9909
-52,9908
-61,9907
17,9906
40,9905
59,9902
-13,9901
36,9899
-30,9898
60,9897
22,9896
-4,9895
-27,9893
-52,9892
-35,9890
-24,9889
42,9887
83,9886
12,9885
-97,9884
22,9883
-13,9882
17,9881
-76,9880
85,9879
87,9878
69,9877
53,9876
15,9875
73,9874
11,9873
66,9872
-78,9870
49,9869
58,9868
21,9867
62,9865
55,9863
33,9862
-66,9861
5,9860
59,9859
66,9858
95,9855
59,9854
-55,9853
-61,9852
50,9851
-93,9850
-72,9849
-63,9848
4,9847
16,9846
45,9845
-77,9844
54,9843
70,9842
90,9841
37,9839
-71,9838
-85,9837
91,9836
6,9834
-10,9833
-4,9832
-64,9830
43,9829
-51,9828
46,9827
61,9826
-86,9824
49,9821
-51,9819
-46,9818
90,9817
20,9816
-53,9815
-32,9814
30,9813
91,9812
-51,9811
-50,9810
27,9809
27,9807
-7,9806
-90,9805
46,9803
69,9802
-4,9801
1,9800
22,9799
19,9798
-45,9797
-21,9795
-88,9794
31,9791
49,9789
-61,9787
-62,9786
87,9784
-88,9783
33,9782
-6,9781
-85,9779
-85,9778
-83,9777
-4,9776
-84,9775
39,9774
61,9773
3,9772
92,9771
34,9770
29,9769
-22,9768
-13,9767
-3,9766
43,9764
94,9763
47,9762
-90,9760
23,9759
40,9758
-89,9756
-14,9755
-100,9753
-22,9751
60,9750
-25,9749
34,9748
99,9747
17,9746
-99,9745
98,9744
-39,9743
2,9742
-97,9740
99,9739
-62,9738
43,9737
46,9735
22,9734
-61,9732
44,9731
-66,9730
10,9728
-34,9727
-27,9726
68,9723
-64,9722
64,9721
-55,9718
64,9717
98,9716
-2,9715
80,9714
14,9713
54,9710
-72,9709
39,9708
65,9707
27,9706
21,9703
-30,9702
-34,9701
-50,9700
-63,9697
-59,9696
-84,9695
-73,9694
25,9692
-56,9691
22,9689
14,9688
-42,9687
-19,9684
-31,9683
60,9681
55,9680
6,9678
-22,9676
20,9674
93,9673
40,9672
84,9671
-46,9670
16,9668
-85,9667
38,9666
18,9665
90,9664
-9,9662
-48,9661
77,9660
-71,9659
75,9658
-29,9656
16,9654
-49,9653
53,9652
-5,9651
4,9650
65,9649
-86,9648
41,9644
66,9642
67,9641
67,9640
84,9639
-4,9638
44,9635
-74,9634
-3,9633
83,9632
7,9631
18,9630
-7,9629
-2,9627
12,9624
-88,9623
44,9621
89,9620
55,9619
-44,9618
-69,9616
36,9615
4,9614
44,9613
-31,9612
11,9610
94,9605
-64,9604
62,9603
-15,9602
-59,9601
-57,9600
60,9599
-99,9598
79,9596
-46,9594
54,9593
-68,9592
-64,9591
20,9590
-90,9589
-25,9588
94,9587
0,9585
-82,9584
-63,9583
77,9581
54,9580
0,9575
-80,9574
47,9572
49,9571
-88,9569
-97,9568
56,9566
83,9565
55,9564
-29,9563
-47,9562
-41,9561
-52,9559
-22,9558
-57,9557
73,9556
-34,9555
-81,9554
28,9552
26,9550
69,9549
-65,9548
70,9547
74,9546
-32,9545
95,9544
99,9543
-2,9542
23,9541
-100,9540
31,9538
-22,9537
-61,9536
55,9535
-2,9533
12,9532
-55,9531
-12,9530
-31,9528
15,9527
-22,9526
41,9525
7,9524
-92,9522
45,9519
-23,9518
61,9517
10,9516
-79,9514
-91,9513
99,9512
-13,9511
49,9510
95,9509
-55,9508
-30,9507
-70,9506
-89,9504
-86,9503
-40,9500
16,9498
29,9497
-52,9496
-90,9495
60,9494
71,9492
57,9491
29,9490
66,9488
75,9487
3,9485
-90,9484
71,9483
-82,9481
-7,9480
52,9478
82,9476
81,9475
98,9474
-52,9472
38,9470
-77,9469
-13,9468
-71,9467
24,9465
-39,9463
-27,9460
-30,9459
6,9458
95,9457
-14,9456
-93,9455
69,9454
-39,9453
28,9452
35,9451
-88,9450
-84,9449
-22,9448
68,9447
-29,9446
35,9445
-34,9443
-16,9441
64,9440
-65,9438
-52,9437
-90,9435
-69,9434
-27,9432
94,9431
62,9430
-94,9429
51,9428
-85,9426
-4,9424
5,9423
14,9422
-11,9421
1,9420
-12,9419
45,9418
61,9417
-56,9416
-30,9415
-50,9414
80,9413
-56,9412
-80,9409
77,9408
-81,9407
-79,9405
-60,9404
35,9403
-73,9401
-47,9398
-51,9397
-38,9396
0,9395
34,9394
-22,9393
-82,9391
-58,9389
-61,9388
-96,9387
32,9386
-10,9384
77,9383
-12,9382
-43,9380
3,9379
85,9377
60,9376
28,9375
-13,9374
96,9373
64,9372
58,9371
-63,9370
-20,9369
48,9368
-92,9366
-14,9365
32,9364
6,9363
58,9360
-24,9359
-9,9358
-100,9357
-69,9356
39,9355
96,9351
9,9349
-3,9345
63,9344
-21,9341
-49,9339
91,9338
44,9337
-68,9336
-66,9335
84,9333
25,9331
2,9329
23,9328
-99,9327
-94,9326
-25,9324
2,9323
7,9322
68,9320
-18,9319
53,9318
-20,9317
61,9316
-87,9315
-76,9313
5,9312
-26,9310
75,9309
9,9308
-36,9305
15,9304
88,9303
46,9302
85,9300
-47,9297
-4,9295
3,9294
-13,9291
95,9289
-42,9288
1,9287
-33,9285
37,9284
77,9283
14,9282
47,9280
-11,9279
-65,9278
31,9277
25,9276
32,9275
-62,9274
-5,9272
39,9267
66,9265
-87,9264
-80,9263
-52,9262
27,9261
-33,9260
50,9259
34,9258
32,9257
93,9256
-57,9255
10,9254
-90,9253
-55,9251
52,9250
44,9248
-28,9246
-90,9245
1,9244
-53,9242
34,9241
81,9240
-86,9239
-73,9238
-26,9236
-10,9235
-93,9234
-30,9233
1,9232
66,9231
4,9230
-80,9229
-47,9228
6,9227
66,9226
19,9225
42,9224
-43,9222
-77,9221
22,9220
83,9218
-58,9217
3,9216
75,9215
62,9213
-82,9212
-38,9211
29,9210
-14,9209
-50,9208
50,9207
63,9206
-2,9205
-47,9204
-39,9203
80,9202
-32,9201
-93,9200
75,9199
64,9198
16,9197
-37,9196
98,9195
-28,9194
20,9193
88,9191
51,9190
67,9187
41,9185
-15,9184
77,9183
64,9181
57,9180
-19,9178
78,9177
-50,9174
77,9173
-32,9172
23,9171
62,9170
-26,9169
-20,9167
66,9166
31,9164
86,9163
46,9162
67,9161
90,9160
-81,9159
53,9158
85,9157
47,9154
-29,9153
-95,9152
-9,9151
-97,9150
87,9149
-77,9148
-10,9147
-28,9146
59,9145
67,9144
33,9143
-54,9142
-39,9141
70,9139
-20,9138
-46,9137
55,9136
-73,9134
46,9133
20,9132
0,9129
-10,9128
20,9126
-56,9125
52,9124
21,9123
96,9122
-47,9121
-33,9120
85,9119
-55,9117
98,9116
-99,9115
-3,9114
-76,9112
-10,9111
-24,9110
27,9109
-49,9108
-84,9107
-76,9106
-41,9104
42,9103
-72,9102
-55,9101
-89,9100
41,9099
5,9097
57,9096
28,9093
-24,9092
67,9091
77,9090
36,9089
-2,9088
9,9087
39,9086
40,9085
38,9084
58,9082
-25,9081
85,9080
73,9079
65,9078
82,9077
-68,9076
-88,9072
43,9071
-20,9069
-20,9068
-36,9066
48,9065
42,9064
-40,9063
-69,9062
-15,9061
-21,9059
-89,9058
82,9056
5,9055
96,9053
-75,9051
-37,9050
-46,9049
-52,9048
9,9047
-27,9046
-47,9045
-95,9043
-20,9042
-52,9041
4,9039
19,9038
-49,9037
37,9035
28,9034
-91,9033
26,9032
77,9031
96,9030
78,9028
18,9027
-7,9026
56,9025
31,9024
58,9020
-15,9019
30,9016
2,9015
45,9013
50,9010
-56,9009
1,9008
-72,9007
-37,9006
61,9004
25,9003
-34,9002
52,9000
95,8999
-44,8998
-75,8997
-2,8996
-80,8993
36,8992
-30,8990
-81,8989
15,8988
41,8987
0,8985
22,8984
-20,8983
-81,8982
78,8981
-62,8980
10,8979
-16,8978
-38,8977
-7,8976
-61,8975
64,8974
31,8973
-36,8972
17,8971
-12,8970
74,8969
76,8968
61,8967
-56,8966
89,8965
39,8963
-48,8960
-23,8959
-77,8956
-59,8953
5,8952
-34,8950
80,8949
19,8948
27,8947
-57,8945
24,8944
96,8943
24,8942
49,8941
66,8940
-70,8939
15,8938
28,8936
42,8935
33,8934
-89,8932
-43,8930
-64,8929
86,8927
25,8925
-86,8924
76,8923
47,8922
36,8921
17,8920
27,8919
-76,8916
30,8915
17,8912
-51,8911
16,8910
89,8909
83,8908
-93,8907
-62,8905
-92,8904
-60,8903
95,8902
-88,8901
-62,8900
-89,8898
-60,8897
-37,8896
-44,8895
-53,8894
73,8893
-29,8890
42,8889
61,8887
15,8886
-81,8885
-68,8881
-4,8880
4,8878
66,8877
-93,8875
-41,8873
100,8872
-77,8871
-3,8870
29,8869
-96,8868
-68,8867
92,8866
65,8865
-51,8862
79,8861
-96,8860
24,8859
62,8858
88,8857
99,8856
89,8855
-57,8854
72,8853
0,8852
44,8851
-97,8850
-61,8849
-61,8848
-92,8847
1,8844
18,8843
-54,8841
-46,8840
-68,8838
-15,8835
70,8834
66,8832
-78,8831
41,8830
-9,8829
95,8828
-56,8827
99,8825
58,8824
9,8823
-60,8820
-98,8819
77,8818
-5,8817
53,8816
21,8815
55,8814
-29,8813
40,8811
-87,8809
92,8808
-51,8807
-59,8805
14,8803
80,8802
-28,8801
-2,8800
-79,8799
20,8797
-35,8796
98,8795
33,8794
84,8793
62,8792
-98,8790
-41,8788
44,8787
36,8786
21,8784
-2,8783
72,8782
-62,8781
-54,8780
-29,8778
-11,8777
-49,8776
50,8775
100,8774
-87,8773
70,8772
18,8770
-35,8769
76,8768
10,8767
-61,8766
-60,8765
-88,8764
-74,8763
80,8761
-14,8760
-100,8759
48,8758
-93,8757
-73,8752
35,8751
98,8750
-40,8749
62,8748
-49,8746
-68,8745
30,8744
59,8743
-47,8742
3,8740
-73,8739
-86,8737
-88,8735
43,8734
-73,8733
-71,8732
-48,8731
-11,8729
80,8728
46,8726
28,8725
-74,8724
6,8723
73,8722
83,8721
58,8720
-3,8719
-94,8718
-4,8717
-95,8716
-3,8715
-29,8714
86,8713
85,8712
94,8711
13,8710
65,8708
-11,8707
-80,8706
52,8705
-52,8703
-19,8702
70,8701
-90,8700
-5,8699
83,8698
-70,8696
81,8695
-24,8694
-49,8693
-32,8692
79,8691
-60,8690
-53,8689
-71,8688
28,8686
29,8685
-55,8684
-57,8680
0,8679
-8,8678
-68,8677
-9,8676
42,8675
22,8674
-8,8673
-37,8672
-32,8671
-40,8670
21,8668
-86,8667
-2,8666
-4,8665
47,8664
-67,8663
23,8662
-26,8661
26,8660
94,8659
47,8658
-59,8657
63,8655
-39,8653
-33,8652
-25,8651
65,8650
7,8649
60,8648
92,8647
-56,8646
34,8644
64,8643
74,8641
50,8639
96,8638
29,8637
92,8636
-25,8635
32,8634
44,8633
-11,8632
-42,8630
58,8629
-35,8628
-49,8627
66,8625
-47,8624
-83,8623
76,8621
17,8620
69,8619
-1,8616
66,8614
-78,8613
-74,8612
-28,8608
15,8607
-94,8604
-63,8603
-71,8602
88,8600
65,8599
63,8598
25,8595
-77,8594
-50,8593
70,8590
25,8589
-23,8587
0,8584
-38,8583
-31,8582
-77,8581
90,8580
97,8579
-33,8578
-25,8577
26,8575
-49,8574
-10,8572
69,8571
10,8568
-85,8567
82,8566
10,8565
18,8564
46,8562
32,8560
76,8559
-18,8558
-13,8557
92,8556
-14,8555
-40,8554
23,8552
-58,8551
-12,8550
38,8549
-76,8548
73,8547
45,8546
-89,8545
-4,8544
39,8543
41,8542
91,8541
-61,8540
-14,8536
-25,8535
-29,8534
-40,8533
-24,8532
-66,8530
-95,8529
79,8528
-90,8527
11,8526
-38,8525
-80,8523
-71,8522
-30,8521
93,8518
37,8517
24,8516
-36,8515
56,8514
41,8513
90,8512
-43,8511
-39,8510
-92,8509
82,8508
-63,8506
-58,8505
-4,8504
-53,8503
71,8502
-76,8501
-56,8499
-33,8497
88,8496
49,8495
-54,8494
-3,8492
87,8491
-30,8490
18,8489
76,8488
-30,8487
-59,8485
1,8483
-82,8482
1,8481
-14,8479
-26,8478
53,8477
42,8474
-34,8473
6,8472
3,8471
-36,8470
-59,8469
87,8468
68,8467
82,8466
-15,8465
-95,8464
68,8463
-78,8458
-52,8457
-74,8456
-82,8455
-71,8454
49,8453
34,8452
45,8451
-94,8450
-26,8449
-16,8448
54,8447
-5,8446
-96,8445
91,8443
-58,8442
-100,8441
74,8440
100,8438
65,8436
-21,8435
-9,8434
36,8433
22,8432
44,8431
74,8430
63,8428
-66,8427
-67,8425
-11,8423
78,8422
75,8421
46,8420
-82,8417
52,8415
-42,8414
20,8413
73,8412
68,8411
-56,8409
95,8408
83,8405
14,8404
-28,8403
-53,8402
-85,8401
80,8400
15,8399
-40,8398
-90,8397
37,8396
91,8394
-58,8393
-71,8392
-20,8390
-70,8389
-59,8388
47,8387
-61,8386
-45,8385
-2,8383
-56,8380
-78,8379
65,8378
82,8376
-17,8375
-58,8373
-53,8372
-47,8370
-10,8369
-51,8368
-9,8367
83,8365
6,8364
2,8363
95,8362
-39,8361
70,8360
-100,8359
-27,8357
-47,8356
99,8355
39,8354
-57,8353
82,8351
66,8350
88,8349
-1,8348
-98,8347
93,8346
-9,8345
5,8343
-79,8342
41,8341
22,8340
-82,8339
-99,8338
-9,8336
7,8334
-6,8333
30,8332
87,8331
-85,8330
31,8329
-84,8328
34,8327
84,8326
54,8325
-42,8324
32,8323
-74,8322
-40,8321
35,8320
49,8319
27,8318
-48,8317
-55,8316
1,8313
62,8312
19,8311
-84,8310
-71,8309
68,8308
51,8306
86,8305
-35,8303
44,8302
-85,8301
-74,8300
-1,8299
94,8298
-77,8297
96,8296
-72,8295
-36,8294
-21,8291
31,8290
7,8289
-2,8288
-79,8287
16,8286
-47,8284
37,8283
36,8282
-68,8281
26,8280
39,8279
-24,8277
12,8276
56,8273
16,8272
-96,8271
-75,8269
-42,8268
-4,8265
20,8263
92,8261
-89,8258
14,8257
45,8256
-68,8255
-43,8254
58,8253
61,8251
58,8250
28,8247
46,8246
99,8245
32,8244
48,8243
-78,8242
61,8241
72,8240
-1,8239
-25,8238
59,8236
12,8235
-59,8234
13,8233
-30,8232
51,8231
3,8230
-13,8229
-60,8227
85,8225
64,8224
-90,8223
38,8222
66,8221
-23,8220
-40,8219
35,8218
25,8216
-71,8215
77,8214
3,8213
-71,8212
-41,8211
38,8210
-96,8208
-39,8206
53,8205
-24,8204
97,8203
-46,8201
-59,8200
25,8198
-17,8197
33,8196
-17,8195
-3,8194
41,8193
28,8191
41,8189
49,8188
-80,8187
33,8186
-17,8184
-29,8183
62,8182
31,8181
51,8180
-91,8179
-75,8178
-23,8177
-37,8175
-97,8174
99,8173
-83,8172
61,8171
-84,8170
-47,8169
53,8167
-64,8166
79,8165
-33,8164
-74,8163
-76,8161
13,8160
64,8159
-19,8157
-66,8156
27,8155
11,8153
-6,8151
32,8149
22,8148
-69,8147
75,8143
83,8142
37,8141
-37,8140
-65,8138
36,8136
-31,8133
-75,8132
44,8131
87,8130
22,8129
83,8128
42,8127
23,8124
29,8123
15,8122
31,8121
-44,8120
-18,8118
-15,8117
-59,8116
7,8115
-10,8113
13,8108
-72,8107
73,8106
-61,8104
90,8101
-27,8100
-18,8099
71,8098
34,8097
64,8096
85,8095
73,8094
-24,8091
3,8090
92,8089
-46,8088
15,8087
-73,8086
99,8084
-5,8083
9,8082
-56,8081
-14,8079
-75,8078
64,8077
73,8076
19,8075
-88,8073
26,8072
-12,8070
93,8068
37,8066
-8,8065
-72,8064
50,8062
-93,8061
-50,8059
64,8058
-81,8057
53,8056
14,8053
98,8051
62,8049
5,8048
-6,8046
-38,8044
18,8043
-22,8041
71,8037
-50,8036
-15,8035
53,8034
-97,8033
-14,8031
-67,8030
-64,8029
99,8028
-79,8027
-99,8025
66,8023
-54,8022
-14,8020
-37,8019
-29,8018
75,8017
-96,8016
45,8015
28,8012
-32,8009
-86,8008
40,8006
41,8005
-22,8004
97,8002
73,8001
-12,8000
80,7999
-84,7998
72,7996
45,7995
76,7994
22,7993
-61,7992
-100,7991
-53,7990
-3,7989
-78,7988
6,7986
-91,7984
20,7983
8,7982
-81,7980
87,7979
-39,7978
-70,7977
10,7976
27,7975
77,7973
25,7972
-1,7971
48,7970
-4,7969
36,7968
-40,7967
66,7966
-73,7965
-69,7964
-66,7963
87,7962
61,7960
-78,7959
-84,7957
-46,7955
-39,7953
46,7952
35,7950
97,7948
59,7947
25,7946
-47,7944
-66,7941
-1,7940
70,7939
74,7937
79,7934
2,7932
51,7931
-43,7930
75,7929
50,7928
-23,7927
-23,7925
5,7923
-90,7921
58,7920
88,7916
-97,7915
-42,7914
-11,7913
-75,7909
-44,7908
90,7907
-77,7906
-15,7904
-10,7903
72,7901
26,7900
-55,7898
-99,7897
-6,7896
5,7895
-51,7894
-45,7893
44,7891
-62,7889
-26,7888
100,7887
38,7886
37,7885
91,7884
-58,7882
14,7880
-14,7879
22,7878
-4,7877
23,7875
46,7874
15,7871
-62,7869
2,7868
-44,7866
15,7865
31,7864
10,7863
63,7861
63,7860
22,7859
-52,7858
39,7855
-84,7853
63,7851
-56,7850
93,7849
85,7848
-26,7847
9,7846
76,7845
-7,7844
24,7843
-4,7841
100,7840
-45,7839
10,7837
-63,7836
54,7835
43,7834
-1,7832
-36,7831
-52,7829
11,7828
-48,7827
27,7826
-15,7824
-30,7823
22,7822
33,7821
-58,7819
-46,7818
2,7817
9,7816
-96,7814
36,7813
19,7812
-77,7811
-98,7810
51,7809
-27,7808
-5,7807
74,7806
97,7803
-61,7802
66,7799
53,7798
-26,7797
17,7796
-5,7795
38,7793
40,7792
29,7789
85,7788
82,7787
94,7786
42,7785
-29,7783
-75,7782
-76,7779
80,7778
-40,7774
81,7773
-93,7772
47,7771
-54,7770
-20,7769
-71,7768
78,7767
-28,7766
-64,7764
42,7763
37,7762
-60,7760
-33,7759
-82,7757
86,7755
-27,7754
31,7753
66,7752
-11,7750
-8,7749
-93,7748
-60,7747
48,7745
73,7744
-15,7743
38,7741
84,7740
-10,7739
-15,7737
-32,7736
2,7735
42,7734
-61,7733
42,7732
-80,7731
-80,7730
-41,7729
-70,7728
45,7727
88,7725
-16,7724
82,7723
-35,7722
47,7721
74,7720
61,7718
-3,7717
-6,7715
-98,7714
81,7712
96,7711
18,7710
-68,7709
-85,7708
-80,7707
48,7706
18,7705
8,7703
-86,7702
6,7701
31,7700
-39,7699
36,7698
-78,7697
-79,7696
62,7695
68,7694
-99,7693
-91,7692
-54,7691
-60,7689
18,7688
-66,7687
-72,7686
34,7685
12,7682
62,7680
15,7679
-52,7677
90,7676
-41,7675
78,7673
-25,7672
-39,7670
21,7669
-72,7668
93,7667
0,7666
24,7665
18,7664
84,7663
-65,7661
-58,7659
-79,7658
83,7657
86,7656
15,7654
-82,7652
5,7651
58,7650
51,7649
80,7647
-65,7646
-69,7645
-18,7642
68,7641
96,7639
33,7638
-76,7637
-82,7636
74,7635
-82,7633
-14,7631
6,7629
-47,7627
-98,7626
-95,7623
85,7622
82,7621
39,7620
-49,7619
-81,7618
-35,7617
-43,7616
73,7615
-82,7612
3,7611
73,7610
-57,7609
-62,7608
-31,7606
-73,7605
-42,7604
-49,7602
-34,7601
-80,7600
-56,7599
-34,7597
-15,7596
-77,7595
-50,7593
25,7592
-34,7590
65,7589
-45,7588
60,7586
-75,7585
63,7583
16,7580
-54,7579
97,7578
-25,7576
-15,7575
19,7574
-17,7573
45,7572
-64,7571
-43,7570
-37,7569
11,7568
-99,7566
18,7565
-62,7564
85,7563
-88,7562
-5,7561
-12,7559
-76,7557
-57,7555
69,7554
8,7553
-87,7552
38,7550
94,7549
43,7548
22,7547
-38,7546
-83,7545
45,7543
-68,7540
32,7539
38,7538
-52,7537
50,7536
4,7535
76,7533
-83,7532
-49,7530
-35,7527
27,7526
61,7524
83,7523
-12,7522
-76,7520
68,7518
-53,7517
-74,7515
73,7514
-23,7513
45,7512
82,7510
75,7509
-13,7508
29,7507
16,7506
54,7503
7,7502
1,7500
87,7499
14,7498
76,7497
-47,7494
-45,7493
-14,7490
-46,7489
94,7488
60,7487
46,7486
78,7484
33,7483
74,7482
95,7481
58,7480
97,7479
-98,7478
92,7477
-19,7475
-85,7474
73,7473
-59,7471
-74,7468
-50,7466
97,7464
-35,7462
-99,7461
5,7459
-21,7458
-59,7457
76,7456
-53,7454
18,7453
59,7452
28,7451
34,7450
27,7449
-52,7448
-68,7447
-20,7446
-36,7444
-54,7443
-82,7441
87,7440
-19,7439
44,7437
-25,7436
-8,7435
84,7433
-97,7432
62,7431
-81,7430
31,7429
86,7428
3,7427
91,7426
-100,7425
16,7424
-55,7423
-69,7422
21,7421
29,7420
-32,7419
-87,7418
-4,7417
-74,7415
-69,7414
18,7413
-45,7412
-92,7411
99,7410
-91,7407
68,7406
100,7405
-98,7404
-49,7403
-12,7400
-57,7399
-70,7398
24,7396
83,7395
-8,7394
99,7393
-84,7392
-50,7391
26,7387
-10,7384
38,7383
-70,7380
74,7379
-40,7378
96,7377
-53,7375
91,7373
-12,7371
-36,7370
-16,7366
-64,7365
31,7364
-9,7363
-60,7362
39,7360
-34,7359
25,7358
-16,7357
-69,7356
81,7354
-19,7350
41,7349
-43,7345
-19,7344
14,7343
-66,7342
-2,7341
27,7340
-54,7339
-58,7338
-18,7336
10,7335
-99,7334
74,7332
11,7331
35,7330
-83,7329
-27,7328
86,7327
-82,7326
-87,7325
-95,7324
74,7322
19,7319
-54,7318
71,7317
-32,7316
27,7315
96,7314
-28,7313
-82,7312
40,7311
92,7310
62,7309
22,7308
10,7307
-46,7306
-88,7304
-33,7303
-48,7302
88,7299
71,7297
18,7296
-15,7295
-54,7294
70,7292
-58,7290
39,7289
-84,7288
69,7287
-38,7286
84,7285
34,7284
-2,7283
88,7282
9,7280
42,7279
20,7278
-14,7277
94,7276
83,7274
6,7273
-40,7272
-21,7271
45,7270
86,7268
-24,7267
-67,7266
35,7264
71,7263
-81,7262
15,7260
80,7259
-13,7258
1,7256
-22,7255
-5,7254
-92,7253
-53,7252
10,7251
-39,7249
29,7248
42,7247
-8,7245
32,7244
-86,7243
-39,7242
54,7241
-43,7240
2,7239
-44,7237
-99,7236
-35,7235
64,7234
39,7233
-68,7232
-83,7231
80,7228
-1,7227
87,7226
52,7225
60,7223
-42,7222
-48,7221
-31,7220
87,7218
61,7215
-64,7214
17,7212
47,7210
71,7209
-47,7208
9,7205
80,7204
76,7203
-77,7202
68,7201
-9,7200
-11,7199
5,7198
-28,7197
-17,7195
-8,7194
47,7192
100,7191
99,7189
-5,7187
-95,7184
2,7183
82,7182
-51,7180
-58,7178
60,7177
-81,7174
89,7172
-28,7171
-89,7170
70,7169
-33,7168
-56,7166
7,7165
-91,7164
-9,7162
80,7161
22,7160
-42,7159
1,7156
87,7155
1,7153
70,7150
14,7149
82,7147
-16,7146
90,7145
-17,7144
-76,7141
-75,7140
-88,7139
82,7138
6,7136
-32,7135
-95,7134
-100,7133
49,7132
29,7129
-32,7128
-95,7127
97,7126
84,7125
63,7124
-98,7122
-74,7120
97,7118
26,7116
-71,7115
98,7114
99,7111
-60,7110
9,7109
-3,7108
-34,7107
-63,7106
57,7103
-66,7102
-61,7101
92,7100
72,7099
-91,7098
-3,7097
27,7096
80,7094
-7,7093
53,7091
28,7090
80,7089
-96,7088
15,7087
27,7086
-84,7085
-71,7084
-79,7082
-19,7080
90,7079
-64,7077
-25,7076
-24,7075
-11,7074
62,7072
-55,7071
49,7070
-85,7068
-70,7067
87,7066
-87,7063
51,7062
-26,7061
-79,7060
-91,7059
99,7057
-44,7056
39,7055
58,7054
69,7050
49,7049
49,7048
-28,7047
40,7045
70,7044
86,7043
-86,7042
31,7041
2,7039
25,7038
99,7037
-15,7036
-78,7035
15,7034
79,7032
51,7031
-78,7030
50,7029
36,7027
-64,7025
79,7024
-68,7023
-30,7022
1,7021
95,7019
8,7018
-91,7017
-54,7015
28,7013
-22,7012
54,7011
-75,7010
21,7009
-37,7008
96,7007
-47,7006
96,7004
-90,7003
-45,7001
-85,7000
41,6999
-91,6998
-95,6997
45,6996
68,6995
64,6993
46,6992
94,6991
74,6990
-33,6989
88,6988
50,6987
-53,6986
-47,6985
-78,6984
51,6983
20,6978
32,6977
-8,6976
3,6974
67,6973
36,6972
-52,6971
-59,6969
-27,6968
20,6966
-9,6965
96,6964
88,6963
73,6960
69,6959
-31,6958
96,6957
46,6956
0,6954
-14,6953
-4,6951
-10,6949
88,6948
-99,6947
7,6946
28,6945
-53,6944
-16,6943
-35,6942
86,6941
-83,6940
-32,6939
-16,6938
-59,6937
-87,6936
-46,6935
13,6934
-95,6933
-13,6932
-32,6931
18,6930
-48,6929
-26,6926
85,6925
-66,6923
-45,6922
44,6920
-83,6919
95,6917
32,6916
-36,6914
-86,6912
-27,6911
52,6910
-19,6909
-72,6908
19,6907
66,6905
97,6904
-97,6903
-69,6902
22,6901
-42,6900
83,6899
50,6898
47,6897
-4,6896
91,6893
-46,6892
1,6891
48,6889
50,6888
85,6886
-42,6885
-3,6881
-61,6878
-50,6877
-55,6875
29,6874
-63,6872
-52,6871
-93,6869
-84,6868
-25,6867
-68,6866
-70,6864
-89,6862
98,6861
-44,6859
100,6858
-43,6857
-40,6856
73,6855
4,6854
-24,6853
90,6852
76,6851
-68,6850
1,6849
8,6846
93,6845
86,6843
-24,6842
14,6841
48,6840
76,6838
-59,6837
19,6836
82,6835
-17,6834
-98,6833
13,6832
36,6831
77,6828
68,6827
20,6826
-26,6824
2,6822
28,6821
86,6820
-77,6819
-98,6818
-47,6817
-99,6814
-49,6813
7,6811
-51,6809
10,6808
49,6807
10,6806
27,6805
44,6804
96,6803
94,6802
76,6800
-66,6799
-31,6798
-92,6797
-59,6795
-2,6794
-9,6793
-49,6792
-73,6791
-68,6789
58,6788
43,6787
-39,6785
46,6784
-27,6783
-16,6782
78,6781
-58,6779
-31,6777
17,6776
-25,6775
-12,6774
84,6773
88,6772
42,6771
-2,6770
32,6768
93,6767
-100,6766
-65,6763
-51,6762
-100,6761
18,6760
49,6759
77,6758
64,6756
-90,6755
29,6753
-13,6752
-50,6750
58,6746
-21,6745
-50,6744
-98,6743
-50,6742
-65,6740
-51,6739
37,6738
42,6737
-18,6736
11,6735
28,6734
35,6733
24,6732
-40,6729
11,6728
20,6727
23,6725
77,6724
77,6723
-37,6721
42,6719
21,6718
-76,6717
-85,6714
3,6713
-25,6712
4,6711
19,6708
99,6707
2,6706
4,6705
-14,6704
8,6702
26,6700
-86,6699
7,6698
96,6697
-29,6696
84,6695
-18,6694
92,6693
-46,6692
-33,6691
-65,6689
-39,6687
-80,6685
-7,6684
-50,6682
30,6681
81,6680
65,6678
53,6676
25,6675
82,6674
-93,6673
-80,6672
-65,6671
-2,6669
-64,6667
25,6666
-45,6665
67,6664
-28,6662
-88,6659
-62,6658
-50,6657
-3,6656
11,6655
-74,6654
-87,6653
-36,6652
20,6651
81,6650
98,6649
-34,6647
-25,6646
11,6645
-1,6643
-13,6642
-74,6640
54,6639
22,6638
-99,6637
41,6636
-55,6634
-71,6632
96,6631
26,6628
-41,6627
58,6626
-21,6625
-94,6624
80,6623
-16,6622
-51,6620
5,6618
90,6616
-85,6615
51,6613
-18,6612
49,6610
-59,6609
34,6608
91,6607
40,6606
-10,6605
-62,6604
-12,6601
-55,6600
-71,6598
-11,6597
13,6596
49,6595
-13,6594
77,6593
86,6592
48,6591
-15,6589
-70,6587
-59,6586
-50,6584
-81,6582
39,6581
-61,6580
-45,6579
41,6577
79,6576
-5,6574
5,6573
8,6571
36,6570
-63,6568
-34,6567
-87,6566
-15,6565
-39,6562
88,6561
47,6560
-78,6559
18,6558
-50,6557
54,6556
-28,6555
55,6554
-52,6553
-54,6550
-7,6549
45,6547
-42,6546
-84,6545
1,6543
27,6540
-13,6539
-80,6537
-46,6536
-32,6534
-15,6532
-68,6531
-13,6530
-73,6529
-69,6528
-19,6527
-79,6526
98,6525
-14,6523
-92,6522
22,6520
0,6517
79,6516
90,6513
9,6512
-79,6511
-100,6510
29,6509
94,6508
-54,6506
2,6504
41,6503
45,6502
27,6501
-48,6500
-60,6499
29,6498
-62,6497
-49,6496
-55,6495
65,6494
-74,6490
33,6488
96,6486
66,6485
-72,6484
-84,6483
86,6482
91,6479
-60,6477
50,6476
96,6475
-18,6473
30,6471
-66,6470
90,6469
-8,6467
24,6466
33,6465
-14,6464
-83,6463
77,6462
96,6461
-9,6460
-1,6459
40,6457
0,6456
-90,6455
-54,6453
-59,6451
57,6450
15,6449
16,6448
-57,6447
41,6445
84,6444
-29,6443
94,6442
-27,6441
10,6440
-38,6439
-100,6438
25,6437
77,6436
-59,6435
-18,6432
-72,6431
11,6430
-52,6428
-68,6427
-81,6426
-28,6425
-26,6423
-48,6421
68,6420
31,6419
40,6418
32,6416
92,6414
-97,6413
82,6411
66,6409
91,6407
28,6405
-88,6404
64,6401
93,6400
100,6399
-67,6397
67,6394
93,6393
-82,6392
36,6391
65,6390
28,6388
64,6387
24,6386
70,6385
-74,6383
35,6382
-48,6381
-9,6380
-20,6379
96,6378
44,6377
-39,6376
21,6374
42,6373
18,6372
-8,6371
-38,6370
42,6369
-35,6368
-47,6367
63,6365
16,6364
35,6363
-50,6362
-1,6361
57,6359
95,6357
-42,6356
36,6355
-59,6354
-90,6350
23,6348
-49,6347
5,6346
19,6345
12,6344
76,6343
6,6341
90,6339
-51,6338
-20,6337
86,6336
-51,6334
30,6332
19,6330
13,6328
-82,6327
65,6323
17,6322
-9,6321
-76,6320
-85,6319
27,6317
-39,6315
8,6314
-39,6313
23,6311
-54,6310
-23,6309
-5,6308
-62,6307
47,6306
86,6304
-79,6301
-57,6300
23,6299
83,6298
82,6296
11,6295
-68,6294
-11,6293
-47,6291
-31,6290
-66,6289
-42,6287
-43,6286
-99,6285
15,6284
14,6281
59,6279
-65,6275
-83,6274
-30,6273
-52,6272
86,6271
52,6270
49,6269
2,6268
6,6267
-30,6266
-25,6265
-100,6264
-23,6263
33,6261
-65,6260
-38,6258
34,6255
-71,6254
70,6252
-99,6250
-32,6249
-57,6248
62,6247
-8,6246
-29,6244
94,6242
-72,6241
24,6240
-22,6239
-91,6238
-82,6236
78,6235
57,6234
-83,6233
-65,6232
-17,6230
79,6229
57,6228
-21,6227
5,6226
-93,6225
-91,6224
86,6221
-18,6220
42,6219
21,6218
-37,6214
-98,6213
-21,6212
53,6211
55,6209
50,6208
-56,6207
-41,6206
40,6205
62,6204
89,6203
92,6201
-82,6200
-19,6199
29,6197
-11,6192
-84,6191
73,6190
-79,6189
-38,6188
38,6187
24,6186
32,6185
13,6184
-82,6182
-57,6181
-22,6180
74,6177
27,6176
8,6175
44,6173
32,6171
82,6170
64,6169
-73,6168
62,6166
-76,6164
27,6163
-36,6162
46,6161
-73,6160
-35,6159
-69,6158
-44,6157
-63,6156
86,6155
-18,6153
-64,6152
59,6151
-98,6150
94,6149
85,6147
-80,6146
-15,6145
57,6144
70,6143
3,6142
-21,6140
-22,6139
-21,6138
24,6137
61,6136
83,6135
32,6134
-47,6132
51,6129
-93,6128
-9,6127
48,6126
40,6125
95,6124
18,6123
-9,6121
-64,6120
20,6119
43,6118
72,6117
26,6116
-53,6115
68,6114
5,6113
-20,6112
-37,6111
81,6110
35,6109
59,6107
64,6106
-72,6105
-15,6104
-15,6102
-82,6101
30,6100
87,6099
-84,6098
76,6097
44,6095
-82,6094
79,6093
-80,6091
48,6090
91,6087
31,6083
-8,6082
-54,6081
-53,6080
-1,6079
-98,6078
20,6077
23,6076
24,6075
97,6074
-33,6073
-92,6071
-75,6069
32,6068
71,6067
55,6065
72,6064
-25,6063
-40,6062
-46,6061
91,6060
-24,6059
-83,6058
-39,6057
-26,6056
70,6055
-37,6052
-90,6051
57,6050
-32,6049
78,6048
-57,6047
66,6046
20,6045
-79,6044
-62,6042
14,6041
42,6040
-44,6039
-80,6038
57,6036
-40,6035
95,6034
-88,6033
62,6032
-26,6031
-79,6030
12,6028
-65,6027
61,6026
9,6025
-32,6024
-14,6023
-83,6022
53,6021
48,6020
-25,6019
8,6018
3,6016
24,6015
-9,6014
-15,6012
95,6011
64,6010
11,6009
-47,6007
-32,6005
-40,6004
-41,6003
68,6002
43,6001
-47,6000
-54,5999
13,5998
70,5996
-94,5993
46,5992
47,5991
88,5990
60,5987
-97,5986
86,5984
15,5983
79,5982
-53,5980
-86,5979
83,5978
-54,5977
97,5976
99,5975
4,5973
35,5972
-77,5971
48,5970
-49,5969
-15,5968
63,5967
-68,5966
-91,5965
-52,5964
-46,5963
-92,5962
69,5961
21,5959
-76,5958
85,5956
-84,5955
23,5954
-93,5951
-13,5949
68,5948
-69,5947
89,5944
-41,5943
77,5942
32,5941
-47,5939
39,5938
12,5937
-54,5935
-7,5934
-66,5933
93,5932
-11,5930
7,5929
-76,5928
-35,5927
21,5926
0,5925
9,5924
36,5923
-38,5922
-11,5920
22,5916
57,5914
39,5913
-6,5912
-86,5911
56,5909
60,5907
-28,5906
50,5904
82,5903
88,5902
0,5900
-30,5899
15,5898
91,5897
-65,5896
28,5894
83,5893
-84,5891
-50,5890
95,5888
99,5887
-2,5886
-49,5885
-58,5884
5,5882
95,5881
96,5880
42,5879
63,5877
64,5876
-24,5874
-90,5873
96,5871
5,5870
82,5868
-60,5867
-60,5866
-66,5865
-23,5864
18,5863
43,5862
93,5861
-5,5858
-46,5855
-99,5854
100,5853
-45,5852
2,5850
-79,5849
86,5848
33,5847
60,5846
-49,5845
-48,5844
78,5843
85,5841
41,5840
-16,5839
-45,5837
37,5836
-17,5835
-90,5831
-97,5830
64,5828
100,5827
53,5826
29,5825
97,5824
32,5823
-27,5821
17,5820
36,5817
-35,5815
38,5813
59,5812
-89,5810
78,5808
-7,5807
39,5806
-99,5805
37,5804
99,5803
-51,5801
-60,5800
-21,5799
41,5798
-29,5794
22,5793
-13,5792
-90,5790
-27,5789
40,5788
36,5787
-40,5786
-82,5784
14,5783
99,5781
25,5780
-25,5779
33,5778
-18,5776
-85,5775
49,5774
-79,5773
-21,5772
28,5771
85,5770
16,5769
95,5768
-58,5766
8,5765
-93,5764
90,5763
-45,5762
-99,5761
-69,5759
63,5757
-77,5756
-76,5755
68,5754
67,5753
-90,5752
-76,5751
-48,5750
67,5749
59,5748
10,5747
9,5746
-62,5745
-76,5744
-78,5743
-36,5742
23,5741
25,5740
9,5737
-30,5736
-4,5735
-54,5734
93,5733
-79,5732
-83,5731
81,5730
-68,5729
75,5728
9,5726
20,5725
-87,5724
-26,5722
7,5721
1,5720
-40,5718
17,5717
-3,5716
-32,5715
18,5712
-74,5711
30,5709
-76,5708
25,5707
-65,5706
0,5705
63,5704
75,5703
-14,5702
62,5700
98,5696
79,5695
-28,5694
59,5693
-95,5692
-40,5691
34,5690
-79,5689
39,5688
-19,5687
21,5686
-93,5684
52,5683
45,5681
-80,5680
65,5679
52,5677
58,5674
10,5673
72,5671
84,5669
-76,5668
78,5667
4,5665
3,5664
-4,5663
39,5662
-10,5661
33,5660
91,5657
-36,5656
66,5654
-41,5653
-80,5652
-71,5651
7,5650
54,5649
-1,5648
-43,5647
84,5644
95,5643
-18,5642
-88,5641
68,5640
93,5639
33,5638
14,5637
22,5636
-97,5635
15,5633
92,5631
56,5630
-90,5629
12,5628
-6,5627
-83,5626
85,5625
-68,5624
-52,5623
53,5621
32,5620
21,5619
67,5617
34,5616
-29,5615
-25,5614
73,5613
47,5612
8,5611
-90,5610
-24,5608
-53,5607
63,5606
76,5605
-42,5603
-25,5600
-52,5599
49,5598
79,5597
-97,5596
38,5595
-62,5594
-64,5593
13,5591
-43,5589
-78,5585
-81,5584
99,5583
27,5581
-96,5580
-52,5579
-74,5577
-65,5575
7,5574
-83,5572
72,5571
-70,5570
80,5569
6,5568
19,5566
60,5565
10,5564
-49,5563
32,5562
-28,5561
-13,5560
71,5559
83,5558
-17,5557
1,5555
-99,5554
-79,5553
-87,5552
-2,5551
-69,5550
-100,5549
-79,5546
-53,5545
77,5543
7,5541
21,5536
-11,5535
83,5534
-69,5533
13,5531
-16,5530
-84,5528
-44,5525
-46,5524
10,5523
6,5522
66,5520
7,5519
96,5517
-1,5515
-27,5514
-62,5513
-40,5512
-66,5511
-44,5510
-87,5509
-19,5508
-61,5507
-31,5506
-90,5505
-19,5504
-1,5501
-84,5500
-87,5499
-66,5498
55,5497
13,5494
6,5493
-80,5492
35,5491
-95,5490
-59,5488
63,5487
84,5486
-2,5485
89,5483
-61,5482
8,5480
-44,5479
-96,5477
43,5476
35,5475
-43,5474
64,5470
-53,5469
87,5468
-70,5467
30,5466
-30,5465
-57,5464
-90,5463
1,5461
-61,5460
39,5459
52,5456
71,5455
68,5454
-60,5453
-65,5452
90,5450
-90,5447
11,5446
-32,5445
-65,5443
-70,5442
-39,5441
-70,5440
-29,5439
65,5438
-99,5437
40,5436
83,5435
-55,5434
-97,5433
28,5432
-64,5431
-81,5430
68,5429
-29,5428
35,5427
13,5426
-43,5425
84,5424
-19,5423
-90,5421
-84,5420
33,5418
82,5417
76,5416
83,5415
85,5414
-82,5413
-77,5411
93,5410
-33,5408
97,5407
-17,5406
49,5405
50,5404
-54,5402
-52,5401
68,5400
78,5398
33,5397
-82,5395
-2,5394
20,5393
59,5392
-77,5390
-43,5389
12,5388
-8,5386
-61,5385
23,5383
-85,5382
-53,5381
34,5380
-74,5379
-100,5376
-63,5374
59,5373
-13,5372
77,5371
99,5370
-45,5369
70,5364
-66,5363
3,5362
72,5360
96,5359
45,5358
-93,5355
-52,5354
8,5353
-40,5350
8,5349
68,5348
53,5346
-58,5344
94,5343
-77,5342
46,5341
27,5339
-25,5338
-59,5337
21,5334
64,5332
4,5331
-88,5329
81,5328
86,5327
-81,5326
-12,5325
-30,5324
94,5319
-95,5318
-43,5316
-96,5315
-95,5314
47,5313
-80,5312
-60,5311
75,5310
92,5307
2,5304
-50,5303
-56,5302
-87,5301
67,5300
-46,5298
-97,5296
10,5295
-68,5293
-59,5292
48,5291
48,5290
1,5289
-81,5287
-72,5286
-57,5285
20,5284
90,5283
42,5280
-54,5278
-10,5276
-68,5275
80,5274
14,5273
29,5272
44,5271
-13,5269
-39,5267
-29,5266
-67,5265
52,5264
-15,5263
45,5262
18,5259
-46,5258
10,5256
-99,5255
-31,5252
24,5251
95,5250
20,5248
34,5247
-25,5246
82,5245
84,5244
84,5243
-97,5237
83,5236
29,5234
42,5233
39,5232
-40,5230
42,5229
32,5226
-44,5225
95,5224
-74,5221
-68,5220
60,5218
-1,5216
-1,5215
-16,5213
-87,5212
-80,5211
-83,5210
21,5209
-46,5208
32,5206
67,5205
70,5204
79,5203
-47,5202
3,5201
-79,5200
63,5199
34,5197
79,5196
-25,5195
98,5193
52,5192
-21,5191
-77,5188
-43,5185
-73,5184
69,5183
18,5180
-89,5178
88,5177
-97,5175
-54,5173
31,5172
-99,5171
52,5167
49,5165
23,5164
13,5162
-30,5161
54,5159
16,5157
-4,5156
56,5154
-29,5153
-41,5152
-75,5151
92,5150
51,5149
41,5147
-87,5146
8,5144
69,5143
-56,5142
10,5141
72,5139
52,5137
65,5136
19,5135
-36,5134
62,5133
93,5132
-80,5131
69,5130
-96,5129
81,5128
-96,5127
9,5126
-71,5125
-9,5124
67,5122
84,5121
-79,5120
-10,5119
78,5117
82,5116
-7,5115
78,5114
-38,5112
-13,5110
95,5108
99,5107
-47,5106
24,5105
-55,5104
30,5103
23,5098
56,5097
-98,5096
20,5094
79,5092
28,5091
64,5089
30,5088
81,5087
-10,5086
-50,5085
72,5083
2,5082
-39,5081
24,5079
50,5078
48,5077
-50,5076
68,5075
-86,5073
-50,5072
-30,5070
-99,5069
19,5068
-39,5066
-56,5065
-53,5064
-40,5063
-27,5062
-10,5061
-69,5059
54,5058
-87,5057
-46,5055
-96,5054
-68,5050
83,5049
-21,5048
75,5047
0,5046
-71,5045
-14,5044
11,5043
-57,5042
-23,5040
-70,5039
72,5037
41,5036
-87,5032
89,5031
3,5030
60,5029
-56,5028
-41,5025
39,5024
9,5022
-10,5020
1,5019
-93,5018
-71,5017
31,5014
-15,5012
34,5011
79,5010
84,5009
53,5008
-77,5007
-64,5006
12,5005
93,5003
-16,5002
2,5001
-14,5000
77,4999
76,4998
74,4997
18,4994
49,4993
66,4992
-1,4991
3,4990
7,4989
77,4988
-12,4987
-68,4986
-38,4985
3,4983
-59,4982
25,4980
93,4978
33,4977
1,4976
18,4975
-9,4974
-65,4972
-28,4971
24,4969
33,4968
-79,4967
37,4966
48,4964
87,4962
5,4958
-13,4957
-66,4956
-9,4953
-15,4952
2,4951
-15,4950
88,4948
-26,4947
46,4946
8,4945
-83,4944
-35,4941
-56,4940
-13,4937
60,4936
-25,4935
69,4933
37,4932
-16,4928
-7,4927
64,4926
23,4925
8,4924
-52,4923
-5,4921
88,4919
-35,4918
-41,4915
44,4914
43,4913
97,4912
64,4910
98,4909
-27,4907
21,4906
87,4905
29,4904
20,4903
11,4902
-80,4901
100,4900
-85,4899
-87,4898
-60,4897
20,4896
-18,4894
49,4893
27,4892
-53,4890
92,4889
-41,4888
60,4887
-66,4886
-64,4883
-41,4882
62,4881
-24,4880
-72,4878
74,4877
69,4876
-74,4873
29,4871
8,4870
48,4869
-78,4868
-27,4867
-92,4865
89,4864
91,4863
41,4861
-33,4859
69,4857
-92,4855
51,4853
-50,4852
9,4850
38,4848
-80,4847
-44,4846
83,4845
-56,4844
-92,4842
-32,4840
97,4839
-78,4837
9,4831
32,4830
93,4828
-31,4827
-19,4826
33,4824
-23,4822
5,4820
-64,4819
6,4816
-70,4815
7,4814
-67,4813
-11,4812
-28,4809
86,4808
12,4807
-49,4805
76,4804
95,4803
-53,4802
-68,4801
54,4800
-2,4799
13,4798
-9,4797
19,4796
100,4795
-86,4793
92,4792
64,4791
-79,4790
-12,4789
-82,4788
-18,4787
-72,4786
-78,4785
88,4781
32,4780
37,4779
97,4778
-13,4776
-93,4775
95,4774
28,4772
42,4771
5,4770
-60,4769
-95,4768
38,4767
87,4766
56,4765
54,4764
-44,4763
-71,4761
5,4760
69,4758
46,4757
18,4756
-16,4755
-47,4754
47,4753
45,4752
-10,4751
-18,4750
-53,4749
88,4748
80,4747
-60,4746
79,4744
82,4743
31,4742
32,4741
-56,4740
77,4739
-75,4737
-51,4734
93,4733
66,4731
25,4730
19,4729
-64,4728
-8,4727
4,4726
92,4724
-57,4723
67,4722
81,4721
-65,4720
-100,4718
-11,4717
-23,4716
-52,4715
-30,4714
-39,4713
-54,4711
11,4708
19,4705
35,4703
-1,4702
54,4700
80,4699
-75,4698
5,4697
15,4696
-36,4695
-4,4694
-50,4693
99,4692
76,4691
-6,4689
4,4688
-4,4687
-61,4685
61,4683
-96,4682
-12,4681
16,4680
-49,4677
-15,4676
41,4675
-70,4674
-46,4673
33,4671
51,4670
73,4669
29,4668
-81,4667
-57,4663
52,4662
37,4661
27,4660
74,4659
84,4658
75,4657
-4,4656
-80,4655
-8,4653
60,4651
37,4650
-25,4649
90,4648
89,4645
62,4643
-9,4641
61,4639
-80,4638
100,4636
29,4635
-39,4633
54,4632
-99,4631
-7,4630
93,4628
56,4627
-6,4626
91,4625
-93,4624
-40,4623
93,4622
-17,4621
59,4620
69,4619
-17,4618
25,4617
64,4614
68,4613
-3,4612
60,4610
-47,4609
30,4608
-29,4607
72,4606
38,4605
86,4604
54,4603
47,4602
-62,4601
20,4600
-86,4599
-95,4598
86,4597
59,4595
15,4594
-59,4593
-84,4592
-34,4590
7,4589
-96,4588
70,4587
20,4586
-39,4585
57,4584
78,4583
53,4582
13,4581
-68,4580
77,4579
-84,4578
58,4577
71,4576
-69,4574
78,4573
-22,4572
-32,4571
87,4570
83,4569
18,4568
21,4567
-5,4566
6,4564
-49,4563
12,4562
-74,4561
-32,4560
99,4559
-33,4558
-27,4557
-59,4556
-8,4555
-25,4554
54,4552
-83,4551
83,4549
-67,4548
96,4547
-33,4545
59,4544
90,4542
91,4540
29,4539
41,4537
-83,4535
-28,4534
48,4532
68,4531
-38,4530
-55,4529
19,4528
61,4526
-37,4525
48,4524
-22,4523
9,4522
16,4521
-7,4520
61,4519
7,4518
5,4515
-64,4514
-49,4511
42,4510
62,4509
-66,4508
64,4507
5,4505
77,4503
-75,4502
-3,4501
40,4500
-80,4499
-14,4498
-94,4497
86,4495
-18,4493
84,4492
-38,4491
99,4490
15,4488
-97,4487
-98,4486
47,4485
-71,4483
-48,4482
-51,4481
-24,4480
-39,4478
98,4477
-51,4476
40,4474
78,4472
87,4471
86,4470
-52,4469
100,4468
-41,4467
-78,4466
54,4465
-81,4464
-59,4463
-66,4462
-80,4461
25,4460
56,4457
-37,4456
77,4455
-18,4453
-92,4452
-96,4451
33,4450
-64,4449
-73,4447
83,4446
-4,4444
37,4442
-94,4440
78,4439
-44,4438
-69,4436
-93,4435
78,4434
-32,4433
-35,4432
-94,4431
-88,4430
30,4428
-26,4427
-81,4423
48,4422
80,4421
-100,4420
-9,4418
16,4416
11,4415
1,4414
-67,4413
83,4412
-1,4411
-92,4410
-70,4409
62,4408
87,4407
-80,4406
86,4405
64,4404
42,4403
70,4402
32,4401
-72,4400
68,4399
19,4398
78,4397
31,4396
40,4394
-85,4393
57,4391
-50,4388
4,4387
29,4385
89,4384
-93,4383
-75,4381
63,4380
83,4379
-63,4378
41,4376
0,4374
-83,4371
-76,4370
-76,4367
97,4366
-75,4364
-47,4363
78,4362
-44,4361
43,4360
-50,4359
-52,4358
-29,4356
44,4355
69,4354
4,4353
-45,4351
41,4350
-99,4348
38,4347
-73,4346
-57,4345
-3,4342
-82,4341
-46,4340
55,4339
19,4338
-42,4337
92,4336
27,4335
-67,4334
-59,4333
17,4332
6,4329
3,4328
60,4327
-81,4326
-14,4325
11,4324
-25,4321
-56,4317
-96,4315
0,4313
-16,4312
61,4311
-31,4309
76,4308
64,4306
-82,4305
-81,4304
21,4303
25,4302
-73,4301
1,4300
-73,4298
67,4297
17,4296
-91,4294
-25,4292
-34,4291
-95,4290
35,4288
-97,4287
57,4286
46,4285
-10,4283
-16,4280
49,4279
13,4278
67,4277
21,4276
-62,4271
-46,4269
17,4268
18,4267
-51,4266
38,4265
96,4264
43,4262
-95,4261
12,4260
-79,4259
18,4258
-88,4257
-80,4254
-57,4250
-89,4248
21,4244
-37,4243
44,4242
17,4241
76,4239
-100,4238
84,4237
0,4236
-61,4235
62,4234
-60,4232
-98,4231
-7,4230
-6,4228
40,4227
93,4226
86,4222
13,4221
-29,4220
1,4219
-64,4218
18,4217
60,4216
10,4215
-5,4214
-75,4213
97,4211
20,4209
-13,4207
-4,4206
-70,4205
-44,4203
8,4202
-30,4201
-99,4200
37,4199
-90,4198
87,4197
-53,4196
-88,4195
95,4194
-70,4191
-82,4190
72,4189
-82,4188
23,4187
-84,4185
-71,4184
26,4183
29,4182
38,4181
-68,4180
-38,4176
-26,4174
51,4171
-38,4170
91,4168
92,4167
-53,4165
-90,4164
9,4162
-35,4161
-29,4160
67,4158
24,4156
88,4155
84,4154
92,4153
-51,4152
4,4151
-41,4150
67,4147
97,4146
85,4145
52,4143
33,4141
33,4138
-13,4137
-52,4136
8,4135
-33,4134
6,4133
-97,4132
-13,4131
-4,4130
-10,4128
8,4127
-49,4126
-73,4125
64,4124
-40,4123
-16,4122
23,4121
-48,4120
-71,4119
18,4118
-11,4117
8,4116
-14,4115
-25,4114
10,4113
-52,4112
-78,4110
-88,4109
62,4108
-7,4107
-86,4105
-91,4104
92,4103
7,4102
5,4101
-30,4100
34,4099
-39,4098
12,4097
-28,4096
55,4094
-59,4093
-16,4091
42,4088
-81,4085
72,4083
-98,4079
-11,4078
21,4077
-36,4076
-30,4075
-64,4074
22,4070
75,4069
-97,4068
-67,4067
3,4066
-28,4065
-53,4064
-26,4063
69,4062
-9,4061
64,4060
-75,4059
53,4058
85,4057
96,4056
55,4055
-69,4054
95,4053
60,4052
74,4048
-27,4047
0,4044
-23,4042
-20,4041
-44,4040
-44,4038
-26,4037
-12,4035
99,4034
37,4033
-73,4032
31,4031
12,4030
47,4028
-73,4027
75,4026
-47,4025
19,4024
100,4023
-64,4022
78,4021
-39,4019
-32,4018
99,4017
-20,4015
-65,4014
-15,4013
51,4012
95,4010
1,4009
-54,4007
97,4003
-14,4002
64,4000
-27,3999
-15,3998
84,3997
-44,3996
72,3993
-5,3992
64,3991
22,3990
5,3989
-44,3988
-8,3984
20,3983
-26,3982
2,3981
-50,3980
-64,3979
-61,3978
-35,3977
-2,3976
6,3975
-91,3974
23,3973
4,3972
-29,3971
-16,3970
75,3969
93,3967
40,3965
70,3964
-40,3963
-5,3959
-45,3958
-2,3956
-91,3955
-87,3952
-4,3951
52,3950
55,3949
-33,3948
-5,3947
11,3946
-4,3944
-10,3943
-33,3942
98,3941
22,3940
-70,3939
-91,3938
35,3937
29,3935
-97,3933
-8,3932
52,3931
46,3929
-46,3926
33,3923
91,3922
-91,3921
-19,3920
-66,3918
48,3917
83,3916
-78,3915
92,3914
-51,3913
-61,3912
82,3911
80,3910
-54,3909
-32,3906
-26,3905
20,3904
31,3903
-86,3900
-94,3899
49,3898
7,3897
75,3895
42,3894
2,3890
68,3889
-85,3888
45,3887
-33,3885
-84,3884
79,3881
89,3880
49,3879
94,3878
11,3877
-98,3876
-31,3874
90,3870
89,3869
-10,3868
49,3867
-30,3863
73,3861
-56,3860
10,3859
94,3858
69,3857
86,3856
36,3855
-93,3854
-50,3853
79,3852
-67,3851
-98,3849
57,3848
69,3847
-66,3846
-43,3845
-35,3844
-81,3843
-28,3842
-71,3841
47,3840
56,3839
-75,3838
98,3837
-70,3835
47,3832
-18,3831
39,3830
-19,3829
-86,3827
-22,3826
75,3825
-57,3824
-18,3820
63,3819
-79,3817
44,3816
70,3815
-3,3814
-6,3813
1,3811
-13,3810
-11,3809
74,3807
-24,3804
15,3803
-42,3800
89,3799
-14,3798
-50,3797
-47,3796
29,3795
-32,3794
93,3793
-93,3791
4,3789
18,3788
-39,3787
-75,3785
-12,3784
34,3783
9,3782
-90,3781
-88,3780
-27,3779
12,3777
-45,3776
-75,3775
75,3773
-70,3772
9,3771
81,3770
77,3769
99,3768
-92,3767
-47,3766
37,3764
-33,3763
57,3761
-34,3757
-11,3756
-42,3755
1,3752
99,3751
41,3750
-82,3749
-76,3748
-94,3747
-36,3745
76,3744
-16,3741
-28,3738
16,3737
-78,3736
28,3735
-4,3734
69,3733
-98,3732
99,3731
-29,3729
58,3727
-20,3726
-41,3725
6,3724
52,3723
-10,3720
-7,3719
88,3718
64,3717
37,3716
18,3715
-41,3714
10,3713
30,3711
26,3709
-24,3708
87,3706
33,3704
52,3703
-4,3702
-69,3701
-84,3698
20,3696
86,3693
45,3691
31,3690
5,3689
-89,3688
83,3686
-96,3684
59,3683
50,3681
-77,3680
-80,3678
85,3677
-41,3676
91,3675
-79,3674
-66,3673
-7,3672
20,3671
98,3669
-91,3667
-83,3665
9,3663
27,3662
35,3660
28,3658
51,3657
15,3656
-10,3655
-73,3653
-35,3652
51,3650
79,3648
72,3647
-98,3646
-37,3644
-35,3643
84,3642
-55,3641
-23,3640
-54,3638
-91,3637
39,3636
-2,3635
-11,3633
100,3632
60,3631
53,3630
-44,3629
63,3627
86,3625
70,3624
-55,3622
-9,3621
-95,3620
-8,3618
63,3617
-51,3616
-42,3615
-100,3614
5,3610
39,3609
79,3608
-87,3606
-59,3604
96,3603
-84,3602
-3,3601
-56,3598
-87,3597
39,3596
-15,3595
-92,3592
-98,3590
4,3589
55,3588
-62,3587
20,3586
-23,3585
60,3584
79,3583
-43,3582
13,3580
71,3576
-28,3575
-94,3574
-86,3573
38,3572
-15,3571
80,3570
-80,3568
22,3567
97,3566
82,3565
58,3564
-72,3562
17,3561
-36,3559
-54,3558
33,3557
89,3554
-18,3552
10,3551
27,3550
-12,3549
-82,3548
-93,3547
77,3546
-44,3545
36,3543
34,3542
-94,3541
-1,3540
48,3538
23,3536
-35,3534
-86,3533
-24,3532
51,3531
-59,3530
-62,3529
11,3528
-1,3527
-8,3526
-6,3524
-43,3523
4,3521
-30,3520
-84,3519
81,3518
-48,3513
-22,3512
26,3511
-5,3508
29,3507
-68,3506
-73,3505
-9,3504
-42,3503
-16,3502
85,3501
88,3499
65,3498
-45,3497
13,3496
-93,3493
-13,3490
-12,3488
53,3487
-18,3485
26,3484
1,3483
-64,3482
65,3481
91,3479
-11,3476
38,3475
-27,3474
-64,3473
-46,3472
21,3471
95,3470
-57,3469
79,3467
55,3466
-2,3465
-10,3464
5,3463
7,3462
64,3461
50,3460
60,3459
53,3458
53,3457
68,3454
58,3453
47,3452
-83,3451
-33,3450
42,3449
-64,3448
25,3447
18,3445
-29,3444
80,3442
9,3441
40,3440
-31,3439
-46,3437
47,3435
19,3434
87,3433
-99,3432
-21,3431
-43,3430
-82,3429
-42,3428
-18,3425
-41,3424
-34,3423
-87,3422
82,3420
1,3417
48,3414
13,3413
92,3412
1,3411
-76,3410
9,3409
53,3407
2,3406
-46,3403
-85,3401
72,3399
-23,3396
-27,3395
-61,3394
73,3392
39,3391
-23,3390
-80,3389
-62,3387
15,3386
36,3385
60,3384
59,3382
57,3381
-16,3379
85,3378
-21,3375
37,3374
-11,3373
-16,3371
-50,3369
-94,3366
73,3365
-62,3363
11,3362
22,3361
73,3358
-75,3356
-95,3355
-78,3354
-78,3353
-51,3352
64,3351
-23,3350
-97,3349
82,3348
99,3347
-2,3345
-19,3342
-13,3341
9,3340
-72,3339
-79,3338
-23,3337
61,3335
32,3334
-46,3333
18,3332
-26,3330
-63,3329
-84,3327
-82,3325
-81,3323
42,3322
72,3321
-52,3319
33,3317
69,3316
13,3315
-57,3314
20,3313
40,3312
38,3309
-13,3308
17,3307
-94,3306
39,3305
78,3304
10,3303
6,3302
8,3301
-95,3300
-23,3299
-29,3298
11,3297
-21,3295
-11,3294
-94,3293
56,3292
-40,3291
-58,3290
-96,3289
41,3288
16,3285
82,3284
-26,3280
83,3279
-30,3277
-70,3276
45,3274
89,3272
12,3271
42,3270
43,3269
-56,3268
86,3267
82,3266
-93,3265
-89,3264
-35,3263
-14,3262
-62,3261
57,3260
54,3259
-94,3257
-66,3256
-18,3255
99,3253
86,3252
-63,3251
-40,3249
29,3248
47,3247
-84,3246
-38,3244
96,3242
72,3241
-25,3240
-48,3239
-96,3238
78,3237
84,3236
54,3235
75,3233
39,3232
-7,3231
-33,3230
-19,3229
-61,3228
-2,3227
51,3224
77,3223
-35,3222
-73,3221
15,3220
-100,3218
-97,3217
-93,3216
32,3215
-82,3214
90,3211
-48,3210
-6,3209
84,3207
66,3204
93,3203
56,3200
26,3199
19,3198
-19,3197
-78,3194
-82,3193
70,3192
-2,3191
-33,3189
-89,3188
7,3187
-51,3184
-30,3183
24,3182
-76,3181
12,3180
-4,3179
74,3177
-31,3176
78,3175
78,3174
6,3172
53,3171
5,3170
-91,3169
-79,3168
52,3167
93,3166
-38,3164
-61,3163
-86,3162
-59,3161
-4,3159
58,3158
-60,3157
-35,3156
7,3154
-70,3153
-80,3151
-18,3150
-59,3149
-28,3148
-12,3146
58,3145
21,3144
-23,3143
-16,3142
-66,3141
45,3140
38,3138
-30,3135
-98,3133
75,3132
-21,3130
-57,3129
58,3128
-79,3124
27,3123
65,3121
80,3120
94,3119
14,3118
76,3117
91,3116
-44,3115
28,3114
40,3113
-99,3112
97,3111
-74,3110
-60,3109
-55,3108
70,3106
100,3105
-21,3104
63,3102
-2,3101
7,3099
30,3098
0,3097
78,3095
21,3094
35,3093
-90,3091
80,3090
-64,3089
81,3088
-95,3083
-77,3081
98,3080
37,3078
-71,3077
-77,3076
-72,3075
-17,3074
-52,3073
-79,3072
42,3071
-98,3070
98,3069
36,3068
64,3064
-14,3063
16,3062
23,3061
38,3060
90,3059
89,3058
94,3055
-91,3054
55,3053
-82,3052
-36,3051
87,3049
-26,3046
-88,3045
10,3042
-70,3041
65,3040
-38,3039
-37,3038
54,3036
-58,3034
73,3033
53,3032
-91,3031
-20,3030
88,3028
56,3026
-79,3024
-84,3023
-99,3021
-4,3020
74,3018
-69,3017
-9,3016
0,3015
54,3013
73,3010
86,3008
-85,3007
-87,3006
-18,3004
15,3003
-37,3002
24,3001
-70,2997
-76,2996
3,2994
-46,2993
72,2992
14,2990
16,2989
-9,2988
-15,2987
48,2986
-98,2984
-98,2983
59,2982
-84,2981
-30,2980
25,2978
60,2977
93,2976
-75,2975
-19,2972
48,2970
78,2968
95,2967
40,2966
-1,2965
-77,2964
66,2962
80,2961
-77,2960
-95,2959
80,2957
24,2956
-42,2955
77,2954
-64,2953
-41,2952
-11,2950
-82,2948
66,2946
58,2944
46,2943
7,2942
-38,2941
4,2940
9,2939
80,2937
-1,2936
56,2935
-15,2934
-10,2933
-57,2932
-91,2931
52,2930
42,2928
-3,2927
59,2925
32,2924
49,2923
19,2922
43,2920
32,2919
95,2917
-64,2916
63,2915
56,2913
78,2912
11,2911
55,2908
16,2905
-40,2903
71,2901
54,2899
-83,2895
-79,2893
42,2892
-91,2891
-57,2890
-29,2889
-18,2888
-33,2887
-66,2886
-94,2885
74,2884
48,2883
7,2882
-53,2881
-22,2879
60,2878
60,2876
-13,2875
48,2873
43,2872
33,2871
18,2870
12,2869
-45,2868
65,2867
87,2866
-25,2865
-26,2864
18,2862
55,2860
34,2856
-15,2855
20,2854
79,2853
34,2852
21,2851
-64,2849
-23,2848
-24,2846
77,2845
-31,2844
12,2843
64,2842
85,2841
-75,2840
-85,2839
-1,2838
85,2837
65,2836
-25,2835
-40,2834
15,2833
26,2832
-13,2831
-7,2829
-95,2828
32,2827
41,2826
-2,2825
-58,2824
48,2823
30,2821
62,2819
-83,2818
25,2817
-68,2816
85,2815
96,2814
68,2813
-13,2812
-1,2811
16,2810
43,2808
79,2807
-100,2804
-61,2803
31,2802
-4,2799
34,2798
-82,2797
39,2795
16,2791
-50,2790
75,2789
17,2788
92,2786
34,2785
17,2784
-36,2783
36,2782
-3,2781
-31,2779
-2,2778
27,2777
-87,2776
-28,2775
-50,2773
-27,2772
-11,2771
-52,2770
-72,2769
-54,2768
89,2766
-9,2764
-82,2763
-31,2761
45,2759
-88,2758
65,2757
-48,2756
48,2754
-81,2753
-6,2752
-41,2751
21,2750
-2,2748
-95,2747
14,2746
-16,2745
1,2744
-86,2743
44,2742
-1,2741
-23,2740
6,2739
13,2737
62,2736
-4,2735
-89,2734
-82,2733
43,2732
2,2731
73,2729
-100,2726
18,2724
16,2723
-17,2722
-47,2720
92,2719
-69,2717
22,2714
95,2713
33,2712
57,2711
83,2710
95,2709
10,2708
-60,2707
18,2705
14,2704
-79,2703
-73,2701
-100,2700
73,2697
-62,2696
-15,2695
-22,2692
60,2691
2,2690
-23,2689
58,2688
1,2687
85,2685
-65,2683
-47,2682
67,2681
-1,2680
-59,2678
23,2677
-100,2676
-97,2675
-7,2674
0,2673
-74,2672
24,2671
68,2670
-25,2669
-8,2667
-42,2665
-3,2664
31,2663
87,2662
36,2661
-16,2658
93,2657
39,2656
-33,2655
43,2653
89,2651
42,2650
-68,2647
-88,2646
-70,2645
40,2644
-91,2643
-83,2642
-2,2638
-50,2637
-38,2636
-67,2633
-23,2632
16,2631
39,2630
-68,2629
-84,2628
12,2627
16,2626
50,2625
5,2624
25,2623
-70,2622
30,2621
-64,2620
-70,2618
-41,2617
9,2616
24,2615
44,2613
-49,2612
-83,2611
50,2608
-85,2605
-65,2604
-13,2603
22,2601
83,2600
99,2599
75,2598
54,2596
78,2593
50,2592
97,2591
-71,2590
-71,2589
-65,2588
41,2587
-50,2585
60,2583
17,2582
-37,2581
82,2580
47,2579
-18,2578
24,2577
86,2576
-7,2575
24,2574
-63,2572
1,2570
55,2568
44,2567
44,2566
-31,2563
-59,2561
73,2560
21,2559
46,2558
83,2556
31,2555
47,2553
-47,2552
-36,2550
33,2549
-51,2548
-60,2546
67,2545
-7,2544
-24,2543
-88,2539
69,2538
-14,2537
61,2536
-88,2535
47,2534
81,2533
-15,2532
32,2531
4,2530
-7,2529
0,2528
66,2527
-6,2526
94,2524
-63,2520
37,2519
8,2517
60,2516
-12,2515
8,2514
41,2513
92,2512
63,2511
-36,2510
25,2509
-54,2508
90,2507
-67,2506
-15,2505
96,2504
32,2503
-88,2502
-82,2501
2,2500
71,2499
37,2498
51,2497
47,2496
-32,2494
54,2493
-5,2492
-79,2490
29,2489
-90,2488
-75,2487
26,2486
30,2485
88,2483
66,2482
-87,2481
96,2480
-80,2479
12,2478
24,2477
-94,2475
-50,2474
-93,2472
84,2471
-35,2470
89,2469
34,2468
54,2465
-90,2464
11,2463
8,2462
74,2461
86,2460
-77,2459
91,2458
15,2457
-22,2456
-33,2453
85,2452
9,2451
-15,2450
-95,2449
68,2448
-17,2447
47,2446
2,2444
-30,2442
35,2441
35,2440
-85,2439
67,2438
48,2437
-35,2436
-92,2434
-22,2433
3,2432
11,2431
96,2429
-81,2427
-1,2425
-18,2424
-16,2423
-26,2422
-51,2420
5,2419
-77,2417
95,2416
-40,2415
-95,2413
-10,2412
-8,2410
58,2409
-35,2408
36,2407
94,2404
71,2403
-27,2402
90,2401
27,2398
8,2397
51,2396
39,2395
75,2394
48,2392
34,2389
-65,2387
-1,2385
-75,2384
-20,2382
-47,2381
-52,2380
43,2379
88,2377
-39,2375
91,2374
33,2373
-7,2372
88,2371
32,2370
17,2367
73,2366
50,2365
-33,2364
-76,2363
6,2361
2,2360
-79,2359
49,2358
34,2356
91,2355
-26,2354
37,2353
-17,2351
34,2350
-88,2349
-42,2348
81,2346
-42,2345
56,2344
37,2343
-78,2342
-3,2340
30,2339
-14,2338
67,2337
86,2336
70,2335
-31,2334
0,2333
-53,2332
48,2330
84,2329
-70,2328
70,2326
-44,2325
16,2324
-67,2323
97,2322
-9,2321
48,2320
-91,2319
-4,2318
-73,2317
-6,2316
90,2315
-16,2314
17,2313
-64,2312
-61,2311
70,2309
-70,2307
89,2306
-73,2305
96,2303
-1,2302
20,2301
-97,2300
-96,2299
58,2298
17,2294
37,2293
-3,2292
-99,2291
-59,2290
-57,2289
72,2288
27,2287
87,2286
87,2285
-95,2284
-52,2282
-37,2278
44,2277
-39,2276
47,2275
-75,2274
56,2273
83,2272
-59,2271
74,2268
-34,2267
78,2266
71,2264
63,2263
-64,2262
-99,2261
35,2260
-18,2258
-22,2256
40,2255
10,2254
60,2252
18,2251
-55,2250
-13,2249
99,2248
-12,2247
-74,2246
-18,2245
4,2244
-48,2243
39,2242
53,2241
46,2240
87,2238
-10,2237
-4,2236
74,2235
-8,2234
66,2233
-96,2232
-20,2231
52,2230
39,2229
37,2228
27,2227
33,2225
67,2224
-72,2223
90,2221
-4,2219
-67,2218
-22,2217
-11,2216
-86,2215
51,2214
100,2213
-66,2212
90,2211
23,2210
24,2209
-5,2208
-78,2206
-87,2205
0,2204
16,2203
27,2202
42,2201
-51,2200
-93,2199
-15,2196
9,2195
11,2194
54,2191
-95,2190
-24,2186
-1,2183
-42,2182
-5,2181
-23,2180
-39,2179
-98,2177
39,2176
4,2174
-37,2173
47,2170
-87,2169
-13,2168
97,2167
23,2165
-36,2164
-3,2163
86,2162
-80,2160
-89,2158
-47,2157
-93,2156
-89,2155
-94,2154
-43,2151
-2,2150
-48,2148
35,2147
42,2146
50,2144
50,2143
-5,2142
99,2141
75,2140
-84,2139
0,2138
-2,2137
-66,2130
-60,2129
-33,2128
-42,2127
-48,2125
43,2124
-24,2121
-21,2120
88,2119
84,2118
24,2117
73,2115
-93,2114
80,2113
32,2112
-21,2111
64,2110
-80,2109
85,2108
22,2107
51,2106
-21,2105
21,2103
52,2102
-67,2101
-69,2100
-57,2099
79,2098
60,2097
94,2095
-65,2094
46,2093
-84,2091
-33,2090
77,2089
2,2088
45,2086
-26,2085
-35,2084
18,2083
-54,2081
-87,2079
34,2078
-89,2077
-88,2076
51,2075
-81,2074
25,2073
-36,2072
-1,2071
52,2070
-72,2069
95,2068
-45,2066
-35,2065
-46,2063
-36,2062
86,2060
46,2058
13,2056
48,2055
-57,2054
-39,2052
-71,2051
-50,2050
-10,2049
-74,2048
13,2047
44,2046
23,2045
-63,2043
-77,2040
-11,2039
-62,2038
-86,2037
73,2036
26,2035
-34,2034
-88,2033
-88,2031
-24,2030
-54,2029
-31,2027
85,2025
6,2022
52,2021
-39,2020
99,2019
-32,2017
-34,2015
-75,2013
-40,2012
83,2011
-1,2010
-37,2008
80,2007
-73,2006
-26,2005
-99,2004
25,2002
-8,2001
84,2000
-98,1998
55,1997
-77,1996
30,1995
-29,1994
1,1992
32,1991
33,1990
-68,1986
-28,1985
53,1984
-49,1982
10,1981
-38,1980
13,1979
38,1977
89,1976
39,1973
-91,1971
13,1970
86,1969
61,1968
12,1967
94,1966
-30,1965
-8,1964
-60,1963
-8,1960
-73,1959
39,1957
-50,1956
-20,1953
-50,1950
44,1949
-41,1947
7,1946
-80,1945
-35,1944
100,1943
32,1942
73,1941
22,1940
47,1939
63,1935
55,1933
54,1932
-24,1931
-8,1930
-88,1928
-18,1926
23,1925
33,1924
86,1923
9,1922
69,1921
16,1919
-34,1917
-46,1914
-84,1912
51,1911
1,1910
53,1908
-17,1907
52,1906
97,1904
75,1903
-23,1902
46,1900
21,1899
82,1898
-72,1896
-59,1895
-22,1893
-39,1892
80,1890
-24,1888
-39,1887
39,1886
95,1885
-12,1884
-10,1882
89,1881
30,1880
-64,1879
45,1878
49,1877
76,1876
-51,1875
-25,1873
-16,1872
19,1869
-67,1868
94,1867
-29,1866
-6,1865
-99,1864
67,1863
9,1861
75,1860
32,1859
-59,1857
34,1856
67,1855
87,1852
35,1851
24,1850
65,1849
83,1848
-30,1847
67,1846
-2,1845
49,1844
15,1843
-74,1842
29,1841
-46,1840
-67,1838
42,1837
38,1836
13,1835
-70,1834
-78,1831
22,1830
17,1828
78,1827
66,1826
-68,1825
71,1824
-3,1823
80,1822
-36,1821
11,1819
-14,1818
-26,1816
97,1815
38,1814
87,1812
43,1811
-97,1810
57,1809
-36,1808
-77,1807
-79,1806
-78,1805
77,1804
-75,1803
82,1802
46,1800
92,1798
26,1795
-50,1794
-30,1793
21,1792
-98,1791
-44,1788
75,1787
-26,1786
-16,1785
-76,1783
79,1782
-87,1780
-100,1779
-53,1778
32,1776
52,1773
-32,1772
78,1770
-87,1769
69,1768
98,1767
-80,1766
95,1764
79,1763
-4,1762
-76,1761
-93,1760
22,1759
1,1758
-2,1757
-67,1755
-32,1753
71,1752
92,1751
2,1750
94,1749
80,1747
-27,1745
22,1744
94,1742
95,1741
-8,1740
17,1739
65,1736
93,1735
10,1734
57,1733
64,1731
-76,1730
-34,1729
40,1727
-50,1726
54,1725
1,1724
83,1721
-10,1720
-87,1719
-43,1717
-59,1716
20,1715
-90,1711
-6,1709
-86,1708
66,1707
-30,1706
-17,1705
-36,1704
97,1703
69,1702
-59,1701
-53,1700
-53,1699
19,1698
-37,1696
-68,1695
81,1694
2,1692
69,1691
47,1690
14,1689
-9,1688
9,1687
71,1686
83,1685
-39,1684
32,1683
24,1682
40,1680
-45,1679
-30,1678
36,1677
61,1676
28,1675
-89,1674
-48,1673
22,1672
57,1671
60,1669
11,1668
-15,1665
-46,1663
43,1662
-53,1661
26,1659
64,1658
-76,1657
-48,1656
-26,1655
45,1654
73,1653
-57,1652
57,1650
-70,1649
-36,1648
90,1647
-46,1646
93,1645
76,1644
-79,1643
-39,1642
-80,1641
-29,1639
94,1638
-41,1637
-13,1636
-86,1635
-46,1632
22,1631
-26,1630
16,1629
4,1628
-41,1627
-67,1626
17,1625
-11,1624
78,1623
-98,1622
92,1621
29,1620
8,1619
-47,1618
-8,1617
-46,1616
-91,1615
74,1614
4,1613
97,1612
73,1611
41,1610
10,1607
-88,1606
72,1605
88,1604
12,1603
-91,1602
-84,1601
8,1600
32,1599
-60,1598
35,1596
-27,1594
80,1593
-15,1592
-78,1591
-24,1590
8,1589
0,1588
16,1587
78,1586
-1,1585
51,1584
-10,1583
-39,1582
-46,1577
-3,1576
-25,1575
23,1574
-26,1573
-42,1572
-37,1571
-93,1570
-92,1569
-92,1564
-28,1562
-41,1561
-28,1560
-79,1559
76,1558
-73,1557
-7,1556
11,1555
89,1554
-30,1553
75,1552
20,1551
-7,1550
-73,1549
84,1548
84,1546
48,1545
-91,1544
-70,1543
-12,1540
-70,1538
-34,1536
51,1535
-16,1532
21,1531
56,1529
-63,1528
39,1527
-49,1526
-23,1525
21,1524
92,1523
-1,1522
46,1520
47,1518
-61,1517
-67,1515
87,1513
-75,1512
53,1511
-42,1510
15,1508
31,1507
-80,1506
-91,1504
74,1502
-77,1501
-57,1500
-46,1499
12,1496
20,1495
-12,1494
-72,1492
-11,1491
73,1489
63,1488
78,1487
31,1485
-13,1483
-62,1482
-56,1481
55,1480
-96,1479
36,1478
68,1474
-66,1472
-99,1471
-8,1468
-16,1467
50,1465
95,1464
5,1462
26,1460
30,1459
-78,1458
35,1457
-61,1456
-20,1455
-9,1454
32,1452
-45,1450
0,1449
-11,1446
-10,1445
-10,1443
-44,1441
22,1440
34,1439
-31,1438
5,1437
63,1435
-40,1433
-90,1432
-51,1431
42,1429
62,1427
56,1424
-93,1423
-86,1422
-75,1421
93,1420
-55,1419
-28,1418
-19,1415
-34,1413
54,1412
32,1410
31,1409
80,1408
58,1406
92,1403
-38,1402
96,1401
54,1400
81,1399
-99,1398
16,1397
65,1396
-21,1395
-51,1393
45,1392
-90,1389
-62,1387
-97,1386
-85,1384
-51,1383
9,1381
-51,1380
-50,1379
56,1378
-59,1377
-49,1376
-93,1375
-10,1374
37,1373
-78,1370
99,1369
-79,1368
-20,1367
-23,1366
64,1364
0,1361
-38,1360
-73,1358
41,1357
80,1356
62,1355
-85,1353
87,1352
0,1351
-52,1350
19,1349
-48,1347
41,1346
-59,1345
-40,1344
-63,1343
59,1341
71,1340
6,1339
32,1338
-5,1337
15,1336
-66,1334
69,1333
-47,1332
-73,1330
6,1329
79,1328
-74,1326
63,1324
-82,1323
-7,1322
95,1321
38,1320
-47,1319
-7,1318
-87,1317
-56,1311
-36,1309
86,1308
6,1307
62,1306
40,1305
-94,1304
-36,1303
65,1302
35,1299
-8,1298
-56,1297
27,1295
55,1293
-76,1292
35,1291
-71,1290
-17,1288
96,1287
-63,1286
41,1285
-88,1284
-49,1283
-68,1282
31,1281
-58,1280
-76,1279
-59,1278
8,1277
28,1276
29,1275
-12,1274
19,1273
-6,1271
11,1270
15,1269
66,1268
19,1266
-53,1264
-15,1261
27,1260
87,1256
-1,1253
-62,1251
40,1250
-67,1249
-8,1248
-74,1245
-31,1244
27,1243
-13,1242
15,1241
-29,1240
49,1239
-42,1238
57,1236
-64,1235
-59,1234
72,1232
70,1231
45,1230
72,1229
-50,1228
-13,1225
-49,1224
58,1222
88,1220
79,1219
-95,1218
73,1217
74,1216
-63,1213
35,1211
19,1210
-25,1208
-52,1206
-90,1205
25,1204
-38,1203
-28,1202
-64,1201
29,1200
35,1199
-93,1198
-16,1195
-100,1193
-38,1192
11,1191
-55,1190
4,1187
-5,1186
-70,1185
96,1184
14,1182
40,1181
-85,1180
-29,1177
52,1176
22,1175
-89,1174
-98,1173
-5,1172
4,1171
85,1170
7,1169
-14,1168
-69,1167
-6,1166
-67,1164
-26,1162
-77,1160
64,1158
-38,1157
-30,1156
53,1154
-87,1153
-34,1152
53,1149
60,1146
-69,1145
93,1144
15,1143
-53,1142
-69,1141
70,1140
43,1139
93,1138
11,1136
-68,1133
15,1132
-57,1131
-7,1130
-93,1129
71,1128
-60,1127
71,1126
-98,1124
81,1123
67,1122
-89,1121
-75,1120
75,1118
-66,1116
-63,1114
95,1113
11,1112
98,1111
-15,1110
34,1109
-1,1108
-24,1107
57,1106
87,1105
8,1102
74,1101
43,1100
98,1099
58,1098
-61,1097
-67,1096
-33,1094
67,1092
-94,1091
-26,1090
69,1089
-68,1087
36,1086
-98,1085
7,1084
65,1083
55,1082
-69,1080
52,1079
11,1078
-56,1077
-38,1076
-99,1074
90,1073
86,1072
-68,1071
-63,1070
13,1065
-93,1064
-27,1062
56,1061
69,1058
-29,1057
57,1056
-98,1053
81,1052
-7,1051
-35,1050
-67,1049
-10,1048
57,1047
-50,1046
13,1045
62,1041
48,1040
-69,1039
-99,1038
69,1037
-98,1034
-8,1033
31,1032
37,1031
0,1030
-1,1029
-97,1027
72,1026
43,1025
99,1024
97,1022
-80,1021
-34,1020
39,1019
-86,1018
62,1017
-68,1015
-61,1014
61,1013
-83,1012
97,1010
53,1009
6,1007
-87,1006
63,1005
99,1004
-37,1003
91,1002
14,1000
-78,999
-58,998
67,997
-84,996
-34,994
-96,992
76,991
-87,989
6,988
92,986
60,985
18,983
71,982
18,980
-49,979
-89,978
76,977
42,974
-28,972
82,970
84,969
-46,968
95,966
-2,965
-6,964
78,963
83,962
-48,961
-32,960
28,959
-17,958
33,954
-61,953
-47,952
-61,951
-20,950
88,949
32,947
-52,946
-7,945
-75,944
9,943
64,941
-65,940
1,939
43,937
31,936
62,935
18,934
-51,933
3,932
47,931
-16,929
53,928
67,927
-96,926
-4,925
-42,924
87,922
29,921
16,919
-72,918
-80,917
0,916
-25,915
-40,914
17,913
-96,911
5,910
70,909
89,907
-25,906
-15,905
-23,903
-58,902
-90,901
42,899
50,898
67,895
73,894
5,893
90,892
-24,891
-93,890
-53,889
-98,888
93,887
-33,886
6,885
-17,884
28,883
-1,881
-51,880
76,878
-19,877
-78,876
-73,875
-56,872
54,871
-29,870
85,869
25,868
72,867
-68,864
19,863
-15,862
-67,861
71,860
-48,859
14,858
7,857
69,855
-56,854
85,853
-19,852
2,851
-72,846
-57,844
-32,843
54,842
5,841
19,840
-13,839
-23,836
89,835
34,833
-18,832
16,831
7,830
-68,828
-60,825
-79,824
-28,822
24,821
10,820
60,819
-6,818
-26,815
77,812
85,811
27,810
-39,809
-21,808
47,807
-13,806
-35,804
26,803
49,801
31,800
-67,799
-46,797
5,796
-55,794
80,793
-25,792
58,790
80,789
-85,788
-41,787
97,786
-4,785
-55,784
38,783
70,782
82,779
93,778
74,777
-89,776
92,775
-70,774
-7,773
-26,772
14,771
99,770
72,769
30,768
-38,767
89,766
-36,765
94,764
79,763
-85,762
-93,761
44,759
-60,757
-16,753
60,752
-64,751
41,750
44,748
64,747
-80,746
-46,744
-62,743
-85,741
91,740
-65,739
68,737
23,735
-64,734
-65,733
-41,731
53,730
49,729
39,728
-5,727
-11,726
69,725
17,724
-45,723
-97,722
-96,721
70,718
-74,717
-30,715
-29,713
44,712
63,711
72,709
6,708
10,707
-93,706
-50,705
86,703
44,702
-92,701
9,700
32,696
-51,695
58,694
-27,692
-76,691
0,690
42,689
-100,688
-15,687
95,686
-19,685
90,684
68,682
-69,681
33,680
52,678
46,675
-5,674
3,673
-61,672
0,671
-8,670
-7,669
-30,668
-29,667
-56,666
-82,664
-84,662
57,661
2,660
94,659
-18,658
72,657
36,655
91,654
30,653
-36,652
-6,651
-80,650
50,649
55,648
52,647
-92,646
-9,645
54,644
23,643
89,642
78,641
75,639
69,638
6,637
88,636
-88,635
-56,634
-67,633
32,632
-65,630
94,629
63,628
28,627
-3,626
-68,625
-62,622
61,621
90,620
90,619
9,618
-81,616
-99,614
21,613
-56,612
-36,610
-50,609
26,605
50,604
26,600
49,597
34,596
-92,594
69,593
-98,590
24,589
40,588
92,587
59,586
-60,585
-37,584
28,583
-9,582
58,581
33,579
69,578
51,577
-16,576
-74,574
70,573
-8,572
9,569
-69,567
17,566
52,565
-13,563
0,561
-83,559
-81,558
88,556
59,553
-81,552
-52,551
-41,550
65,549
63,545
14,542
19,541
-67,540
62,538
-20,536
-73,535
94,534
-84,533
81,532
82,531
99,530
-25,529
83,528
-46,527
51,526
68,525
1,520
56,517
97,516
91,515
80,514
23,513
-93,512
-90,510
71,509
-86,508
13,507
50,506
-16,505
88,504
-14,502
-91,501
-58,500
-77,498
97,497
-13,495
-7,494
-1,493
96,492
-45,491
-92,490
51,489
-65,488
-56,487
-69,485
-45,484
-1,483
57,482
98,480
-91,479
61,478
55,477
12,474
-51,472
88,471
-32,470
-12,468
-75,466
18,464
17,463
-81,462
-57,461
-11,460
85,458
-9,457
38,456
84,454
72,453
77,452
60,451
-38,450
-43,449
62,447
-47,445
-66,442
36,439
-70,437
-37,436
-22,435
-36,433
49,430
-53,429
-31,428
30,425
9,424
-95,423
31,422
40,420
78,419
-3,418
69,417
88,415
-44,414
24,413
-86,411
8,408
-91,406
79,405
-14,404
80,403
98,401
78,400
-44,399
-46,398
-35,397
-17,396
-71,395
-15,394
-6,393
26,392
10,391
45,390
-73,388
41,387
1,386
53,384
-52,383
-10,382
56,381
-81,379
47,378
31,377
-35,375
38,374
-48,372
-47,371
-32,370
-59,369
26,368
-73,366
-30,365
93,363
31,362
-79,361
94,360
-94,359
-61,358
-68,357
-53,355
17,354
-5,353
6,352
83,351
48,350
-59,349
-20,348
-61,347
-68,346
-36,344
3,343
-18,342
63,341
30,340
47,339
-97,338
-80,336
-84,334
-43,332
-31,331
-91,330
40,329
93,328
24,327
37,326
-1,323
30,322
78,320
-15,319
-13,317
-67,316
-68,315
56,314
53,313
-31,312
-38,311
-26,310
-48,308
71,307
18,306
87,305
77,304
36,302
-19,301
-42,299
-14,298
43,297
98,296
-6,295
79,294
86,293
-6,291
-92,290
-39,288
-94,287
76,286
8,285
50,283
76,282
95,281
-36,280
-9,276
-61,275
80,274
34,273
60,272
89,271
40,270
-35,268
-41,267
45,266
17,264
-5,263
-35,262
-8,260
-17,259
-76,258
-70,256
18,254
36,253
73,252
-88,251
-70,248
-64,247
-68,245
-41,243
-32,242
-100,240
10,239
-11,237
97,236
-70,235
-82,234
13,233
-99,232
74,231
37,230
73,229
-21,227
82,226
20,225
-38,224
-25,223
56,222
-14,221
98,220
56,219
-26,218
-35,217
9,216
7,215
-58,211
16,209
98,206
-94,204
65,203
6,202
-70,200
-28,199
-95,197
92,195
36,194
-35,193
24,192
86,191
-14,189
-97,188
-98,187
24,186
88,185
-100,184
-78,181
-6,179
-69,178
-64,176
-40,175
-37,173
-71,171
-97,169
92,168
-87,167
16,166
82,165
-26,164
97,161
13,160
-14,159
87,158
-39,157
57,156
-40,155
-35,154
-6,153
-13,152
-53,150
-62,149
-37,147
50,145
64,144
-32,143
37,142
-93,140
3,139
-56,137
69,136
22,135
-43,134
20,133
14,132
71,131
-75,129
-33,128
99,127
-28,126
43,125
-8,124
8,123
23,122
38,121
16,119
-93,118
25,117
8,116
-93,115
-65,114
20,113
-41,112
39,111
69,109
99,106
-56,105
-94,104
60,103
10,102
90,101
-73,100
-61,99
57,98
82,96
-15,94
51,93
8,91
41,90
5,88
-41,87
72,85
83,83
-39,82
63,81
22,80
20,79
-62,78
-3,77
-57,76
-61,75
39,73
22,72
-84,70
41,69
-40,68
-16,66
-98,64
-10,63
87,61
86,58
62,57
95,55
-19,51
-63,49
37,48
-9,47
-88,46
31,45
22,43
74,42
-13,41
-86,39
81,38
57,35
-15,34
-21,33
28,32
-17,31
9,30
27,28
35,27
32,24
84,23
-12,22
64,21
-55,19
-38,18
100,17
40,15
39,14
-59,13
46,11
38,10
-89,8
77,7
64,6
-28,5
51,4
26,3
-57,2
93,1
