97,9999
-62,9995
-70,9994
-79,9993
-31,9991
-86,9989
-54,9987
86,9985
-87,9984
-22,9983
-70,9981
-82,9980
92,9978
-48,9976
86,9975
32,9974
100,9973
74,9972
-41,9971
81,9970
-82,9969
-2,9968
-29,9967
12,9966
-68,9965
-54,9964
93,9963
-71,9962
67,9958
-25,9956
-89,9955
81,9954
-22,9953
-50,9952
86,9951
46,9950
63,9949
-65,9948
31,9946
-9,9944
21,9943
54,9941
-11,9940
-15,9939
16,9938
-87,9937
-36,9936
-40,9935
-13,9934
21,9933
47,9932
-59,9931
42,9930
-3,9929
69,9928
-93,9927
9,9926
98,9925
58,9924
-99,9923
-15,9922
81,9921
-34,9920
32,9919
14,9918
-49,9917
-100,9916
32,9915
72,9913
-14,9912
-85,9911
-31,9909
-20,9908
79,9907
20,9906
-34,9905
99,9904
33,9901
-5,9900
-23,9899
81,9898
-26,9897
-93,9896
-48,9895
43,9894
33,9890
15,9889
-99,9888
-34,9884
74,9883
-90,9881
85,9880
5,9879
100,9877
69,9876
21,9875
42,9874
76,9873
95,9872
82,9871
19,9870
18,9869
40,9868
-16,9867
-52,9866
-47,9864
45,9862
77,9861
-80,9858
84,9857
26,9856
-95,9853
85,9852
83,9851
-12,9850
29,9849
-87,9848
-49,9847
44,9846
-76,9844
30,9842
69,9839
-38,9838
-92,9837
49,9836
39,9835
44,9834
42,9833
0,9832
-9,9831
-8,9830
-94,9828
56,9827
74,9826
-34,9825
-79,9824
96,9823
-85,9822
49,9820
71,9819
-51,9818
52,9817
4,9816
-63,9815
-98,9814
96,9812
59,9811
-76,9810
43,9809
67,9807
-17,9806
20,9805
-14,9804
89,9803
42,9802
72,9801
31,9800
-81,9799
-54,9797
98,9796
100,9795
-7,9794
-54,9793
50,9789
48,9788
-20,9787
-66,9785
-7,9784
75,9783
-53,9782
42,9781
21,9780
4,9779
-80,9778
91,9777
27,9776
84,9774
-69,9773
45,9772
-89,9771
-11,9769
-48,9768
98,9767
-44,9766
90,9764
74,9763
-85,9762
-68,9761
70,9759
-37,9758
99,9755
-17,9754
-64,9753
26,9752
-37,9751
-22,9749
30,9747
-47,9746
-58,9745
30,9744
-95,9740
31,9739
22,9738
-80,9737
30,9736
-10,9735
-88,9734
71,9733
79,9732
-18,9731
3,9730
33,9729
-42,9728
80,9727
33,9726
-69,9725
-43,9723
18,9722
-94,9721
68,9719
79,9718
65,9717
-43,9716
7,9715
-75,9712
54,9711
-10,9710
36,9709
-26,9708
49,9706
-93,9704
-91,9703
66,9702
65,9699
59,9698
-42,9696
4,9695
56,9694
-22,9693
57,9692
-11,9691
22,9690
40,9688
-30,9686
-71,9685
33,9684
-98,9683
99,9681
97,9680
-20,9679
57,9678
-71,9677
-77,9673
17,9671
10,9670
18,9669
-64,9668
9,9666
-13,9664
-25,9663
44,9661
-17,9660
50,9659
-21,9658
-76,9657
-86,9656
-33,9655
48,9654
31,9653
38,9652
-49,9651
84,9650
-7,9649
-31,9648
-68,9647
-91,9646
87,9645
67,9644
-83,9643
-6,9640
-18,9639
-74,9638
38,9637
-8,9636
-9,9635
81,9634
-65,9633
16,9632
94,9631
-27,9628
-25,9626
59,9624
86,9622
76,9621
-57,9620
-63,9618
-11,9616
-30,9613
74,9612
80,9611
-58,9610
60,9609
-3,9607
-43,9606
-2,9605
0,9604
19,9603
-28,9602
-2,9601
-88,9600
45,9597
-59,9596
17,9594
-56,9593
-91,9592
65,9590
5,9588
98,9587
-5,9586
87,9585
-25,9584
-90,9583
-3,9582
87,9581
43,9580
-21,9579
-21,9578
100,9577
86,9575
-75,9574
-93,9573
-65,9572
-28,9571
56,9569
-64,9568
-90,9567
36,9565
52,9564
92,9563
34,9562
71,9561
59,9560
49,9556
-4,9554
-27,9549
15,9546
38,9545
8,9542
47,9541
43,9540
6,9539
9,9537
19,9536
71,9535
-11,9531
84,9529
20,9528
-76,9527
6,9526
30,9525
-90,9524
44,9522
25,9521
-34,9520
79,9518
55,9515
-29,9512
-88,9509
69,9508
33,9507
56,9506
87,9505
38,9504
64,9503
-75,9502
-16,9501
-42,9500
57,9499
-98,9498
28,9497
75,9496
-29,9494
67,9492
-47,9490
31,9489
57,9488
-81,9487
65,9486
8,9485
93,9484
88,9483
94,9482
-33,9481
71,9480
-1,9479
95,9477
-52,9476
60,9475
-1,9474
-62,9473
69,9471
-85,9470
31,9468
1,9467
-65,9462
-3,9460
-89,9459
-33,9456
73,9455
-39,9453
3,9452
22,9451
-47,9450
45,9448
95,9446
44,9445
37,9444
-76,9443
18,9442
-48,9440
4,9439
-17,9438
-28,9437
-30,9435
95,9434
75,9433
-32,9432
-83,9431
-42,9429
84,9428
28,9427
80,9425
-33,9424
63,9423
-36,9422
-66,9421
16,9420
99,9419
23,9416
11,9414
17,9413
16,9412
-12,9411
-54,9410
7,9409
17,9408
-7,9407
-89,9405
76,9404
7,9403
-19,9402
-95,9401
-96,9400
27,9399
45,9398
54,9396
54,9395
-51,9394
-92,9393
-38,9391
-69,9389
-31,9388
13,9387
-1,9386
74,9385
-96,9383
-46,9381
-100,9380
-75,9379
-47,9378
23,9377
77,9376
40,9375
-52,9374
-6,9373
-15,9371
88,9370
72,9369
99,9367
39,9365
-1,9364
-15,9363
8,9362
-75,9360
-79,9358
64,9356
-87,9355
83,9354
-2,9353
-33,9352
-24,9351
-65,9350
-52,9349
-23,9348
-24,9347
-34,9346
-30,9345
79,9344
70,9343
46,9342
32,9341
-86,9338
-86,9337
99,9336
-50,9335
-9,9334
40,9333
28,9332
-36,9330
-65,9329
59,9328
-91,9326
-31,9325
22,9324
-1,9323
66,9322
92,9321
16,9319
91,9317
-25,9315
2,9314
-21,9313
31,9312
-43,9310
-43,9309
-99,9308
-69,9307
-69,9305
95,9304
60,9303
-85,9301
-88,9300
84,9299
-71,9297
89,9294
84,9291
75,9290
45,9288
84,9287
-45,9285
46,9284
-47,9282
53,9281
2,9278
-39,9277
-39,9276
64,9274
-93,9272
60,9271
-60,9270
-7,9269
-89,9268
96,9267
95,9266
-47,9265
-95,9264
-12,9263
87,9261
30,9260
-64,9258
-45,9256
-61,9255
-89,9254
21,9251
97,9250
59,9249
39,9248
-5,9247
-73,9245
-78,9244
-88,9243
-27,9242
-9,9241
-68,9239
-62,9238
62,9236
-49,9235
-69,9233
12,9232
79,9230
0,9229
-90,9228
28,9227
41,9226
-38,9225
2,9224
-9,9223
-25,9222
48,9220
-14,9217
-8,9216
-1,9215
82,9214
-94,9213
-56,9212
-59,9211
-7,9210
35,9209
-12,9208
-62,9206
82,9205
-63,9204
-5,9203
-99,9202
-52,9201
-70,9198
-72,9197
26,9195
82,9193
-74,9191
-52,9190
23,9189
88,9188
-27,9187
41,9186
75,9185
14,9184
85,9183
-17,9182
11,9181
93,9180
44,9178
-25,9174
-51,9173
-99,9172
50,9171
-50,9169
13,9168
-21,9167
28,9166
73,9164
-93,9163
89,9161
-99,9160
-64,9158
-43,9157
-73,9156
78,9155
-10,9154
-78,9153
-49,9152
-19,9151
-89,9148
52,9147
90,9146
94,9145
22,9144
90,9143
73,9140
44,9139
86,9138
-11,9136
-62,9134
-36,9133
92,9132
81,9131
98,9129
94,9128
-86,9127
-26,9126
58,9125
-7,9122
16,9121
55,9120
39,9119
-33,9118
27,9117
89,9116
9,9115
-53,9114
90,9111
78,9108
-16,9107
58,9106
92,9105
48,9103
32,9101
35,9100
-45,9099
-42,9098
-32,9097
71,9096
27,9094
-2,9093
100,9092
-30,9088
47,9087
14,9086
80,9085
8,9084
71,9083
47,9082
42,9080
-58,9078
21,9075
11,9073
82,9072
79,9071
27,9070
-89,9069
-41,9068
0,9067
55,9066
76,9065
14,9064
-64,9063
99,9061
-79,9060
-7,9059
-82,9057
-17,9056
24,9054
5,9053
-22,9051
6,9050
-17,9049
-76,9048
87,9047
78,9046
-45,9045
-32,9044
34,9043
-25,9042
28,9041
-98,9040
47,9037
-26,9035
87,9034
-81,9033
60,9032
35,9031
-2,9029
-50,9028
-98,9026
99,9024
32,9023
-29,9021
64,9020
-63,9018
65,9017
67,9016
49,9015
-8,9014
-69,9013
53,9011
76,9010
51,9009
0,9007
41,9006
25,9005
-74,9002
-6,9001
-66,8999
35,8997
61,8996
64,8995
77,8994
-64,8993
11,8990
97,8989
98,8987
-28,8986
13,8983
-84,8982
71,8980
3,8978
87,8977
-2,8976
90,8975
89,8974
-93,8973
-35,8972
88,8971
-54,8970
-88,8968
70,8967
75,8966
97,8965
10,8964
81,8963
10,8961
19,8960
84,8958
14,8957
-62,8956
45,8955
-36,8954
5,8953
71,8952
99,8951
-60,8949
85,8948
-49,8947
35,8946
-17,8945
-10,8943
-80,8942
-5,8941
57,8940
82,8939
-1,8937
-41,8936
-7,8935
82,8934
33,8933
-4,8932
31,8931
34,8930
-50,8929
-9,8928
73,8927
15,8926
-3,8924
45,8923
43,8922
-16,8921
-23,8916
-51,8915
-4,8914
81,8913
-39,8912
64,8910
41,8909
79,8907
14,8906
-46,8905
96,8904
-84,8903
-38,8902
-39,8901
-81,8899
-27,8897
-46,8896
-76,8895
-16,8894
0,8893
71,8892
-38,8891
-43,8890
-63,8887
-16,8884
4,8883
3,8881
-1,8880
-47,8878
29,8877
75,8876
-68,8875
14,8874
-28,8873
80,8871
57,8870
-52,8869
-32,8868
-64,8867
86,8866
43,8864
68,8862
-44,8861
73,8859
56,8858
-5,8857
-63,8856
-8,8855
-2,8853
-93,8852
58,8851
-31,8850
-82,8849
61,8847
92,8846
90,8844
81,8843
-13,8842
97,8841
-37,8838
81,8837
-88,8835
3,8834
-85,8833
-20,8831
-19,8830
-25,8827
90,8826
-50,8825
-61,8824
-40,8822
-62,8820
-89,8819
-94,8817
82,8816
-64,8814
-80,8813
87,8812
-79,8808
57,8807
-82,8806
56,8805
43,8804
-8,8803
53,8802
20,8801
-58,8800
48,8799
29,8798
-58,8797
-96,8794
51,8793
-10,8792
-46,8791
63,8789
35,8787
-61,8786
-41,8785
62,8782
49,8780
-45,8779
-22,8778
-10,8777
-45,8776
52,8775
-54,8774
-95,8773
40,8772
-71,8771
15,8769
17,8768
85,8766
-10,8765
-11,8764
-97,8763
-54,8762
60,8761
-35,8760
-92,8759
8,8758
12,8754
-96,8752
0,8751
-81,8750
50,8749
-4,8748
-62,8747
-74,8746
-39,8745
76,8742
15,8740
7,8739
-52,8738
85,8736
94,8735
-32,8734
-91,8733
-32,8732
-71,8729
51,8727
97,8726
-64,8725
30,8723
87,8722
-95,8721
67,8720
62,8719
-78,8718
77,8717
-36,8715
-36,8714
-49,8713
-52,8712
90,8711
81,8709
-88,8708
34,8707
72,8706
-67,8705
-69,8703
30,8702
-4,8701
-14,8700
-28,8699
41,8698
-62,8697
-8,8696
55,8695
8,8694
-100,8693
-80,8691
-19,8690
24,8689
-54,8688
39,8686
2,8684
-69,8683
88,8682
-62,8681
40,8680
-64,8679
79,8678
-48,8676
46,8675
90,8674
-11,8673
-32,8671
25,8670
10,8669
-78,8668
79,8667
63,8665
83,8664
47,8662
74,8661
-22,8660
-67,8658
-97,8657
-52,8656
62,8655
73,8653
61,8652
100,8651
-16,8650
-93,8649
-52,8648
23,8644
98,8643
99,8642
-26,8641
-53,8640
-62,8639
57,8638
-79,8637
-69,8636
13,8635
71,8634
26,8633
16,8632
100,8631
57,8630
-23,8629
-83,8628
35,8627
-81,8626
88,8625
-1,8623
42,8622
-69,8620
-41,8619
-90,8618
-56,8617
-51,8616
79,8615
79,8614
-72,8612
93,8611
53,8610
4,8609
17,8608
17,8607
73,8606
-69,8602
-75,8600
-12,8599
52,8598
34,8597
-46,8596
-70,8595
27,8594
-49,8593
40,8592
-63,8591
98,8590
-27,8589
32,8588
-75,8587
-3,8586
-93,8584
-33,8583
-13,8577
-48,8571
-53,8570
-60,8569
81,8568
97,8566
61,8565
-56,8564
28,8563
98,8562
93,8561
-64,8560
7,8559
67,8558
19,8557
96,8556
-22,8555
52,8553
-5,8552
67,8551
-44,8550
48,8549
-23,8548
-34,8546
35,8545
24,8544
-74,8543
-43,8542
40,8541
-62,8540
-42,8539
27,8538
30,8537
-38,8535
18,8534
-34,8533
10,8532
18,8530
-91,8528
-25,8526
-94,8525
-73,8524
0,8523
1,8522
-42,8521
-39,8520
-88,8519
46,8518
-7,8517
-60,8516
35,8514
8,8513
83,8512
-15,8511
-90,8510
-12,8509
89,8508
75,8507
100,8505
24,8504
7,8502
33,8501
65,8500
21,8498
-15,8496
27,8495
-21,8494
32,8493
-2,8492
4,8491
-77,8490
-36,8489
-56,8488
2,8487
-10,8485
52,8482
0,8481
-72,8480
-64,8478
-65,8476
-71,8475
49,8474
-14,8472
-53,8471
-72,8470
95,8469
16,8467
-43,8466
-30,8465
-88,8464
-10,8463
-87,8462
83,8461
63,8460
76,8459
-32,8454
84,8452
-57,8451
47,8450
-5,8449
25,8446
-20,8443
59,8441
-39,8440
-63,8438
-74,8436
13,8435
34,8434
47,8428
-56,8427
-77,8426
66,8425
79,8424
97,8423
78,8422
-52,8421
78,8420
17,8419
-11,8418
28,8416
-71,8415
89,8414
36,8413
-49,8410
11,8408
-30,8407
-96,8406
46,8404
98,8403
49,8402
46,8400
-7,8399
91,8398
96,8397
-53,8396
71,8395
51,8394
64,8392
96,8391
56,8390
85,8389
-54,8388
72,8387
81,8385
-52,8384
-25,8383
32,8382
-81,8381
33,8380
-62,8379
64,8378
-58,8377
-66,8376
-41,8375
-10,8374
95,8372
-43,8371
57,8369
-70,8368
5,8367
6,8366
-31,8365
76,8363
-4,8362
44,8361
-33,8360
-89,8359
4,8358
-58,8357
24,8356
96,8355
82,8354
54,8353
86,8352
-75,8351
-64,8350
-29,8347
-8,8345
73,8344
-90,8343
83,8342
-18,8341
86,8340
-62,8339
-93,8336
-56,8333
-35,8332
-93,8330
65,8329
-84,8328
70,8326
60,8325
10,8324
-16,8323
96,8322
20,8321
51,8319
-6,8318
-12,8316
-15,8315
-7,8313
4,8311
59,8310
-27,8309
-11,8308
98,8307
44,8306
90,8305
-41,8304
-28,8303
-85,8301
-49,8300
-53,8299
27,8297
-36,8296
34,8295
63,8294
-46,8292
62,8291
-9,8290
-28,8289
-37,8288
-5,8287
48,8286
83,8285
93,8284
79,8283
-53,8282
-75,8280
-24,8279
-81,8278
-72,8277
59,8276
-34,8274
-9,8273
28,8271
-66,8268
96,8267
-48,8266
28,8264
-26,8263
-56,8262
-40,8261
5,8260
-48,8259
22,8257
46,8254
52,8253
-51,8252
81,8251
-37,8250
100,8249
-99,8248
33,8247
77,8241
-59,8240
-11,8239
92,8237
-88,8236
4,8235
-91,8234
95,8232
74,8231
44,8229
44,8228
-86,8227
24,8226
-12,8225
70,8224
36,8222
-20,8221
-74,8220
61,8219
71,8218
27,8217
-70,8216
-28,8215
-82,8213
-88,8212
-20,8211
-58,8209
-4,8208
76,8207
100,8206
-35,8204
-46,8203
-77,8202
60,8201
61,8200
-96,8199
-13,8198
14,8196
22,8195
88,8194
-33,8193
-7,8192
49,8191
-6,8189
34,8188
7,8187
94,8186
-98,8185
12,8184
83,8182
98,8181
-44,8180
68,8179
2,8178
-98,8177
-32,8175
92,8173
-32,8172
64,8171
13,8169
-69,8168
33,8167
-86,8166
45,8165
18,8164
82,8163
44,8162
-26,8161
-47,8160
26,8158
-90,8157
84,8156
98,8155
34,8154
2,8152
-85,8151
-28,8150
-5,8149
89,8148
61,8146
-18,8145
-88,8143
-12,8141
91,8139
-100,8138
-83,8137
-13,8136
-82,8135
-11,8134
-96,8133
20,8132
100,8131
87,8130
95,8129
79,8128
-42,8127
53,8126
-1,8125
-5,8123
2,8122
17,8121
-49,8120
41,8119
96,8118
78,8117
-73,8113
-53,8112
-73,8111
92,8110
-60,8109
-65,8108
-79,8107
-80,8106
-86,8105
-54,8104
13,8103
-16,8102
-72,8101
-36,8100
-80,8099
8,8098
-90,8097
-30,8095
-80,8094
-62,8093
54,8092
63,8091
-32,8090
-2,8089
-83,8088
-7,8087
-93,8086
90,8085
14,8083
-12,8082
56,8080
-38,8079
1,8078
48,8077
-74,8076
-79,8074
-74,8073
41,8072
-87,8071
-31,8070
12,8068
49,8067
-37,8066
36,8065
-24,8062
62,8061
57,8059
-71,8058
-16,8057
45,8056
44,8055
40,8054
-30,8053
-57,8052
60,8051
32,8050
33,8049
-77,8048
-7,8047
48,8046
-98,8044
-4,8043
50,8042
-66,8041
23,8040
-65,8039
-67,8038
37,8037
-99,8036
-86,8033
-60,8032
-24,8030
-37,8029
-36,8028
-17,8027
-71,8026
93,8025
-81,8024
72,8023
22,8022
-25,8020
75,8018
-44,8017
-6,8015
-78,8014
-36,8013
54,8010
62,8007
97,8006
-86,8002
93,8001
28,8000
-71,7999
-15,7998
-73,7996
-30,7995
72,7994
88,7993
-50,7992
99,7991
-58,7990
44,7989
5,7987
-56,7984
35,7981
74,7980
-41,7979
-26,7978
-26,7977
79,7976
48,7975
16,7974
28,7973
-66,7972
71,7971
43,7969
-22,7968
-29,7967
-91,7965
25,7964
-78,7963
13,7961
100,7959
-44,7958
92,7957
43,7956
68,7955
21,7953
57,7952
-47,7951
34,7949
71,7947
13,7946
98,7945
86,7941
92,7940
2,7939
31,7938
25,7937
-20,7936
-14,7934
18,7933
-51,7932
30,7931
-44,7929
-36,7928
82,7926
-29,7924
78,7923
12,7922
24,7920
1,7919
-10,7917
25,7916
52,7914
76,7913
-10,7912
88,7911
16,7910
-69,7909
-3,7906
-47,7905
-57,7903
-38,7902
75,7901
-11,7899
36,7898
-45,7896
-41,7894
77,7893
-87,7892
-25,7890
-94,7889
-54,7887
38,7886
-97,7884
-63,7882
97,7881
91,7880
-6,7879
46,7877
-17,7876
38,7875
56,7874
-95,7872
-60,7870
58,7869
15,7868
85,7866
-88,7865
49,7864
100,7862
-51,7861
-10,7860
2,7859
-95,7857
97,7856
40,7855
70,7853
-97,7851
36,7850
34,7849
10,7848
100,7846
62,7845
22,7843
-85,7842
3,7841
-43,7840
45,7839
-50,7838
35,7836
-15,7835
-67,7834
-95,7833
-1,7831
-58,7830
-88,7829
65,7828
88,7827
-26,7826
-71,7825
38,7824
85,7823
-38,7822
-5,7821
-27,7820
44,7819
81,7818
-33,7816
-59,7815
-62,7814
8,7813
-87,7812
14,7811
-99,7810
29,7809
-32,7808
-40,7807
23,7806
16,7804
-74,7803
21,7802
-94,7800
-22,7799
21,7798
100,7797
-79,7796
17,7795
94,7794
18,7793
-75,7792
-35,7791
90,7790
-83,7789
-57,7786
-40,7784
-5,7781
81,7780
-100,7779
70,7778
22,7777
19,7776
-67,7775
21,7774
-5,7772
-75,7771
-65,7770
-13,7769
6,7767
92,7765
-45,7764
-23,7763
-72,7762
-59,7761
42,7760
84,7758
-9,7756
-66,7754
-12,7753
-71,7752
-45,7751
28,7750
6,7749
46,7748
-28,7747
43,7746
-86,7745
-82,7743
86,7740
-61,7738
63,7737
22,7736
84,7735
16,7734
-19,7733
-4,7732
-90,7731
95,7730
-28,7728
-45,7725
-68,7724
-53,7723
33,7722
-90,7721
35,7720
-21,7717
-73,7716
-13,7715
32,7714
0,7713
0,7712
39,7710
73,7708
7,7705
69,7703
-65,7702
79,7701
-34,7700
-50,7698
24,7696
-59,7695
53,7694
-84,7693
58,7692
-60,7691
30,7690
-14,7689
-4,7688
42,7687
-93,7686
-31,7685
80,7684
81,7683
-71,7681
73,7678
-94,7676
-91,7675
-17,7674
27,7673
-79,7672
-31,7671
-90,7670
-99,7668
-3,7667
-19,7666
35,7665
-13,7664
-55,7660
-64,7659
94,7658
-57,7656
4,7655
-92,7654
31,7652
-71,7651
-100,7650
-32,7649
67,7648
-25,7646
-52,7645
86,7644
58,7642
-53,7640
41,7639
34,7635
-56,7634
34,7633
-49,7632
-86,7631
30,7630
-71,7629
65,7628
-81,7626
-86,7625
74,7624
-85,7623
-15,7620
71,7618
-39,7616
30,7615
95,7614
56,7613
-51,7611
-14,7610
-77,7609
-80,7608
73,7605
47,7603
-9,7602
-45,7601
-75,7600
-10,7598
71,7597
-26,7595
79,7594
-88,7593
74,7591
0,7588
-58,7587
-12,7586
48,7585
7,7584
72,7583
89,7581
48,7580
-46,7578
-24,7577
-6,7576
-87,7575
9,7574
29,7570
8,7569
13,7568
-22,7566
-94,7565
-60,7564
6,7563
-16,7561
12,7559
-20,7558
17,7557
-66,7556
-7,7555
-41,7554
9,7553
63,7551
5,7549
-87,7548
46,7547
-84,7545
49,7543
-51,7542
79,7541
66,7540
-38,7539
-19,7538
97,7537
-2,7535
17,7534
-74,7533
39,7531
-95,7530
43,7529
-60,7528
37,7525
6,7524
-76,7523
-70,7521
75,7520
-12,7518
-95,7516
25,7514
-61,7513
-69,7512
-25,7511
-39,7510
64,7508
99,7507
92,7506
-12,7503
-60,7501
70,7500
-25,7497
-62,7496
-15,7495
-38,7493
46,7492
86,7489
68,7488
-63,7487
-39,7486
-34,7485
-60,7484
79,7483
-55,7482
15,7480
-46,7479
52,7478
44,7477
-55,7476
66,7474
67,7472
84,7471
97,7469
-23,7468
94,7467
36,7465
77,7462
27,7461
-38,7460
-66,7459
-18,7458
76,7457
60,7456
-37,7455
-1,7454
-34,7453
98,7452
-20,7451
21,7450
75,7448
82,7447
-52,7445
53,7444
60,7443
-39,7442
73,7440
16,7439
77,7438
-60,7437
-12,7435
-79,7432
39,7430
-75,7428
85,7427
97,7426
-61,7423
79,7421
23,7420
7,7419
-24,7417
-9,7415
-35,7414
74,7413
-40,7411
58,7410
22,7409
-46,7408
32,7406
45,7403
-16,7402
94,7401
59,7400
100,7399
70,7398
-23,7396
-8,7395
22,7394
64,7393
31,7392
-32,7389
79,7388
33,7387
-56,7386
-75,7385
-27,7384
-33,7383
81,7382
74,7381
-16,7380
-21,7379
-46,7378
-85,7377
-20,7376
45,7375
-86,7374
93,7373
11,7369
-71,7368
67,7365
-67,7363
94,7362
92,7360
-49,7357
-58,7355
-51,7354
90,7353
-93,7351
60,7350
-27,7349
50,7347
-99,7346
38,7345
67,7344
-8,7343
-26,7342
-77,7341
-83,7340
-21,7338
-47,7337
-51,7336
-29,7335
-56,7334
-80,7333
51,7332
-53,7331
-44,7329
-18,7328
-3,7327
-33,7326
67,7324
71,7323
98,7321
-2,7320
94,7319
8,7318
94,7317
-66,7316
24,7315
-21,7312
10,7311
66,7309
-22,7308
28,7307
-62,7306
37,7304
26,7302
-75,7301
-47,7299
-45,7298
85,7297
49,7295
-81,7294
-56,7293
-47,7292
-42,7291
-66,7290
44,7289
87,7287
-15,7286
73,7285
-22,7284
60,7283
97,7282
-58,7281
82,7280
100,7279
18,7278
69,7277
-50,7276
57,7274
-18,7273
-57,7272
41,7271
25,7269
-32,7268
-81,7267
42,7266
-62,7265
-58,7264
56,7261
-54,7260
-95,7259
-25,7258
-91,7257
100,7256
5,7255
-53,7254
-46,7253
99,7250
-98,7249
-36,7248
38,7247
37,7246
52,7245
-76,7244
-4,7243
-25,7241
-74,7239
-45,7238
-29,7236
2,7235
54,7234
85,7232
16,7229
-13,7228
57,7227
-13,7226
13,7225
22,7223
28,7222
-4,7221
92,7220
13,7218
61,7217
-67,7216
21,7214
-30,7213
0,7211
41,7210
-10,7209
-93,7208
-26,7207
99,7206
11,7204
45,7203
30,7201
39,7200
-58,7199
68,7197
-72,7196
34,7195
-29,7194
24,7193
2,7192
-44,7191
-9,7190
-21,7189
-72,7188
-67,7187
59,7185
-85,7184
47,7183
4,7181
7,7179
-18,7178
-46,7177
-12,7176
95,7175
73,7173
84,7170
-82,7169
84,7167
33,7166
-45,7165
-64,7164
30,7162
-79,7159
24,7156
-69,7155
-1,7154
-69,7153
-45,7151
-39,7150
29,7149
-41,7148
-66,7147
75,7146
-6,7144
89,7143
-25,7142
-88,7140
-14,7139
-60,7138
80,7136
-60,7134
18,7132
-14,7131
-66,7130
-56,7129
33,7128
-2,7127
59,7124
-37,7123
-92,7122
28,7121
56,7120
-68,7118
89,7117
31,7116
97,7115
-79,7114
-3,7113
-35,7112
90,7111
-37,7110
-90,7109
85,7108
-67,7107
-24,7103
-78,7102
46,7101
-87,7100
-47,7097
68,7096
4,7094
93,7093
-74,7092
46,7091
91,7089
69,7087
81,7086
-3,7084
-71,7083
-88,7082
80,7080
5,7079
-45,7078
-20,7076
-8,7075
-64,7074
46,7073
-57,7072
-92,7071
39,7070
59,7069
74,7067
64,7066
54,7065
-42,7064
-81,7061
-100,7060
-29,7058
-3,7057
-20,7055
34,7054
72,7053
22,7050
-5,7049
-1,7047
67,7046
70,7042
64,7041
93,7040
-26,7038
8,7037
46,7036
43,7034
-51,7033
-72,7032
-1,7030
24,7029
-100,7028
81,7027
29,7026
-12,7024
10,7023
-36,7022
2,7020
-15,7019
-12,7018
27,7015
77,7014
-83,7013
-3,7012
48,7010
63,7009
25,7008
-30,7006
-80,7005
-60,7004
29,7003
-97,7001
-70,7000
-39,6999
-26,6998
0,6996
89,6995
-32,6994
43,6993
-96,6992
-28,6991
-46,6989
62,6988
-51,6987
-52,6986
-73,6984
-73,6983
73,6979
35,6978
1,6977
59,6976
92,6975
32,6974
78,6973
-29,6972
-93,6971
51,6970
-16,6969
-31,6968
-3,6967
-80,6964
27,6963
32,6961
-78,6960
-35,6956
12,6955
27,6954
-17,6952
-71,6951
52,6950
65,6948
-47,6947
-40,6946
-5,6945
-35,6944
38,6943
-2,6942
-44,6941
-51,6940
55,6939
-80,6938
-14,6936
-7,6933
90,6932
29,6931
2,6930
-1,6928
96,6927
6,6925
77,6923
-25,6922
2,6921
41,6919
-16,6918
74,6917
-66,6915
-85,6914
95,6913
-26,6912
-66,6911
-33,6908
-8,6906
-19,6905
34,6904
-13,6903
41,6902
-94,6901
27,6900
10,6899
59,6896
-7,6895
35,6894
6,6892
52,6891
66,6890
46,6889
57,6885
75,6884
-18,6882
-54,6881
-7,6879
-97,6878
-73,6877
53,6876
-53,6875
-83,6872
-59,6871
-27,6869
-64,6868
26,6866
-59,6863
-57,6862
97,6861
-8,6860
86,6858
49,6854
94,6852
-36,6851
71,6850
14,6849
-59,6848
96,6845
78,6844
36,6842
-90,6841
7,6840
76,6839
27,6838
16,6837
-30,6836
-38,6835
-49,6834
-48,6833
-19,6832
-55,6831
-86,6830
-32,6829
-66,6828
4,6827
-59,6824
-31,6823
-40,6822
85,6821
-81,6820
-56,6819
18,6818
-68,6816
30,6815
97,6813
-2,6812
39,6811
-69,6810
80,6809
5,6808
-89,6807
95,6806
-67,6805
35,6804
71,6802
-6,6801
0,6799
-46,6798
-62,6795
-83,6793
0,6792
96,6791
-87,6790
83,6789
17,6788
-26,6787
37,6786
44,6785
-94,6784
76,6783
100,6782
23,6781
3,6780
60,6779
60,6778
14,6777
-19,6776
-59,6774
-26,6773
-67,6772
-7,6771
-36,6770
96,6769
11,6767
23,6766
-31,6765
79,6764
9,6762
-17,6761
-1,6759
-43,6757
-2,6755
43,6754
5,6750
-89,6746
-71,6745
8,6744
-72,6743
48,6742
49,6741
-80,6740
4,6739
73,6738
-99,6737
-50,6736
-14,6735
40,6734
-37,6732
66,6729
78,6727
-46,6724
38,6723
-13,6722
-36,6719
77,6716
-58,6715
-58,6714
-100,6712
84,6711
-45,6710
60,6709
-23,6708
-24,6707
56,6706
69,6704
78,6703
-71,6702
-1,6701
-83,6700
-27,6699
-34,6698
-80,6697
14,6696
98,6695
91,6694
91,6693
-72,6692
49,6690
0,6688
58,6687
-84,6686
74,6684
-90,6683
81,6682
48,6681
0,6680
56,6679
-21,6678
56,6677
33,6675
88,6674
2,6673
7,6672
21,6671
67,6669
7,6668
-2,6667
-36,6665
43,6664
-24,6663
21,6662
-86,6661
-79,6660
-51,6659
-58,6658
6,6657
37,6656
-79,6654
1,6653
25,6651
95,6649
59,6648
11,6647
86,6646
22,6645
-68,6643
-48,6642
-26,6641
42,6640
3,6639
2,6638
-43,6637
-69,6636
66,6635
4,6633
95,6632
-72,6630
-47,6628
92,6627
-17,6626
53,6625
-99,6624
-80,6621
93,6620
88,6618
-60,6615
-9,6614
-82,6613
32,6612
-82,6611
93,6606
-85,6605
-77,6604
17,6603
-81,6602
68,6601
-82,6600
89,6599
16,6598
20,6597
75,6596
30,6595
55,6592
-25,6591
70,6590
96,6589
-36,6588
-93,6587
38,6585
92,6584
37,6583
31,6580
20,6579
-92,6578
-84,6576
82,6575
-3,6574
-22,6573
-30,6572
68,6571
-44,6570
-35,6569
-31,6568
-13,6566
51,6565
-29,6563
42,6562
19,6561
-9,6560
-6,6559
-62,6558
-27,6557
-50,6556
36,6553
-82,6552
-91,6551
97,6550
-92,6549
64,6548
-47,6546
54,6544
78,6542
88,6541
18,6539
31,6538
28,6537
-8,6534
-57,6533
9,6531
-47,6527
91,6526
-23,6525
-59,6524
73,6523
-85,6522
-34,6521
-35,6520
-50,6519
-86,6517
44,6516
97,6515
-19,6513
5,6512
20,6511
16,6509
-5,6508
-99,6507
72,6506
30,6502
87,6501
86,6499
-88,6498
-62,6495
-62,6494
34,6493
8,6491
76,6490
-39,6489
-69,6488
-35,6487
-22,6486
-92,6485
-20,6484
-68,6483
-49,6482
-32,6481
55,6479
87,6477
30,6476
91,6475
-94,6474
4,6473
33,6472
-77,6471
65,6470
43,6469
-87,6467
72,6466
-80,6464
58,6463
47,6461
-26,6460
-12,6459
-28,6458
-1,6457
19,6454
-13,6453
69,6452
-6,6451
7,6450
-24,6447
71,6446
-84,6445
37,6444
-65,6442
-34,6440
35,6437
-26,6436
-39,6435
62,6433
-87,6432
-13,6431
-42,6430
-20,6429
-81,6428
74,6427
41,6426
-35,6425
4,6424
80,6423
13,6420
-68,6418
-77,6417
-11,6415
-62,6414
18,6413
47,6412
97,6411
94,6410
-81,6408
97,6407
67,6406
28,6405
-76,6404
-17,6403
-9,6402
-88,6401
-30,6400
4,6399
28,6398
99,6397
16,6396
17,6395
-42,6394
1,6393
-32,6392
99,6389
35,6388
71,6387
67,6386
29,6384
-88,6383
68,6382
-79,6381
-2,6380
-1,6379
77,6378
58,6377
-91,6376
-39,6375
56,6374
-48,6373
5,6372
7,6371
3,6370
45,6368
-25,6366
10,6365
45,6364
85,6363
44,6362
-39,6361
-79,6359
-39,6358
30,6357
14,6356
-15,6355
75,6353
-85,6352
-9,6350
-90,6349
57,6348
44,6347
50,6346
39,6344
-12,6342
90,6341
-88,6340
-97,6339
79,6338
21,6336
-95,6335
-87,6334
93,6333
90,6331
34,6330
13,6328
-64,6327
-50,6325
-22,6324
-10,6323
82,6322
57,6321
-87,6318
-69,6317
-15,6315
-25,6314
-90,6313
52,6312
-77,6311
71,6310
-28,6308
-39,6306
48,6304
-9,6303
-30,6302
-19,6301
-9,6300
-49,6298
33,6296
-38,6295
39,6294
-19,6293
-45,6292
-39,6289
31,6288
58,6286
-31,6285
-8,6284
-85,6282
75,6281
23,6279
25,6278
14,6277
-20,6275
-26,6274
13,6273
-38,6272
-30,6271
49,6270
-23,6269
67,6268
89,6267
39,6265
92,6264
-85,6263
1,6261
-63,6260
-73,6259
-22,6258
-26,6257
-90,6256
30,6255
50,6251
100,6250
12,6247
31,6246
62,6244
29,6243
-77,6242
59,6241
33,6240
30,6238
-67,6237
15,6236
51,6235
13,6233
-62,6232
0,6231
-5,6230
3,6229
-21,6226
97,6225
94,6224
-75,6223
7,6222
88,6220
45,6219
0,6218
-54,6215
47,6214
-51,6213
65,6211
-33,6210
-84,6209
-25,6208
-22,6207
-2,6206
-69,6205
-58,6204
89,6203
-20,6202
50,6201
-53,6197
-53,6195
99,6194
-80,6193
-68,6192
-91,6191
31,6188
-33,6187
-17,6186
-27,6185
-17,6184
-39,6183
35,6182
5,6181
70,6180
-35,6179
-44,6178
68,6177
-28,6176
-2,6174
-73,6172
82,6171
88,6170
63,6168
-21,6167
11,6166
-65,6165
3,6162
-82,6160
-41,6158
-97,6156
40,6155
99,6154
-19,6153
27,6152
-52,6151
-96,6150
79,6149
85,6148
-10,6147
97,6146
43,6145
88,6144
-42,6142
3,6141
74,6140
-31,6139
21,6138
-64,6137
-96,6136
-21,6135
-38,6134
72,6133
90,6131
-88,6130
98,6129
23,6128
-87,6127
-46,6126
62,6125
15,6124
14,6123
28,6121
60,6119
86,6118
34,6117
99,6116
-40,6115
64,6114
-43,6111
80,6110
-97,6109
80,6108
-100,6107
6,6106
39,6105
-14,6104
-93,6101
40,6100
42,6099
-12,6098
-60,6097
74,6096
13,6095
63,6089
67,6088
75,6086
-38,6085
5,6084
-5,6083
95,6081
6,6079
-1,6078
-51,6077
-72,6076
-18,6073
1,6071
-52,6070
83,6069
-70,6068
-33,6067
-50,6065
-78,6064
-15,6063
-73,6062
89,6061
9,6060
-6,6058
-89,6054
-82,6052
9,6051
78,6050
-4,6048
-97,6047
-96,6046
-41,6045
61,6044
-27,6043
-74,6042
16,6040
99,6039
68,6037
-86,6036
-23,6035
-70,6034
81,6033
-44,6032
75,6031
-8,6030
83,6029
-70,6028
14,6027
45,6026
-68,6025
76,6024
-92,6023
-80,6022
-40,6018
-45,6017
-24,6016
-27,6015
7,6013
45,6012
78,6011
76,6009
-29,6008
-84,6007
-10,6006
5,6005
90,6004
47,6003
-42,6002
-53,6001
-62,6000
-92,5998
-83,5997
66,5996
39,5995
-52,5994
49,5993
49,5991
-62,5990
-66,5989
-16,5988
26,5987
-24,5985
56,5984
-47,5983
-68,5982
-22,5980
-32,5979
-97,5978
-81,5977
55,5976
7,5975
57,5974
-96,5970
85,5969
68,5968
-49,5966
4,5965
87,5964
39,5963
-19,5962
7,5961
51,5960
29,5957
31,5956
-71,5955
75,5954
-8,5951
36,5949
-16,5948
10,5947
-31,5946
67,5943
90,5942
-76,5940
65,5939
-32,5938
-41,5937
15,5936
-57,5934
-4,5933
-22,5931
94,5930
-29,5929
-3,5928
33,5927
-44,5926
-6,5924
-6,5922
-40,5920
-86,5919
-90,5918
-24,5917
28,5916
-49,5915
-58,5912
48,5911
-91,5910
25,5909
45,5905
-78,5904
-70,5903
32,5902
73,5901
13,5898
85,5897
98,5895
-72,5894
-56,5892
-32,5891
-82,5890
20,5889
-48,5888
-83,5887
-34,5886
32,5885
77,5884
-93,5883
-75,5881
-80,5880
11,5878
-61,5875
60,5872
95,5869
100,5868
54,5867
-61,5866
-99,5865
-39,5863
-94,5862
-64,5861
12,5860
4,5859
-99,5858
61,5857
-14,5854
-88,5853
84,5852
63,5850
25,5847
-29,5845
79,5844
43,5842
82,5840
-48,5839
34,5838
97,5837
-67,5836
58,5833
1,5831
-66,5830
-18,5829
78,5828
-60,5827
-39,5826
-41,5824
-83,5823
-95,5822
-44,5821
-32,5820
-33,5817
-58,5816
94,5813
31,5810
83,5808
79,5807
74,5806
85,5805
74,5804
58,5803
44,5802
-14,5801
-66,5800
79,5799
36,5798
19,5797
-100,5796
62,5795
-89,5794
90,5793
-77,5791
31,5790
-15,5788
44,5787
72,5786
24,5785
81,5784
0,5781
84,5780
-65,5778
-96,5777
26,5776
-82,5775
-24,5773
-95,5769
-47,5768
75,5767
-71,5766
-86,5763
6,5761
-35,5760
-99,5758
-95,5753
-38,5752
62,5751
53,5750
-10,5749
-85,5748
-61,5746
5,5744
89,5743
69,5742
-55,5740
-57,5739
52,5738
-55,5736
-68,5734
-100,5732
-81,5731
-50,5729
78,5728
-88,5727
-91,5726
91,5725
-34,5724
1,5723
14,5722
88,5721
86,5719
35,5717
46,5715
100,5713
-57,5712
78,5711
-37,5710
35,5709
13,5708
83,5707
81,5706
-38,5705
0,5703
-39,5702
38,5701
51,5700
-63,5698
-78,5697
42,5696
-53,5694
86,5691
3,5690
84,5689
83,5688
-46,5687
-20,5686
65,5685
50,5684
-3,5683
-33,5682
-16,5680
-30,5679
69,5678
-93,5677
-40,5676
-29,5675
57,5673
59,5672
-61,5670
19,5668
55,5667
64,5666
18,5665
-14,5664
-91,5663
44,5662
-26,5658
36,5657
-67,5656
-85,5655
-37,5654
43,5653
-98,5651
-41,5650
67,5648
15,5647
-59,5646
78,5644
-64,5643
59,5642
-81,5641
54,5640
92,5639
-4,5638
65,5637
-77,5636
16,5634
41,5633
70,5632
-60,5631
-38,5630
35,5627
78,5626
-35,5625
74,5624
65,5623
-58,5622
-20,5621
26,5620
-86,5619
-31,5618
99,5617
69,5616
-75,5614
-50,5610
2,5609
-48,5608
52,5607
57,5606
88,5605
-43,5604
3,5603
27,5602
64,5601
-51,5600
-78,5599
11,5598
83,5596
67,5595
66,5594
-35,5592
11,5591
96,5590
-35,5589
23,5588
12,5587
66,5586
-18,5585
-70,5584
14,5583
16,5582
85,5581
-3,5579
15,5577
61,5576
-5,5575
-12,5574
71,5572
-16,5571
22,5570
-39,5569
73,5568
59,5567
-67,5566
-5,5565
49,5563
97,5562
-64,5561
-77,5560
-40,5559
100,5558
75,5557
-68,5556
60,5554
15,5552
-78,5551
-44,5550
21,5549
-90,5548
6,5547
-36,5546
5,5544
-42,5543
69,5542
-38,5541
43,5540
-53,5539
16,5538
-17,5537
14,5536
22,5534
34,5533
-16,5532
18,5529
-6,5528
-69,5527
88,5525
-95,5524
-21,5523
-11,5522
85,5517
-36,5516
-95,5515
-100,5514
34,5513
0,5512
30,5511
21,5510
29,5509
-15,5507
-94,5506
6,5505
-65,5503
-67,5501
47,5500
51,5499
36,5498
4,5497
-31,5495
0,5494
-86,5493
-42,5491
-99,5489
-41,5488
28,5486
-38,5483
-14,5482
38,5481
-46,5480
-88,5479
-61,5478
100,5477
-71,5476
47,5473
90,5472
49,5471
60,5468
52,5467
-19,5466
-87,5465
10,5464
12,5463
-94,5462
-85,5461
20,5458
-87,5455
77,5454
86,5453
29,5452
-19,5451
-74,5450
99,5449
58,5448
-1,5447
-1,5446
-97,5445
91,5444
29,5443
-14,5442
-65,5441
8,5440
-34,5439
66,5438
59,5437
-4,5436
-73,5434
-64,5432
-1,5431
89,5430
75,5427
0,5426
11,5425
-96,5424
-45,5423
45,5422
-15,5421
-18,5419
-17,5417
-13,5416
39,5414
39,5413
21,5409
42,5408
1,5407
34,5406
92,5405
36,5404
-9,5403
7,5400
48,5399
-11,5398
89,5397
-18,5396
-7,5394
80,5392
55,5389
-65,5388
-33,5387
-50,5386
-29,5385
-29,5382
-3,5380
-12,5379
-2,5378
-49,5377
-94,5376
9,5375
80,5374
38,5371
-21,5369
-84,5368
35,5365
70,5364
-44,5363
-42,5362
39,5360
90,5358
-31,5357
31,5356
97,5355
-3,5353
-38,5352
-45,5350
6,5349
-72,5348
72,5347
7,5346
88,5345
87,5344
82,5342
61,5341
-85,5340
58,5337
-14,5335
62,5334
82,5333
-40,5331
13,5330
68,5329
72,5328
-91,5327
28,5325
51,5324
81,5323
65,5322
-36,5320
82,5318
50,5317
41,5316
-17,5315
-1,5314
78,5313
-39,5312
-42,5310
-52,5309
3,5305
-72,5304
-88,5303
82,5302
33,5299
-8,5298
-4,5296
56,5295
5,5294
-43,5293
18,5291
-51,5290
-18,5288
-22,5287
51,5285
24,5284
-35,5283
94,5282
-64,5280
-57,5278
-16,5277
-40,5276
22,5275
96,5274
96,5273
52,5272
-75,5271
79,5269
-91,5268
62,5266
56,5265
15,5264
29,5262
4,5261
67,5260
45,5259
27,5258
67,5255
-15,5254
73,5253
11,5251
-79,5250
28,5247
17,5245
-54,5244
-46,5242
-81,5240
-62,5238
-81,5237
-40,5236
48,5235
35,5234
99,5230
7,5229
87,5228
8,5227
40,5225
-25,5224
-37,5222
41,5221
82,5220
25,5219
30,5218
30,5217
-100,5216
4,5215
10,5214
83,5213
68,5211
-50,5210
-99,5209
-53,5208
-20,5207
-98,5206
-13,5205
-36,5204
100,5203
51,5202
-18,5200
-12,5199
72,5198
-8,5197
100,5196
-83,5195
-15,5194
-94,5193
-60,5192
-20,5191
-64,5190
75,5189
43,5187
95,5185
30,5183
71,5182
7,5181
41,5180
-41,5178
34,5177
-5,5176
21,5175
-38,5174
84,5173
93,5172
-71,5169
97,5168
-17,5165
-75,5164
-83,5163
81,5162
-77,5161
50,5160
-96,5159
21,5158
50,5157
-38,5156
-85,5154
-60,5153
-60,5151
2,5150
-69,5149
-22,5146
98,5145
-9,5144
-97,5143
97,5142
-69,5140
29,5139
-87,5138
-21,5136
-76,5135
63,5134
-98,5133
93,5131
77,5130
-92,5129
27,5128
67,5126
-94,5125
-27,5124
33,5123
49,5122
83,5121
-83,5120
-39,5119
89,5118
31,5116
52,5113
30,5111
-91,5110
-6,5108
-83,5106
-39,5105
-34,5104
-10,5103
-90,5102
20,5101
-15,5100
68,5099
30,5098
-51,5097
69,5096
-12,5095
-41,5093
94,5092
3,5091
-25,5090
56,5088
-20,5087
-93,5086
-42,5084
-34,5083
6,5080
-91,5079
-10,5078
35,5077
39,5075
-94,5074
84,5073
-89,5072
78,5070
-42,5068
-31,5067
-19,5066
38,5064
-85,5063
42,5061
-9,5058
-84,5057
80,5056
64,5055
70,5052
-45,5051
-50,5050
37,5049
-72,5048
-91,5047
56,5045
-80,5044
16,5042
43,5041
19,5039
5,5038
99,5037
-61,5036
93,5035
-40,5033
13,5032
-36,5031
44,5030
99,5029
-54,5028
74,5024
-34,5023
-44,5022
64,5021
-92,5020
12,5019
38,5017
26,5016
-17,5015
81,5014
70,5010
47,5008
48,5004
-68,5003
-49,5002
-95,5001
-34,5000
-38,4999
-91,4998
72,4997
36,4996
30,4995
-40,4993
-64,4992
-53,4990
34,4989
95,4988
-70,4987
-14,4985
-34,4984
3,4982
-24,4981
-57,4980
53,4978
-1,4977
-46,4976
-80,4974
51,4973
79,4972
-96,4971
27,4970
-53,4968
-45,4967
-60,4966
-74,4964
9,4963
66,4962
54,4961
49,4960
40,4958
-43,4957
-76,4956
-96,4955
88,4953
-90,4952
5,4951
28,4950
70,4949
50,4948
8,4947
-73,4945
-58,4944
-10,4943
25,4941
-50,4940
68,4939
11,4937
-95,4936
22,4935
47,4934
2,4929
20,4927
-74,4924
-83,4922
19,4921
48,4920
1,4919
-49,4918
-27,4917
44,4916
-49,4912
-93,4911
-46,4910
-25,4909
24,4908
75,4905
-97,4904
-8,4903
-5,4902
-28,4901
-85,4898
35,4897
-57,4896
30,4895
96,4891
-18,4890
5,4888
-34,4885
37,4883
-43,4881
-97,4880
9,4879
62,4877
-55,4874
-100,4873
91,4872
81,4871
-89,4868
-16,4867
-64,4866
31,4865
-38,4864
-39,4863
-84,4862
82,4861
-31,4860
62,4859
-85,4858
-49,4857
-83,4854
-38,4853
71,4852
-35,4851
33,4850
-28,4848
86,4847
-92,4845
84,4844
42,4843
95,4841
-80,4840
-20,4838
-87,4835
97,4834
50,4833
-56,4832
75,4831
-90,4830
56,4829
-1,4828
50,4827
-67,4826
4,4825
-84,4824
-95,4823
-23,4822
-36,4821
-82,4819
-37,4818
-16,4817
65,4815
-2,4814
0,4813
-92,4812
-55,4811
-60,4810
-34,4808
29,4807
88,4806
10,4804
-37,4803
84,4802
47,4801
-94,4800
3,4799
-38,4798
-61,4797
-49,4796
-1,4795
59,4793
16,4792
50,4790
71,4789
-45,4788
18,4787
88,4786
80,4784
-46,4782
17,4781
85,4780
73,4779
62,4778
38,4776
-44,4775
-36,4774
-26,4773
27,4772
-86,4770
-31,4769
80,4768
30,4767
-27,4765
-51,4762
43,4759
86,4757
-82,4755
-57,4753
-99,4751
-51,4749
-14,4742
-89,4740
11,4739
-61,4737
54,4736
-14,4735
97,4734
-67,4733
-57,4732
-56,4730
-80,4729
-31,4728
35,4727
0,4726
9,4725
-16,4723
86,4722
39,4721
73,4720
-85,4719
85,4718
87,4716
-8,4714
-39,4713
68,4711
57,4710
-50,4708
81,4707
-23,4706
59,4705
-23,4704
21,4703
-30,4698
86,4697
73,4695
-42,4694
76,4693
12,4692
-7,4691
-26,4690
-97,4689
74,4688
-52,4687
-81,4684
44,4683
-71,4682
74,4681
91,4679
-99,4678
52,4677
-90,4674
-44,4673
76,4671
-72,4670
14,4669
-83,4667
10,4666
96,4665
69,4664
-24,4662
94,4660
72,4657
-30,4656
85,4655
-65,4654
93,4653
-64,4651
-53,4650
-83,4649
-77,4648
-94,4647
-56,4646
66,4642
7,4641
59,4640
-71,4639
74,4638
60,4636
32,4635
40,4634
69,4633
-28,4632
59,4630
-61,4628
70,4627
-27,4626
77,4625
74,4623
13,4622
93,4620
-76,4619
-9,4618
94,4617
88,4616
-51,4613
41,4612
36,4611
46,4610
-3,4609
62,4608
3,4607
-99,4606
-98,4605
-38,4604
-36,4603
-64,4601
31,4600
80,4599
-94,4597
-68,4596
-40,4595
57,4593
56,4592
76,4591
-28,4590
-56,4588
-89,4587
93,4586
-29,4584
43,4583
-88,4581
-72,4579
-95,4578
90,4577
94,4576
73,4575
-60,4574
39,4573
-84,4569
49,4567
-30,4566
-2,4565
32,4564
-5,4563
-66,4562
87,4560
-64,4558
-61,4557
-16,4556
-53,4555
-83,4554
6,4553
-18,4552
-87,4550
21,4549
41,4547
100,4546
-88,4545
3,4544
-63,4543
20,4539
74,4537
-24,4536
13,4535
47,4534
-70,4533
29,4531
2,4530
38,4529
-74,4528
-18,4527
-53,4526
12,4525
-47,4524
59,4523
81,4522
-42,4520
-31,4518
-63,4517
-6,4516
90,4515
-42,4514
-57,4512
31,4510
-85,4509
-46,4506
-41,4505
-16,4504
-41,4503
-47,4500
56,4499
-15,4498
-88,4497
77,4493
-85,4492
25,4489
66,4487
-76,4486
4,4485
3,4484
8,4483
-49,4482
97,4481
-7,4480
98,4479
-42,4478
-23,4477
0,4476
40,4475
73,4474
15,4473
27,4472
52,4471
-29,4470
-21,4469
-55,4468
-65,4467
10,4466
94,4465
-9,4464
92,4463
97,4462
98,4461
31,4460
51,4458
26,4457
59,4456
13,4455
14,4453
-53,4452
22,4451
-45,4450
76,4449
57,4448
50,4447
15,4446
-56,4444
-4,4443
9,4442
-14,4441
-16,4440
-94,4439
15,4438
-48,4437
58,4436
93,4434
-62,4432
84,4431
-57,4430
-35,4429
-41,4428
-80,4427
-14,4426
-7,4425
-59,4424
-89,4423
37,4422
-70,4420
96,4418
7,4417
66,4416
24,4414
-42,4413
76,4412
-92,4411
-31,4410
-14,4409
100,4408
-34,4407
22,4406
-17,4405
11,4403
-99,4402
-11,4401
80,4400
31,4393
27,4392
69,4391
35,4389
-22,4388
-49,4387
-62,4386
-38,4385
-63,4383
-86,4382
83,4381
-19,4379
-28,4374
22,4373
100,4372
3,4371
-65,4370
-51,4369
-13,4368
-58,4367
9,4366
80,4364
65,4362
-91,4361
29,4360
-98,4359
42,4358
-62,4353
5,4352
9,4350
-25,4348
46,4347
14,4346
-91,4345
-35,4344
3,4343
-21,4342
15,4341
-80,4340
-54,4338
-41,4337
68,4336
80,4335
-29,4333
91,4332
30,4331
-70,4330
4,4329
-51,4328
-38,4326
58,4324
54,4323
-15,4322
52,4320
67,4317
70,4315
-4,4314
43,4313
4,4312
56,4311
-9,4309
-37,4308
-30,4307
-63,4306
-86,4305
82,4304
-74,4303
-89,4301
-11,4299
-86,4297
-55,4293
-14,4292
-34,4291
-7,4289
-63,4288
45,4286
12,4285
-25,4284
-35,4282
61,4281
-40,4276
-51,4275
-31,4274
-72,4271
55,4270
-25,4269
70,4268
85,4267
1,4264
82,4263
-18,4262
-85,4260
-95,4259
86,4258
-52,4257
-92,4256
-25,4250
-42,4249
-56,4248
-71,4245
-87,4244
28,4243
-99,4242
-79,4241
-25,4240
-47,4239
25,4238
20,4236
-84,4234
11,4233
-59,4231
2,4230
33,4227
7,4226
86,4225
8,4224
12,4221
14,4219
-92,4218
-54,4217
-55,4216
59,4213
49,4212
60,4211
-99,4210
-18,4209
-71,4208
-31,4207
-30,4205
-13,4204
17,4203
6,4202
77,4201
-25,4200
82,4196
96,4194
-45,4193
-9,4192
18,4191
58,4190
-71,4189
-48,4187
-97,4185
13,4183
49,4182
30,4181
75,4179
-27,4177
35,4176
-52,4174
15,4173
84,4172
96,4171
-27,4170
-87,4169
-89,4168
50,4167
70,4166
-64,4165
40,4164
79,4163
96,4162
-75,4160
47,4159
-43,4158
30,4157
-67,4155
-80,4154
37,4150
49,4149
-1,4148
-1,4147
18,4146
81,4144
-99,4143
-25,4142
-47,4141
-66,4140
0,4139
97,4138
-38,4136
58,4135
8,4134
99,4133
2,4132
-100,4131
-46,4130
26,4128
19,4127
3,4126
6,4125
-32,4124
34,4123
-75,4122
66,4121
-46,4120
98,4119
49,4118
-100,4116
4,4115
-44,4114
-64,4111
-84,4110
-22,4109
-9,4108
-7,4107
12,4106
6,4105
54,4104
66,4103
69,4102
29,4101
-75,4099
-32,4098
-3,4097
76,4095
42,4094
21,4091
60,4089
-51,4088
-2,4087
98,4086
-29,4085
86,4083
11,4082
43,4081
-86,4080
69,4079
39,4078
54,4077
-65,4075
-9,4074
28,4073
-20,4072
81,4071
12,4069
-97,4068
-89,4067
-28,4066
-36,4065
-53,4064
62,4062
98,4061
-42,4059
35,4057
-79,4056
-99,4055
-8,4054
31,4053
9,4052
69,4051
-76,4050
9,4049
32,4047
63,4045
74,4043
25,4042
-63,4041
-95,4040
-42,4039
-37,4038
-7,4037
35,4036
-92,4035
-80,4034
71,4033
44,4032
-87,4031
-60,4029
30,4028
90,4027
75,4026
-38,4025
83,4024
-43,4022
30,4021
-57,4020
-82,4019
-60,4018
-72,4014
45,4013
4,4012
-97,4011
3,4010
-90,4008
84,4007
62,4006
49,4004
-95,4003
49,4002
-9,4001
-40,4000
-17,3999
36,3998
26,3997
76,3995
-43,3994
-50,3993
-12,3992
87,3991
-1,3990
9,3989
-31,3988
9,3987
-22,3983
-54,3982
78,3980
-63,3979
5,3977
46,3975
12,3973
-77,3972
-80,3971
-42,3970
-4,3969
8,3968
-52,3967
-22,3966
54,3965
-90,3964
-47,3963
-46,3962
-83,3961
-34,3960
-82,3958
74,3957
-87,3956
-86,3955
-58,3954
-75,3953
-88,3952
-50,3950
5,3949
27,3948
83,3946
-55,3945
-32,3944
4,3943
40,3942
-22,3941
-96,3940
-28,3939
-29,3937
72,3936
-17,3935
-64,3934
-75,3933
-28,3932
-40,3930
49,3929
-36,3928
-44,3927
-98,3926
57,3925
-34,3924
-13,3922
99,3920
-8,3918
-36,3917
-51,3916
89,3915
-13,3914
-61,3912
32,3910
55,3907
-45,3906
-68,3905
78,3904
48,3903
97,3902
62,3900
23,3898
84,3897
53,3896
23,3895
-12,3894
40,3893
51,3892
-85,3891
57,3888
-7,3887
-7,3886
-88,3884
96,3882
2,3881
-41,3880
-8,3879
20,3878
-23,3876
-6,3874
49,3873
-83,3872
-31,3871
38,3869
-31,3867
43,3866
-73,3864
-68,3863
55,3861
2,3859
-98,3858
67,3856
83,3853
81,3852
-48,3849
50,3848
94,3846
-47,3845
54,3844
-50,3843
-34,3842
66,3841
-98,3839
84,3838
-39,3837
-6,3835
-48,3834
-37,3833
4,3832
-65,3831
-89,3829
54,3828
-3,3826
-16,3825
-42,3824
-41,3823
80,3822
80,3821
-73,3820
87,3819
-95,3818
0,3816
-40,3815
63,3814
-65,3813
-21,3812
68,3811
-93,3810
-48,3809
-79,3808
46,3807
-10,3806
-2,3805
47,3804
6,3803
-11,3802
-19,3801
22,3800
-31,3798
-25,3796
93,3794
-28,3793
94,3792
-73,3791
77,3789
-22,3788
-14,3784
57,3783
-49,3782
-26,3781
31,3779
42,3776
-39,3775
-40,3774
93,3773
-22,3772
-28,3771
-1,3770
-98,3769
74,3768
-1,3766
8,3765
-20,3764
61,3763
-85,3759
14,3757
-19,3756
-93,3755
-87,3754
58,3753
-14,3752
30,3751
-6,3750
-60,3749
51,3748
97,3747
65,3745
-57,3744
-75,3742
51,3741
-55,3740
44,3739
-59,3736
26,3735
-3,3733
-46,3732
17,3731
-82,3730
11,3729
95,3728
39,3727
93,3725
64,3724
74,3723
20,3718
68,3717
-88,3716
-27,3714
13,3712
28,3711
-100,3710
-15,3709
84,3707
-43,3706
-70,3705
-43,3703
-15,3702
-89,3701
63,3700
94,3699
-53,3698
77,3696
-75,3695
79,3693
45,3692
-9,3691
-14,3690
61,3689
62,3688
-13,3687
32,3686
-24,3685
75,3683
-63,3682
57,3681
-6,3679
-13,3678
76,3677
-54,3676
-33,3675
52,3674
-33,3673
96,3672
86,3670
-59,3669
47,3668
-74,3667
99,3666
-7,3665
-41,3664
-65,3662
-66,3661
0,3660
25,3659
47,3656
10,3655
-67,3654
64,3653
34,3651
-7,3650
0,3648
-80,3647
-98,3644
-26,3643
-35,3642
-68,3641
-34,3640
93,3639
8,3637
98,3636
88,3634
-38,3628
-33,3625
-23,3623
99,3621
21,3619
-95,3618
-64,3617
87,3616
30,3615
-59,3614
27,3612
-21,3611
-7,3607
75,3606
-24,3605
35,3604
57,3603
-42,3600
-73,3599
86,3598
-55,3597
65,3596
-22,3595
77,3593
72,3592
-96,3591
-76,3590
25,3589
-18,3587
-42,3586
97,3585
29,3584
81,3583
-31,3581
-79,3580
-56,3579
84,3578
84,3577
-87,3575
10,3574
-68,3573
85,3572
53,3571
52,3569
74,3568
10,3567
-93,3565
36,3563
-30,3562
14,3560
18,3558
3,3556
-21,3555
26,3554
-67,3553
44,3551
-11,3549
8,3548
-86,3546
-79,3541
-15,3539
32,3537
2,3536
-85,3535
-35,3534
-48,3533
11,3532
-77,3531
-30,3530
38,3529
-80,3528
89,3527
37,3526
-48,3525
1,3524
9,3523
59,3521
-21,3520
50,3519
-92,3518
-26,3516
88,3515
15,3514
25,3512
61,3510
-51,3508
42,3506
-58,3505
54,3501
70,3500
99,3499
2,3498
69,3496
-62,3495
-62,3493
-5,3492
50,3491
-60,3489
14,3488
88,3487
54,3485
88,3484
54,3483
0,3482
16,3481
-35,3480
-94,3479
-60,3478
88,3477
-52,3476
52,3473
70,3470
15,3469
-8,3468
22,3466
57,3465
-15,3463
-31,3462
-96,3461
-39,3460
87,3458
66,3456
-14,3454
35,3452
47,3451
43,3450
82,3448
-9,3447
-47,3446
-13,3445
-79,3443
59,3442
-70,3441
-13,3439
87,3438
16,3437
92,3435
62,3434
-37,3433
-72,3432
1,3431
-76,3429
65,3427
-15,3426
-23,3425
-93,3424
41,3423
4,3422
-13,3421
-33,3420
-32,3419
76,3417
57,3416
-47,3414
32,3413
83,3412
83,3411
30,3410
-35,3407
30,3404
98,3401
70,3397
-55,3394
-64,3393
-1,3392
28,3391
93,3390
72,3389
58,3388
83,3386
72,3384
-26,3383
-24,3382
-79,3381
66,3380
23,3378
-95,3375
-62,3374
-31,3373
53,3372
-59,3370
21,3369
62,3368
-5,3367
-19,3366
6,3365
-53,3364
-95,3363
59,3362
-39,3361
84,3360
-75,3356
16,3354
-70,3353
-32,3352
52,3350
40,3347
0,3346
21,3345
5,3344
-63,3343
84,3342
-94,3340
8,3339
0,3338
-41,3337
-37,3336
-1,3335
7,3334
58,3333
88,3332
88,3331
-95,3330
8,3327
49,3325
53,3324
96,3323
75,3322
-15,3321
-37,3320
65,3319
41,3318
8,3316
-13,3314
99,3312
22,3310
85,3309
-60,3308
74,3307
34,3306
59,3305
80,3304
71,3303
76,3300
-25,3299
12,3298
96,3297
-29,3296
-9,3295
80,3294
-11,3293
15,3292
-83,3290
89,3289
88,3288
66,3287
72,3286
77,3285
91,3284
77,3283
-56,3281
43,3280
51,3279
82,3278
-18,3277
15,3276
99,3274
18,3273
-81,3272
-60,3271
60,3270
-86,3269
57,3268
43,3267
19,3265
-76,3264
34,3263
59,3261
66,3259
-40,3258
-38,3257
75,3256
28,3255
67,3253
9,3252
100,3251
-72,3249
40,3248
92,3247
-79,3246
90,3245
41,3244
97,3243
-81,3242
-22,3240
64,3239
38,3238
55,3237
31,3236
86,3235
40,3234
23,3233
-22,3232
83,3231
-46,3230
38,3229
-39,3228
-2,3227
-87,3226
-55,3225
75,3223
-97,3222
-79,3221
-100,3218
76,3216
-89,3215
97,3214
-63,3213
31,3212
73,3211
13,3210
-60,3209
45,3208
95,3207
-11,3205
68,3204
10,3203
48,3202
-39,3200
42,3198
82,3197
-73,3194
-59,3193
-71,3191
-28,3188
92,3187
60,3185
-39,3184
-62,3183
93,3181
-95,3180
-72,3179
58,3178
-84,3177
59,3175
5,3173
-62,3172
42,3171
70,3170
19,3167
79,3166
-45,3165
-69,3164
-3,3161
13,3160
-77,3159
49,3158
71,3157
14,3156
93,3155
33,3154
-71,3152
93,3151
94,3147
-35,3146
-19,3145
75,3144
27,3143
68,3142
-11,3141
70,3139
33,3138
-3,3136
40,3134
-75,3132
85,3131
-87,3130
-69,3129
-7,3126
-33,3125
1,3123
-70,3122
43,3121
13,3120
-75,3119
19,3118
17,3117
23,3115
-14,3111
93,3110
-37,3108
10,3106
-85,3105
-50,3104
-64,3103
15,3100
-4,3099
3,3098
4,3096
60,3094
-42,3093
-15,3092
82,3091
4,3089
-72,3088
-34,3087
10,3086
83,3085
69,3084
-79,3082
10,3080
-34,3076
20,3075
-20,3072
32,3071
-27,3070
-80,3069
39,3068
1,3067
62,3066
61,3065
-5,3064
37,3063
85,3061
-37,3059
66,3058
-82,3057
9,3056
57,3055
-13,3054
-65,3053
17,3052
-29,3051
-17,3050
-17,3049
42,3048
92,3047
-33,3046
6,3045
65,3044
87,3043
48,3042
74,3041
-66,3040
21,3039
-59,3038
-7,3037
95,3036
47,3035
-45,3032
55,3031
-5,3030
-79,3029
-31,3028
61,3027
-64,3025
36,3024
-28,3023
64,3022
28,3021
-50,3020
6,3019
-83,3018
-1,3017
-11,3016
46,3015
67,3013
60,3012
44,3011
-13,3010
70,3009
94,3007
30,3006
59,3003
43,3001
-56,3000
-52,2998
-23,2997
-50,2996
0,2994
95,2993
17,2992
65,2991
56,2989
-8,2988
-88,2987
47,2986
-74,2985
34,2984
11,2983
-68,2982
-62,2981
-25,2979
55,2977
13,2976
-82,2974
-2,2973
-38,2972
50,2971
-69,2969
-49,2968
-58,2967
94,2966
98,2964
74,2963
79,2960
-17,2959
-65,2958
-15,2957
46,2956
-22,2955
-85,2954
46,2953
1,2951
52,2950
45,2949
57,2947
29,2946
9,2945
-39,2944
74,2943
4,2941
100,2939
44,2938
-59,2937
47,2936
16,2935
-98,2933
6,2932
-74,2931
-62,2930
45,2927
-97,2926
29,2924
-65,2923
34,2922
-24,2921
-27,2919
-21,2918
-13,2915
16,2914
-58,2913
76,2911
-70,2910
-32,2909
-58,2908
96,2907
-34,2904
84,2903
5,2902
92,2900
47,2898
-13,2896
83,2895
-63,2894
-96,2893
33,2891
-63,2888
-84,2887
-93,2884
93,2883
-33,2882
59,2878
68,2877
-85,2876
34,2875
-59,2874
25,2873
-71,2872
-40,2871
68,2870
-35,2869
-54,2868
30,2865
52,2864
24,2863
-49,2862
-60,2861
21,2860
-48,2859
62,2858
-48,2857
-22,2856
-5,2855
-59,2854
55,2853
-77,2851
-18,2850
67,2849
-67,2848
-77,2847
22,2846
84,2844
27,2842
-62,2840
14,2838
-64,2836
-82,2835
81,2833
64,2831
31,2830
-47,2829
27,2827
14,2826
96,2824
-71,2823
22,2822
-9,2821
1,2819
83,2818
-90,2817
-90,2816
19,2815
-87,2813
-75,2812
29,2811
62,2810
-90,2809
-74,2808
61,2805
-31,2804
-77,2803
3,2802
-83,2800
1,2799
77,2798
24,2797
17,2796
99,2795
43,2794
26,2793
-84,2792
-37,2790
-29,2789
-80,2788
42,2787
87,2786
-87,2785
59,2784
-41,2782
-51,2780
22,2779
-64,2777
-52,2775
46,2774
-91,2773
3,2772
-100,2771
88,2769
2,2767
-28,2766
6,2765
-98,2764
-63,2763
-93,2762
-6,2761
38,2760
31,2759
94,2758
-1,2756
78,2755
50,2754
8,2752
97,2751
-67,2750
-54,2749
-17,2747
20,2746
85,2745
42,2744
-1,2743
65,2741
-11,2740
13,2739
-54,2738
63,2737
30,2735
64,2733
76,2730
-74,2729
33,2728
21,2727
-32,2726
-52,2724
68,2722
-12,2720
-60,2719
72,2718
-46,2717
-12,2716
-65,2715
-83,2712
-23,2711
19,2710
47,2709
36,2708
-90,2706
29,2705
41,2704
-4,2703
-17,2702
-6,2701
-80,2699
-54,2698
81,2697
16,2695
-53,2693
-50,2692
28,2691
-52,2690
2,2689
5,2686
-25,2685
-27,2684
75,2683
-67,2682
100,2679
7,2678
6,2677
-58,2675
-16,2673
-20,2672
4,2671
64,2670
-96,2669
-94,2668
40,2664
2,2662
-87,2660
-46,2659
52,2657
37,2656
12,2655
-38,2654
-38,2652
-80,2651
13,2650
0,2648
45,2645
-36,2644
-71,2643
32,2642
-23,2641
-8,2640
55,2639
-75,2638
-99,2636
2,2634
-100,2632
-69,2631
92,2630
32,2629
-14,2628
31,2627
39,2626
-91,2625
76,2624
-57,2623
82,2620
-10,2619
32,2617
-97,2616
-81,2615
-33,2613
-63,2612
-93,2611
-97,2610
-42,2609
17,2608
-12,2606
-74,2605
73,2604
40,2603
56,2600
37,2599
-6,2598
49,2596
83,2595
64,2594
61,2593
-31,2592
80,2591
24,2590
-38,2589
50,2588
-55,2587
41,2586
86,2585
43,2584
15,2582
1,2581
-16,2580
34,2579
-59,2578
30,2577
-71,2576
29,2575
-56,2574
-28,2573
-69,2572
6,2571
-86,2569
-53,2568
82,2566
29,2565
-8,2564
79,2563
-7,2562
91,2561
45,2560
-68,2558
88,2557
26,2555
43,2554
94,2553
-34,2552
-42,2551
48,2550
10,2549
-32,2547
-31,2545
-74,2544
25,2543
-96,2542
-62,2541
-54,2540
-91,2539
-100,2538
68,2537
79,2536
-87,2535
-54,2534
3,2533
29,2531
16,2530
72,2529
43,2528
27,2527
66,2522
43,2521
44,2520
94,2519
30,2518
0,2517
8,2516
51,2513
-25,2512
41,2511
20,2509
-26,2508
35,2507
27,2506
-63,2504
68,2503
-28,2502
-62,2501
-90,2500
69,2499
68,2498
23,2497
-8,2496
-99,2495
85,2494
-80,2493
40,2491
16,2490
-81,2488
89,2487
16,2484
55,2483
60,2482
-52,2480
-51,2479
-67,2478
37,2477
85,2476
41,2475
-92,2474
46,2473
17,2472
-26,2471
-40,2469
24,2468
-57,2466
-69,2465
36,2464
92,2462
6,2461
26,2459
87,2457
-21,2456
-33,2453
-7,2452
100,2451
54,2450
7,2449
51,2448
85,2447
-41,2446
20,2445
-14,2444
76,2442
-58,2441
-35,2439
-17,2437
22,2436
-86,2435
7,2434
-24,2433
13,2432
71,2431
30,2430
-71,2429
-54,2427
28,2425
-59,2424
26,2423
-79,2422
62,2420
16,2419
55,2417
-39,2416
-48,2414
-24,2413
-96,2410
-7,2409
16,2408
-79,2407
-81,2406
81,2405
-61,2404
51,2403
-68,2401
50,2400
-77,2399
-73,2398
44,2397
-70,2396
-24,2394
100,2393
58,2392
-82,2391
-53,2389
94,2387
-47,2386
-39,2385
46,2383
-94,2380
-63,2379
29,2378
24,2376
42,2374
7,2373
-26,2372
89,2371
-66,2370
98,2369
78,2368
42,2367
63,2366
-65,2365
2,2364
48,2363
-69,2362
-4,2361
-18,2360
42,2358
-22,2357
0,2356
-64,2355
-14,2354
58,2353
43,2352
39,2351
-72,2350
-99,2349
70,2348
-46,2347
35,2346
78,2345
64,2344
-99,2342
33,2340
86,2339
82,2338
30,2337
-29,2336
7,2335
30,2334
87,2333
-74,2332
73,2331
59,2329
70,2328
-87,2327
-50,2326
62,2325
-50,2324
0,2323
56,2322
1,2319
-55,2318
14,2317
42,2316
-16,2315
47,2312
-13,2310
-54,2309
18,2308
-88,2307
-85,2306
-72,2305
9,2303
-67,2302
-85,2301
-30,2300
-99,2299
-2,2293
45,2291
-98,2290
-76,2289
13,2288
92,2286
-60,2285
94,2283
33,2282
-72,2281
33,2280
98,2279
6,2277
-96,2275
-15,2274
0,2273
47,2271
-24,2269
-43,2268
-57,2267
56,2266
-79,2265
-76,2264
29,2263
61,2261
85,2260
47,2259
-2,2258
-26,2256
19,2254
6,2253
39,2252
67,2251
-15,2249
24,2248
45,2247
-8,2246
-10,2244
44,2242
-87,2240
-1,2239
98,2238
30,2237
-100,2236
93,2235
10,2234
64,2233
-60,2232
-38,2231
-4,2229
-5,2228
86,2227
53,2225
-83,2224
78,2223
75,2222
4,2221
23,2220
66,2219
-85,2218
43,2216
40,2215
-71,2213
11,2212
71,2211
-49,2210
37,2209
67,2207
-63,2206
7,2204
-55,2203
-98,2202
40,2199
-1,2198
99,2197
72,2196
62,2195
64,2194
-72,2192
47,2191
-21,2190
24,2189
-94,2188
90,2187
40,2185
70,2183
-27,2182
67,2180
-57,2179
-63,2178
47,2177
77,2176
-63,2175
56,2174
3,2173
77,2172
-58,2171
46,2170
9,2169
-52,2168
9,2167
93,2166
-8,2165
41,2162
87,2161
21,2160
71,2159
20,2158
24,2157
63,2156
78,2155
-19,2154
39,2153
22,2151
16,2149
0,2148
39,2145
54,2143
-63,2142
37,2140
-95,2139
41,2136
-18,2134
-19,2133
-49,2132
3,2131
93,2130
-45,2128
-92,2127
-87,2126
32,2125
-25,2123
47,2121
-96,2120
-38,2119
88,2118
93,2117
-23,2116
-48,2114
44,2113
-98,2112
82,2110
-85,2109
29,2107
76,2106
66,2105
-30,2104
37,2103
8,2102
-20,2101
-31,2100
59,2099
45,2098
94,2097
-30,2096
1,2094
100,2092
-87,2090
-26,2089
-43,2088
-65,2087
-72,2086
18,2085
-96,2084
-5,2082
68,2081
35,2080
-62,2079
49,2078
8,2075
100,2074
-85,2073
-67,2072
8,2070
-61,2069
73,2067
76,2066
72,2064
50,2063
73,2062
61,2061
72,2059
-53,2058
-64,2056
-87,2054
-67,2053
96,2052
-18,2051
35,2050
-86,2049
23,2048
-50,2047
-65,2046
67,2045
-20,2044
-22,2043
-9,2041
35,2040
39,2039
-4,2038
37,2037
38,2035
-33,2032
43,2031
-7,2029
15,2028
69,2027
85,2026
-60,2025
-47,2024
-64,2023
-77,2022
-68,2021
-55,2019
95,2018
29,2017
-39,2016
11,2014
42,2013
85,2012
35,2011
-97,2010
32,2009
6,2007
47,2006
-87,2005
-43,2004
-21,2003
22,2002
-35,2001
-78,2000
-96,1999
9,1998
70,1997
-51,1996
-59,1995
-28,1992
93,1991
33,1990
56,1988
65,1984
-6,1983
-53,1982
50,1981
-79,1980
44,1977
24,1976
1,1974
-65,1973
-45,1972
47,1971
-41,1970
3,1969
96,1968
70,1967
-40,1966
98,1964
63,1963
-80,1962
-86,1961
-22,1960
-10,1959
89,1957
-53,1954
-67,1952
-58,1951
-26,1950
58,1949
-5,1948
-94,1947
32,1944
-51,1942
-78,1938
43,1937
97,1935
31,1931
-15,1930
-72,1929
-76,1928
-16,1927
98,1926
-66,1925
0,1924
18,1923
59,1922
-40,1921
29,1919
-46,1916
-77,1914
-58,1913
37,1912
-29,1911
58,1909
58,1908
84,1907
-3,1906
-26,1905
0,1903
69,1901
-36,1900
99,1899
-95,1898
54,1896
-66,1895
62,1893
55,1892
43,1890
97,1888
-76,1887
-3,1886
99,1885
13,1884
96,1883
81,1882
-46,1881
-89,1880
70,1879
-99,1878
32,1876
17,1874
-13,1871
14,1869
-27,1868
97,1865
-45,1864
-31,1863
-9,1862
16,1860
-24,1859
-5,1858
-24,1857
13,1852
55,1851
39,1848
65,1846
17,1845
58,1844
77,1843
89,1842
41,1841
-24,1839
-5,1838
-54,1837
37,1836
27,1834
-91,1833
-17,1832
43,1831
-42,1830
-92,1828
38,1827
-85,1823
21,1822
-63,1821
50,1820
2,1819
4,1816
52,1814
23,1813
82,1812
-54,1811
-35,1810
23,1809
78,1807
-15,1805
100,1804
66,1803
-91,1801
56,1799
-45,1798
-67,1796
-30,1795
-33,1794
85,1792
-99,1791
72,1789
17,1788
-36,1787
28,1785
78,1784
79,1782
-47,1781
-12,1780
-23,1779
66,1778
-12,1777
3,1776
-73,1775
-73,1773
49,1772
91,1770
-59,1769
-45,1768
25,1767
44,1766
31,1765
47,1763
-67,1762
0,1761
-78,1758
-42,1756
-24,1754
78,1753
32,1751
47,1750
-3,1749
-37,1748
15,1747
13,1746
-95,1745
-39,1744
17,1743
-86,1741
50,1740
100,1739
-55,1738
-90,1737
-76,1735
-54,1734
74,1733
-82,1732
-35,1730
-79,1728
65,1727
-38,1726
-65,1725
-75,1724
-12,1723
-1,1722
77,1721
30,1718
7,1717
-63,1716
1,1715
51,1713
62,1712
25,1710
33,1709
16,1708
52,1707
-31,1706
-47,1705
-48,1704
-78,1703
49,1702
0,1700
-60,1699
-54,1698
-43,1697
25,1696
45,1694
-23,1691
-41,1690
12,1688
1,1687
-55,1686
-9,1684
-49,1683
-20,1681
-69,1679
32,1678
-93,1677
20,1676
-96,1675
50,1674
42,1673
-17,1672
1,1671
20,1670
-97,1669
-12,1668
64,1666
49,1665
-36,1664
-89,1663
-71,1661
-59,1660
-13,1659
-72,1658
-17,1657
-56,1656
-17,1654
50,1653
66,1652
-95,1651
63,1650
-55,1649
32,1648
-83,1647
96,1645
91,1644
60,1643
-37,1642
-75,1640
30,1638
-91,1637
77,1635
-22,1633
-96,1632
-2,1631
63,1630
-63,1629
8,1628
-72,1627
46,1626
50,1625
51,1624
-37,1623
39,1622
-24,1621
17,1620
-64,1618
22,1617
11,1616
-3,1615
50,1613
-42,1612
95,1611
57,1610
30,1609
63,1608
34,1607
-83,1606
-4,1605
-60,1604
20,1603
25,1602
41,1601
96,1600
67,1599
12,1598
34,1597
86,1596
4,1595
-90,1591
-58,1590
63,1588
-57,1587
-39,1586
-39,1585
85,1584
29,1583
58,1582
99,1581
20,1580
16,1579
-32,1578
-87,1577
35,1576
-42,1575
-33,1574
99,1573
-77,1572
24,1570
68,1569
-2,1568
-12,1567
5,1566
-65,1565
87,1564
18,1563
16,1562
11,1560
-83,1558
93,1557
-76,1555
-61,1552
-86,1551
-13,1549
30,1547
-11,1546
-41,1545
-71,1544
29,1542
8,1540
-65,1536
-60,1532
-44,1530
-12,1529
24,1528
61,1527
-34,1526
77,1525
47,1524
39,1523
-37,1522
68,1521
2,1520
70,1519
-66,1518
36,1517
4,1516
-2,1515
-72,1514
-79,1513
24,1511
57,1510
-20,1509
-19,1508
35,1507
98,1506
-50,1504
61,1502
46,1501
-80,1500
-30,1497
-36,1496
89,1495
-45,1494
65,1493
-53,1492
-73,1491
41,1489
24,1488
52,1486
76,1485
-56,1482
29,1481
99,1480
-19,1479
-69,1478
-18,1477
-73,1476
15,1475
-87,1474
-38,1473
-25,1472
70,1471
1,1468
14,1467
47,1466
-85,1465
7,1463
-96,1462
27,1461
70,1460
-15,1459
-97,1458
-15,1456
-85,1455
52,1454
-64,1453
-55,1452
69,1451
-45,1450
73,1449
77,1448
-77,1446
-58,1445
44,1444
-66,1443
-38,1442
97,1441
-4,1440
-30,1439
78,1438
-84,1437
15,1436
-47,1435
13,1434
-79,1431
-11,1428
-78,1427
-61,1426
-17,1424
-55,1423
57,1422
20,1421
-31,1420
-23,1418
64,1417
68,1416
-37,1415
-41,1414
96,1413
-62,1412
99,1411
-14,1407
51,1406
74,1405
97,1404
-47,1403
42,1402
84,1401
-1,1400
42,1399
-96,1398
21,1397
1,1395
-62,1394
90,1393
-7,1390
-54,1389
-65,1388
23,1387
-98,1386
-73,1385
-25,1384
30,1383
31,1382
-2,1380
81,1377
76,1375
-77,1374
41,1373
29,1372
-15,1371
30,1370
30,1368
35,1367
-60,1365
19,1364
89,1363
56,1362
-19,1361
-92,1360
31,1359
-66,1358
-100,1357
-94,1356
5,1355
60,1353
82,1352
13,1350
6,1349
-52,1347
-32,1344
69,1343
95,1342
63,1340
24,1338
6,1336
47,1335
71,1333
62,1330
56,1329
-79,1328
6,1327
-92,1326
-54,1324
-32,1323
-20,1322
-50,1319
82,1318
-85,1317
-90,1316
-18,1315
92,1313
19,1312
-75,1310
-35,1309
-97,1308
-77,1307
-94,1306
58,1305
23,1304
14,1298
-92,1297
-28,1296
8,1295
-36,1294
-91,1293
48,1292
-99,1291
-88,1288
36,1287
32,1285
-47,1283
-23,1282
42,1281
-37,1280
-7,1279
-1,1278
-84,1277
96,1276
58,1275
-90,1274
-62,1272
-36,1270
-40,1268
-24,1266
-15,1265
31,1263
54,1261
-91,1259
79,1257
-4,1256
29,1255
-84,1254
87,1253
-87,1252
-57,1251
-2,1250
22,1249
-68,1247
76,1246
64,1244
-8,1243
-30,1241
-50,1240
-52,1239
-38,1238
0,1237
-95,1234
92,1233
-72,1232
64,1231
-100,1230
-46,1229
29,1228
-24,1227
-20,1225
-38,1223
-69,1222
-28,1221
47,1220
-49,1219
-100,1218
28,1217
-90,1216
2,1215
21,1214
-80,1213
33,1212
-28,1211
-3,1210
-87,1209
82,1207
-23,1204
1,1203
-64,1202
30,1201
100,1200
0,1199
-8,1198
-35,1195
-27,1194
-24,1193
89,1192
69,1191
-30,1190
-69,1189
-20,1188
-1,1186
-82,1185
-30,1184
-43,1183
-88,1182
81,1181
-61,1180
-3,1179
-82,1177
-86,1176
85,1175
-79,1174
78,1173
-34,1172
71,1171
76,1170
51,1169
51,1168
-1,1167
-10,1166
-49,1165
-20,1164
-31,1163
-28,1162
-5,1161
-18,1160
-45,1159
75,1158
28,1155
-66,1154
-9,1152
-11,1151
95,1150
26,1149
78,1148
-14,1147
-33,1146
-25,1143
11,1142
15,1141
17,1139
93,1138
59,1137
34,1136
-100,1135
91,1132
100,1131
22,1130
98,1128
95,1127
-44,1126
-78,1124
13,1123
-33,1122
60,1121
68,1120
-51,1118
-2,1116
-13,1115
66,1113
-46,1112
-66,1111
27,1110
-47,1108
58,1107
-4,1105
-98,1103
-82,1101
-56,1100
-70,1098
-59,1097
7,1095
79,1093
-93,1092
-26,1091
-55,1089
-18,1088
70,1087
-60,1085
-27,1084
98,1083
-84,1081
-54,1080
13,1078
-20,1076
72,1075
-34,1074
23,1073
-25,1072
42,1071
100,1070
-95,1069
-58,1068
-48,1067
27,1066
84,1064
-74,1063
86,1062
-24,1061
-22,1060
-74,1059
-79,1058
-18,1057
68,1056
-100,1055
-93,1054
22,1053
-28,1052
-51,1051
47,1050
36,1046
-51,1045
69,1044
73,1043
95,1041
80,1040
71,1039
-19,1037
7,1036
7,1034
11,1033
92,1032
45,1031
-99,1030
88,1029
-7,1028
-28,1026
45,1024
-59,1023
2,1022
55,1021
59,1020
97,1019
12,1018
3,1017
-71,1016
5,1014
6,1013
-1,1012
-39,1010
-13,1009
36,1008
-21,1007
10,1005
54,1003
-84,1002
51,1001
-73,999
-6,998
31,997
-53,996
-93,995
79,994
-96,991
-86,990
-98,988
33,987
19,985
87,984
-43,982
-86,981
20,980
-22,979
1,977
-44,975
-43,974
-73,973
-74,972
-76,968
-88,967
-71,966
53,964
54,963
75,961
22,959
-23,957
65,956
58,955
94,953
59,952
-52,951
25,950
-6,949
-57,947
-10,946
-27,944
-42,943
31,942
36,941
-14,940
65,938
-21,936
-4,935
21,934
85,932
25,931
-1,930
-20,928
9,927
-35,926
27,925
-33,924
31,922
35,919
65,917
62,914
99,913
28,912
-9,911
-60,910
-63,909
-12,908
-34,907
18,906
23,905
-94,904
-2,903
-57,901
-47,900
94,899
12,898
14,896
-26,894
88,893
27,890
-66,889
-32,887
-21,886
57,885
38,884
61,883
80,878
36,877
45,875
-12,874
67,873
-55,872
96,871
52,867
-98,865
-100,864
82,863
-89,862
85,861
-30,860
42,858
-5,857
16,856
-96,855
-19,854
97,853
28,852
62,850
73,849
68,848
57,847
94,845
44,844
33,843
17,842
73,841
-45,839
30,838
-70,837
12,836
46,835
43,834
46,833
-7,832
-46,831
-65,830
-22,829
22,828
-88,827
30,826
-30,825
82,822
-85,821
78,820
100,819
84,818
-78,816
-34,815
-36,814
-79,812
15,811
28,810
-26,809
79,808
41,807
41,806
-85,805
56,803
-87,800
-7,799
-24,798
30,797
-93,794
-50,793
-29,792
49,790
-66,789
-99,788
76,787
86,786
-89,785
65,784
-28,783
26,781
44,780
2,779
-96,777
-28,776
53,775
-37,773
-10,772
-34,771
2,770
86,769
-86,766
-78,765
55,764
-47,763
0,761
-44,758
97,755
-12,753
-82,750
73,749
-42,746
-62,745
-36,744
36,743
58,742
60,741
99,740
-100,739
94,738
-89,737
5,736
-86,735
-81,734
45,733
45,732
-61,730
23,728
-68,727
38,726
-82,725
31,724
-15,723
70,722
48,720
-53,719
9,718
80,717
-36,716
62,714
59,713
-9,712
72,711
83,708
0,707
47,706
-4,704
5,703
100,701
-94,700
7,699
-97,697
-36,695
-40,694
24,693
-24,692
78,691
99,688
-15,687
48,685
-68,683
88,682
-92,681
-75,680
14,679
-56,678
-12,676
83,675
-83,673
66,672
72,671
33,670
76,669
-95,668
-65,667
-57,666
33,665
-34,664
76,662
46,661
-10,660
-16,659
69,658
-16,657
27,655
-60,654
-15,653
72,652
-36,651
-4,650
9,649
70,648
86,647
-91,646
75,645
-85,644
16,643
-6,642
-54,641
-84,640
78,637
97,636
71,635
-74,633
-65,632
-96,629
-92,628
10,627
-3,625
-98,624
-16,623
-12,622
93,620
-61,619
-95,617
-15,616
-52,615
4,612
58,611
64,610
34,609
-79,608
37,607
-62,606
91,605
77,604
-2,602
69,601
-43,600
-48,599
-1,598
-37,597
-89,595
74,594
-61,592
85,590
-91,589
-65,588
-40,586
-92,585
65,584
-17,582
-18,581
63,580
-19,578
33,577
76,576
-22,575
82,574
-68,573
66,572
56,571
82,570
-14,568
-41,567
-82,566
-85,565
8,564
3,562
-79,561
17,559
-2,558
-23,556
34,555
16,554
-73,553
19,552
56,551
-56,550
-49,548
65,547
86,546
-70,545
32,543
73,541
59,540
24,538
29,537
6,536
-23,535
-29,534
19,533
71,531
-84,530
-57,529
-63,528
73,527
11,526
24,525
57,523
-49,522
92,521
-29,519
64,517
-52,515
0,514
65,513
-83,512
-28,511
-7,510
-32,509
-61,508
54,507
-26,506
-19,505
-99,504
-67,503
94,502
-92,501
-68,500
82,499
81,498
-24,496
94,494
-67,492
92,491
57,490
44,489
92,488
58,487
84,486
94,485
91,484
13,482
-57,481
49,479
70,478
-78,477
44,476
-41,474
97,473
84,471
60,470
13,469
18,468
15,467
-70,466
73,465
-98,464
-25,463
74,461
65,460
25,459
-15,457
38,456
-96,454
53,453
90,452
27,451
55,450
99,449
98,448
69,447
-46,445
-49,444
22,442
-73,440
77,439
-62,438
-1,437
-34,436
-36,434
27,433
-52,432
94,431
-19,429
-56,427
76,425
33,423
3,422
-18,421
-40,420
-100,419
72,418
89,417
49,416
-16,413
-14,412
96,411
12,410
-8,409
51,408
-27,407
-65,406
-38,404
-72,403
-39,399
5,398
75,396
27,395
36,394
-25,393
-57,390
-84,388
44,387
14,386
-45,385
-42,384
77,383
57,382
-63,381
-50,380
6,379
26,378
18,377
-68,376
12,375
-73,374
19,373
36,372
92,371
39,370
92,368
1,367
-34,366
-19,365
-13,364
80,363
55,360
4,358
-43,357
-93,356
93,353
51,352
20,350
-35,348
53,346
91,345
-92,344
5,343
-3,342
52,341
98,340
54,339
38,337
15,336
82,335
7,332
71,330
-74,328
7,327
-52,326
44,325
58,324
-49,323
76,322
35,321
96,320
-89,318
-7,316
-11,315
-55,312
5,311
-87,310
-75,309
3,308
49,306
-88,304
-19,303
15,302
-67,300
4,299
-5,298
17,293
6,291
14,290
21,287
79,285
98,283
-38,282
-9,278
34,277
-17,276
-46,274
-51,273
54,272
5,271
-81,270
-30,267
53,266
70,265
100,264
-74,263
26,262
-23,261
-97,259
-60,258
-54,256
-48,255
94,254
-84,252
88,251
-20,250
18,249
66,248
-44,247
15,246
83,245
-13,244
-86,243
-52,242
-36,239
-13,238
47,237
-74,236
-60,235
-45,234
-45,233
75,232
81,230
-69,229
-79,228
-43,227
13,226
-91,224
78,223
-85,222
85,221
-23,220
99,219
-5,218
15,217
42,216
-69,215
-64,214
-10,213
80,212
30,210
91,209
90,208
80,207
47,206
-22,205
-42,204
48,203
66,200
-86,199
33,198
98,197
-27,196
-87,194
71,193
17,192
35,191
-45,189
-76,188
-50,187
66,186
78,185
32,184
-25,182
-79,181
-26,180
71,179
48,178
-66,177
57,176
76,175
-37,174
-85,173
-27,172
93,171
-49,170
-79,169
68,168
91,166
-51,165
80,164
44,163
61,161
25,158
-14,157
-68,156
-39,155
-35,153
42,152
-25,149
-5,148
-32,147
84,146
-10,145
-33,141
40,140
-50,139
49,138
-33,137
7,135
-1,134
2,133
43,131
-78,130
-98,128
23,127
-70,126
-84,124
-35,123
16,122
-49,121
70,120
42,119
43,118
-2,117
37,116
77,115
24,114
-14,113
-74,112
-68,111
85,109
11,108
78,106
-51,105
-40,104
-70,103
2,102
4,101
43,100
-83,99
-65,96
43,95
83,94
83,93
-17,91
11,90
-92,89
18,88
-62,87
28,86
61,85
92,81
13,79
-33,78
-83,76
-87,75
84,74
-54,73
84,72
-82,67
-49,65
-58,64
82,63
-21,62
-39,61
41,60
24,59
96,57
-9,56
-35,54
-39,52
66,51
24,50
-53,49
90,48
23,47
65,46
23,44
-39,43
31,41
12,40
41,38
-84,37
-42,36
55,33
-50,32
95,31
11,28
-22,27
40,26
-68,24
-35,23
14,22
92,21
-33,20
-5,18
81,17
-99,16
-55,15
-49,14
52,13
65,12
-60,11
-41,9
82,8
61,7
-28,5
-35,3
25,2
-67,0
