-1,9998
-15,9997
-6,9995
-51,9994
-33,9993
-47,9992
-55,9990
-18,9989
-49,9988
74,9986
46,9985
-59,9984
-62,9983
46,9982
-11,9981
5,9980
-52,9979
-42,9978
26,9977
-31,9975
34,9974
22,9973
86,9972
42,9970
-12,9969
85,9968
13,9966
-38,9963
-85,9962
-20,9961
-40,9960
50,9959
32,9958
-64,9957
-58,9955
-66,9954
-65,9952
-90,9951
24,9950
73,9948
-28,9947
72,9946
-27,9945
-11,9944
-98,9943
12,9942
-21,9939
-88,9938
3,9937
57,9935
64,9934
87,9933
35,9932
99,9931
14,9930
22,9928
41,9927
-57,9926
-21,9924
81,9923
-27,9922
-54,9921
47,9920
23,9919
-67,9918
83,9917
29,9915
-78,9913
93,9912
-98,9911
-51,9910
-66,9909
-41,9908
74,9906
24,9905
-6,9904
73,9903
-67,9902
-10,9901
42,9900
-76,9899
93,9898
-41,9895
-50,9894
100,9893
58,9891
-46,9889
6,9888
-73,9887
-87,9886
-59,9885
-90,9884
-65,9883
-18,9882
32,9881
-97,9880
-86,9879
-44,9878
5,9877
-55,9875
-52,9874
-16,9873
50,9872
-93,9871
-42,9870
-4,9869
88,9867
34,9866
1,9865
95,9864
84,9863
-89,9861
19,9860
-40,9859
42,9858
98,9857
21,9855
91,9854
51,9852
1,9851
-99,9846
-42,9845
95,9844
26,9843
10,9842
94,9841
-15,9840
100,9839
60,9838
86,9835
58,9833
-44,9831
100,9829
-39,9828
-67,9827
24,9826
94,9825
-57,9822
99,9821
49,9818
99,9817
12,9816
-85,9815
37,9814
39,9813
31,9812
-13,9811
54,9810
-100,9809
44,9808
-99,9807
5,9805
16,9803
-47,9800
45,9799
94,9798
20,9797
-36,9793
-43,9792
-8,9791
-12,9788
-48,9787
51,9786
-100,9784
-62,9783
85,9782
-90,9781
13,9780
-17,9779
-38,9778
-94,9777
4,9776
-60,9775
42,9774
-10,9771
-4,9770
-61,9768
-9,9767
64,9764
-46,9762
-34,9761
34,9760
-14,9759
60,9758
-18,9757
95,9756
-30,9754
44,9752
76,9751
28,9750
70,9749
95,9748
-73,9747
-51,9746
97,9742
18,9740
-51,9739
13,9738
-18,9737
-47,9735
-5,9734
65,9733
81,9732
-8,9731
-59,9730
-5,9729
-8,9728
45,9727
79,9724
-44,9723
63,9722
-70,9720
-8,9719
-32,9718
14,9717
-40,9715
31,9714
46,9713
13,9712
-88,9710
-89,9709
-32,9708
31,9707
-56,9706
-22,9705
2,9704
-61,9703
-76,9700
-29,9697
-89,9693
24,9692
-5,9691
-24,9685
-72,9684
-12,9683
93,9680
-64,9679
-68,9678
4,9677
-34,9676
-21,9675
-71,9673
11,9672
-78,9671
-53,9670
-43,9666
19,9665
56,9664
2,9663
16,9662
-16,9661
-93,9660
-25,9658
-59,9655
-45,9652
88,9648
92,9647
-28,9646
53,9645
0,9644
55,9643
84,9642
-13,9641
-31,9640
72,9639
-50,9638
-28,9636
27,9635
73,9634
-82,9633
90,9632
-15,9630
-92,9628
-96,9627
-29,9626
-8,9625
76,9624
-76,9623
35,9622
-31,9621
87,9620
84,9619
18,9617
-93,9616
-20,9615
-25,9614
-86,9613
-56,9611
42,9609
91,9607
45,9606
100,9603
-1,9602
68,9601
95,9600
-46,9599
-17,9598
59,9594
-79,9591
-90,9590
32,9589
-80,9588
-8,9587
27,9586
27,9584
45,9583
48,9582
-50,9579
55,9576
88,9575
35,9574
27,9573
-21,9572
11,9571
28,9570
-94,9569
-10,9568
-13,9567
78,9566
69,9565
-52,9564
-58,9563
83,9562
68,9561
30,9559
-81,9557
-21,9556
-60,9551
-19,9550
-32,9549
77,9548
24,9546
-52,9545
-99,9544
0,9543
70,9542
-2,9539
-100,9537
64,9536
-79,9535
80,9533
27,9531
-64,9530
-95,9529
-68,9528
75,9526
-92,9525
-47,9524
51,9523
99,9521
-72,9520
79,9519
66,9518
-31,9517
-44,9516
-75,9515
53,9514
-86,9513
-49,9512
84,9510
-70,9508
-73,9506
-81,9504
81,9503
-65,9502
23,9501
-28,9500
52,9497
5,9495
-70,9494
69,9493
-63,9492
-6,9489
61,9488
-79,9487
86,9486
0,9485
-31,9484
-55,9483
-14,9482
12,9481
-92,9480
-26,9479
38,9476
-90,9475
29,9474
-39,9473
-72,9472
94,9471
-33,9466
-75,9465
8,9464
-28,9463
-15,9460
42,9459
61,9458
68,9457
64,9456
-43,9455
100,9454
-100,9453
-83,9452
-79,9451
79,9450
-69,9449
18,9448
-29,9447
-50,9445
-100,9443
55,9439
-93,9438
-18,9437
-95,9436
-1,9435
-57,9434
-92,9433
-93,9432
13,9431
14,9430
3,9429
60,9428
86,9427
-73,9426
12,9425
4,9424
-19,9423
52,9419
4,9417
-69,9415
-92,9414
-80,9412
-82,9411
-43,9410
8,9408
88,9406
-1,9405
-75,9404
-59,9402
-4,9401
21,9399
41,9398
46,9397
3,9396
-24,9393
38,9390
60,9389
-57,9388
-34,9387
-81,9386
-67,9385
-43,9384
82,9383
11,9381
52,9380
1,9378
-47,9376
-72,9375
38,9374
24,9373
-13,9372
-53,9370
-64,9367
-21,9365
-63,9364
-4,9363
13,9362
29,9361
-98,9360
79,9359
-17,9358
73,9356
-37,9355
-77,9354
3,9353
26,9351
-42,9350
-14,9348
-23,9347
31,9346
92,9344
19,9343
-20,9342
78,9341
92,9339
-72,9338
48,9337
-1,9334
87,9333
-9,9332
-100,9331
22,9329
35,9328
29,9327
-46,9326
11,9325
-61,9324
69,9323
-76,9322
-19,9321
52,9320
36,9319
-86,9318
80,9317
-32,9316
13,9315
-38,9314
-62,9313
-50,9312
18,9311
28,9310
-65,9309
63,9308
-39,9306
77,9302
56,9301
9,9300
-31,9299
-63,9298
74,9297
-65,9296
100,9294
-80,9293
47,9292
5,9290
59,9289
-44,9288
-48,9287
-68,9284
-17,9282
-31,9281
6,9279
-77,9278
-18,9277
-68,9276
-36,9275
-58,9274
29,9272
84,9271
75,9270
-23,9268
-77,9267
29,9266
-43,9265
-51,9264
23,9262
97,9261
58,9259
-2,9258
95,9257
51,9256
-1,9255
-10,9254
35,9253
83,9251
-65,9249
34,9248
85,9247
58,9245
47,9244
98,9243
-54,9242
93,9241
-34,9239
-82,9237
6,9236
98,9235
51,9234
39,9231
-14,9230
70,9229
59,9228
94,9227
-85,9225
-19,9224
-4,9223
98,9221
71,9219
-35,9218
-18,9213
93,9212
48,9211
46,9209
-80,9208
-69,9207
-4,9206
65,9204
11,9203
39,9202
22,9201
-54,9200
0,9199
40,9198
63,9197
-77,9195
-45,9194
-66,9193
25,9191
72,9190
-6,9189
-71,9188
35,9187
45,9186
-30,9184
-30,9183
-22,9182
83,9181
66,9180
27,9179
-79,9178
-88,9177
-48,9176
49,9175
77,9174
18,9172
91,9171
75,9169
-45,9168
45,9166
-30,9165
57,9163
-72,9162
-97,9161
18,9160
85,9159
-1,9157
-17,9156
73,9155
19,9154
-2,9153
-77,9152
100,9151
-38,9150
-28,9149
32,9148
-74,9147
-83,9146
56,9144
-78,9142
82,9140
98,9139
-83,9136
91,9135
-46,9134
-88,9133
51,9130
-30,9129
7,9127
12,9125
60,9123
100,9122
12,9121
-72,9120
73,9117
-79,9116
41,9113
70,9112
65,9110
-6,9106
-11,9105
-1,9103
-69,9102
-86,9101
51,9100
-39,9099
64,9098
73,9097
-86,9095
-20,9094
-98,9092
-64,9091
-12,9090
-26,9089
-45,9088
-40,9087
93,9086
-16,9085
-14,9083
-38,9082
96,9080
72,9078
75,9077
43,9076
78,9075
-12,9074
-85,9073
-11,9071
-40,9068
-56,9065
-53,9064
24,9063
2,9062
55,9061
1,9059
-89,9058
60,9057
7,9056
32,9055
23,9054
98,9053
0,9051
96,9048
-6,9047
-73,9046
44,9045
47,9042
81,9041
18,9040
-47,9039
37,9038
-41,9037
-69,9036
20,9035
3,9033
85,9032
-50,9031
-50,9030
25,9028
-28,9027
31,9026
-61,9024
-3,9023
-72,9022
35,9020
92,9019
-63,9017
45,9016
83,9015
84,9014
9,9013
27,9012
-87,9010
35,9009
21,9008
78,9007
-97,9006
-25,9005
-95,9004
-81,9003
-83,9002
-77,8999
44,8998
-64,8994
-85,8993
-51,8992
-8,8991
-35,8990
36,8989
48,8988
13,8987
-37,8986
77,8984
-26,8983
29,8982
9,8981
89,8980
-24,8979
47,8978
-24,8976
-22,8975
-43,8974
7,8973
32,8972
-9,8971
-98,8970
70,8969
-59,8967
-54,8965
68,8963
-58,8962
73,8961
-57,8960
18,8957
-86,8956
42,8955
93,8954
55,8953
-14,8952
-31,8951
-81,8949
98,8948
-77,8947
22,8943
12,8942
-70,8941
80,8939
27,8937
57,8935
-33,8934
25,8933
11,8931
-92,8929
87,8928
-53,8927
36,8925
48,8924
-41,8923
-16,8922
47,8921
9,8919
-61,8918
-96,8916
-97,8915
-47,8914
-23,8913
18,8912
57,8911
62,8909
97,8908
42,8907
53,8906
82,8905
-93,8904
49,8903
-47,8901
-62,8900
-10,8898
22,8897
69,8896
5,8894
24,8893
5,8892
15,8891
22,8890
44,8889
100,8888
-95,8886
-48,8885
-72,8884
3,8883
86,8882
26,8881
98,8880
54,8879
-9,8878
4,8877
91,8876
-72,8875
95,8874
93,8873
-71,8872
-78,8871
-32,8870
68,8869
-84,8867
-53,8866
-38,8864
-93,8862
1,8859
-62,8858
35,8857
-73,8855
15,8854
95,8853
24,8851
2,8850
-20,8849
54,8848
13,8847
24,8846
-13,8845
-83,8843
100,8842
96,8841
85,8839
-51,8838
-93,8836
14,8835
76,8834
-85,8833
97,8832
92,8831
-78,8830
30,8829
13,8828
-44,8827
-46,8826
-25,8825
80,8824
-92,8823
-69,8821
19,8820
76,8818
-38,8817
3,8816
-86,8815
59,8814
-99,8811
-18,8807
90,8806
70,8804
-18,8803
-65,8801
90,8800
30,8797
-42,8796
67,8795
62,8794
-17,8793
-54,8792
99,8791
-69,8790
14,8789
51,8788
-9,8786
-74,8784
54,8783
-31,8781
-51,8779
68,8778
79,8777
-55,8776
2,8774
-89,8773
-74,8772
1,8769
35,8768
14,8766
54,8765
-2,8764
53,8761
-97,8760
-99,8759
-56,8758
65,8757
81,8756
51,8755
-9,8754
68,8753
87,8752
70,8750
-17,8749
1,8748
86,8747
-92,8746
96,8745
39,8744
-34,8743
-26,8739
71,8737
92,8736
-96,8735
10,8734
53,8733
97,8731
-28,8730
45,8729
59,8728
84,8727
-94,8726
-41,8725
86,8722
-78,8721
-81,8720
-9,8718
-37,8717
91,8716
79,8715
-32,8712
54,8711
-58,8710
-95,8709
60,8708
88,8707
2,8706
0,8705
-17,8703
5,8702
5,8701
-54,8700
-36,8699
59,8698
57,8696
-69,8695
-13,8694
15,8693
-60,8692
-86,8691
61,8690
38,8688
21,8687
43,8686
-67,8685
31,8684
-89,8683
-11,8682
-68,8681
78,8680
91,8678
-30,8677
15,8676
44,8675
8,8674
-34,8673
40,8672
96,8671
24,8670
-29,8669
-5,8668
-48,8666
94,8665
-52,8664
41,8663
-74,8662
-22,8661
28,8660
65,8659
92,8658
9,8656
-92,8655
64,8653
53,8652
-87,8651
-18,8649
-65,8647
6,8646
23,8645
30,8643
-44,8642
-43,8641
50,8639
7,8638
50,8637
33,8636
87,8635
-63,8633
4,8631
70,8630
-63,8629
-42,8628
5,8626
22,8625
-85,8624
-40,8623
-17,8621
82,8620
-95,8619
-100,8617
44,8616
-12,8615
31,8614
-88,8613
2,8612
4,8611
9,8609
10,8608
-82,8606
6,8605
-55,8604
-14,8603
-85,8602
-19,8601
71,8599
-61,8598
-37,8597
44,8596
-57,8594
43,8593
0,8591
82,8590
4,8589
50,8588
-45,8587
50,8586
74,8585
-81,8584
-1,8583
-11,8582
67,8581
48,8580
32,8579
-56,8578
21,8576
98,8575
89,8573
34,8572
74,8571
23,8570
4,8569
90,8568
-18,8567
99,8566
33,8565
-72,8564
-3,8563
-79,8562
-28,8560
-87,8559
19,8554
41,8552
71,8551
-82,8550
-47,8549
-44,8547
-75,8546
21,8544
68,8543
-44,8541
-33,8540
-82,8539
-42,8537
79,8536
-30,8535
-95,8533
92,8531
-19,8530
93,8528
-4,8527
-19,8525
53,8524
100,8523
46,8522
-60,8521
77,8520
-46,8519
47,8518
73,8517
-51,8516
53,8515
-80,8514
35,8513
79,8512
-46,8511
-91,8509
21,8508
74,8507
-86,8506
-34,8505
56,8504
-98,8503
-67,8501
-2,8500
-53,8499
-95,8498
-55,8497
52,8496
-68,8495
55,8494
-68,8493
-85,8492
92,8490
58,8489
-32,8488
-47,8486
55,8484
57,8483
2,8482
61,8480
-56,8479
12,8478
-48,8477
47,8474
82,8473
-50,8472
30,8471
40,8470
-57,8469
17,8468
71,8467
37,8466
-23,8464
47,8463
24,8460
-17,8459
-78,8457
84,8456
-77,8455
54,8453
34,8451
-16,8450
84,8448
-4,8447
80,8446
-14,8445
-15,8444
-24,8443
-78,8442
77,8440
-93,8439
-91,8438
65,8437
-68,8436
-95,8435
-76,8434
-50,8432
2,8431
26,8430
97,8429
38,8428
-81,8427
-51,8425
-87,8424
16,8423
87,8422
-40,8421
-67,8420
100,8419
36,8418
-77,8417
-19,8416
17,8414
57,8413
6,8410
-52,8409
5,8408
66,8406
-55,8405
50,8403
-85,8400
-15,8399
-71,8397
-52,8396
35,8394
33,8393
-21,8392
-47,8390
-89,8389
9,8388
-61,8387
59,8386
-5,8384
-44,8383
-23,8382
-29,8380
98,8379
-39,8377
-93,8376
97,8374
-49,8373
92,8372
-32,8371
-22,8370
37,8369
-69,8368
-14,8367
-34,8366
-67,8365
-85,8364
-88,8363
62,8362
-69,8361
-58,8359
69,8357
-55,8356
59,8352
-83,8351
-26,8349
82,8347
1,8346
-14,8345
56,8344
-15,8343
-77,8342
68,8340
-80,8339
-6,8338
-96,8337
26,8336
-61,8335
97,8334
3,8333
-65,8332
-83,8331
66,8330
47,8328
-71,8326
-22,8325
-1,8324
16,8323
-38,8322
-68,8321
-21,8320
22,8319
-57,8318
41,8317
50,8314
-68,8313
-5,8311
38,8309
92,8308
42,8306
36,8304
90,8303
-88,8302
-41,8299
43,8298
14,8297
78,8293
18,8292
-75,8291
-30,8290
76,8287
-14,8286
47,8285
-80,8283
-42,8282
69,8280
45,8279
-51,8278
-22,8277
-78,8276
27,8275
49,8273
-30,8272
82,8271
-28,8270
-46,8269
5,8268
-71,8267
68,8263
80,8262
98,8261
56,8260
-12,8258
-14,8257
-94,8255
-86,8254
-60,8250
-45,8249
-26,8248
28,8245
-86,8243
72,8242
63,8240
-86,8239
-47,8236
-24,8235
-90,8234
-81,8233
-40,8231
-1,8230
-75,8229
-1,8228
5,8227
-2,8226
-6,8225
8,8224
74,8223
-22,8222
-3,8221
29,8220
36,8219
51,8218
-49,8217
54,8215
-56,8214
68,8213
49,8212
-5,8211
-74,8210
64,8209
-33,8208
41,8207
82,8206
14,8205
-70,8204
-15,8202
3,8200
-30,8198
-29,8197
83,8195
-87,8194
-75,8193
14,8192
-56,8191
-2,8190
91,8189
80,8188
-58,8187
65,8186
44,8185
4,8184
-81,8183
38,8182
-17,8181
-89,8180
-21,8179
92,8177
31,8175
-57,8174
65,8170
22,8169
-26,8167
-32,8166
-10,8165
15,8163
-45,8162
54,8161
-82,8160
-80,8158
-96,8157
-21,8156
-6,8155
-83,8153
32,8152
-4,8151
-72,8150
28,8149
-22,8147
-28,8146
79,8144
-53,8143
23,8141
46,8140
-62,8139
44,8137
30,8136
33,8135
84,8134
76,8133
-36,8131
20,8130
-8,8129
71,8128
62,8127
18,8126
-91,8125
-11,8123
11,8122
-36,8121
-15,8120
-90,8119
94,8116
-75,8115
98,8114
5,8113
74,8111
-71,8110
-73,8109
-1,8108
-67,8106
-82,8104
-81,8102
79,8100
-33,8099
-31,8096
15,8095
-58,8094
60,8092
42,8091
39,8089
-67,8088
48,8087
33,8086
99,8085
85,8084
-85,8083
65,8082
-43,8080
29,8079
8,8078
69,8077
-59,8076
65,8075
95,8073
96,8072
100,8071
88,8070
20,8069
-51,8068
-6,8066
-99,8065
-16,8063
-44,8062
56,8061
-5,8060
27,8059
-48,8058
-91,8057
-32,8056
26,8055
-3,8052
24,8051
15,8050
52,8049
65,8048
-23,8047
53,8046
-15,8044
-12,8042
64,8041
-26,8040
60,8039
-93,8038
-26,8037
-49,8036
30,8034
-42,8033
-56,8032
-33,8031
-22,8030
100,8028
-56,8027
40,8026
-6,8025
-26,8023
-39,8022
77,8021
-66,8019
97,8018
22,8015
13,8014
57,8012
73,8011
91,8010
-70,8008
83,8006
64,8004
-18,8003
89,8001
89,8000
-100,7999
67,7998
2,7997
-36,7996
-92,7995
99,7994
71,7993
-25,7992
-88,7990
-27,7989
-40,7988
-93,7987
-47,7986
-23,7985
89,7983
-47,7982
-93,7981
-18,7980
41,7979
31,7978
-2,7977
33,7975
4,7974
-96,7973
-4,7972
-33,7971
-88,7969
-44,7967
84,7966
-61,7965
-6,7964
8,7963
-42,7962
65,7961
-51,7960
84,7959
-62,7958
42,7957
-74,7956
41,7954
-69,7952
32,7951
62,7949
68,7948
-47,7947
51,7946
-93,7944
29,7941
88,7940
29,7939
95,7937
-21,7936
5,7935
-1,7934
23,7933
30,7931
-64,7930
87,7929
-57,7928
65,7925
-71,7924
26,7922
70,7919
85,7918
-65,7916
20,7915
-96,7913
-75,7912
84,7911
-87,7910
44,7909
40,7908
-4,7907
-19,7905
97,7903
70,7902
-36,7901
-31,7899
63,7897
-84,7895
-95,7891
-23,7889
-88,7887
-66,7886
-59,7883
14,7882
4,7881
-46,7880
-20,7877
-47,7876
47,7875
-61,7874
-74,7873
88,7872
-16,7871
95,7870
-78,7869
34,7868
-10,7866
20,7865
-3,7864
-14,7862
-46,7861
99,7860
-93,7858
49,7857
50,7855
-99,7854
30,7853
18,7852
-4,7851
-43,7850
-41,7849
-98,7848
57,7846
56,7845
-58,7844
-69,7842
-9,7841
37,7840
45,7839
68,7836
-59,7835
55,7834
32,7833
-6,7832
-20,7829
-16,7828
-89,7827
-99,7826
74,7824
-3,7823
-5,7822
55,7821
62,7820
-73,7819
-52,7818
31,7817
-59,7816
-32,7815
30,7814
-55,7813
-77,7812
70,7811
11,7810
-19,7808
-88,7807
37,7805
27,7804
38,7803
-77,7801
53,7800
-39,7799
100,7798
8,7794
19,7792
-5,7791
35,7790
69,7789
-10,7788
-80,7787
-98,7786
15,7783
15,7780
-22,7779
-73,7778
-49,7776
-63,7775
42,7774
-83,7773
-16,7772
-40,7771
36,7769
-39,7768
0,7767
91,7766
79,7765
66,7764
89,7762
-46,7760
68,7759
77,7758
76,7757
48,7752
-66,7749
-71,7748
-6,7746
-6,7745
45,7743
-69,7742
76,7741
-84,7739
18,7738
19,7737
46,7736
71,7735
-51,7734
91,7733
-41,7732
-36,7730
38,7729
-46,7728
-66,7727
-71,7725
56,7724
-36,7723
-65,7722
-82,7721
71,7720
80,7719
-75,7718
49,7716
45,7715
85,7714
72,7713
53,7712
11,7711
-1,7709
-60,7708
-18,7707
-32,7706
30,7705
89,7704
-62,7703
50,7701
-61,7700
50,7699
-62,7698
-72,7697
52,7696
97,7695
-55,7694
83,7693
85,7691
-58,7689
93,7688
100,7687
10,7686
88,7685
92,7684
-11,7683
100,7682
77,7677
45,7676
22,7673
-25,7672
-35,7668
3,7667
-34,7665
35,7664
-56,7663
-49,7662
-86,7661
9,7659
-64,7658
-20,7656
67,7655
70,7654
-91,7653
-29,7652
-59,7651
-12,7649
-33,7648
39,7647
-87,7646
75,7645
-47,7644
-96,7642
42,7640
79,7639
-62,7638
25,7637
36,7635
13,7633
38,7629
-17,7628
-84,7627
58,7626
75,7625
12,7624
-87,7623
44,7622
-71,7621
-9,7620
-14,7619
-59,7616
-63,7615
-17,7614
-56,7613
-35,7612
-13,7611
-34,7610
-40,7609
32,7608
10,7606
66,7605
55,7604
-32,7602
-10,7600
77,7599
89,7598
61,7596
-75,7595
54,7594
80,7590
71,7588
-50,7586
-69,7585
-93,7584
-48,7583
-32,7582
7,7581
60,7580
34,7579
-29,7578
-89,7577
38,7576
-100,7575
-63,7571
64,7569
-91,7568
-79,7567
57,7564
-65,7562
-90,7561
-54,7560
79,7558
-3,7557
-50,7556
52,7555
25,7553
-59,7551
-34,7550
-87,7549
10,7547
27,7546
-54,7545
63,7544
91,7543
90,7542
-89,7541
8,7539
-1,7538
-40,7534
-83,7533
-42,7532
80,7531
-34,7528
41,7527
-35,7526
-86,7521
67,7520
55,7519
62,7518
-28,7515
-21,7511
22,7510
3,7509
85,7507
-49,7504
-52,7503
-71,7502
75,7500
-60,7499
-84,7498
-47,7497
-41,7496
-100,7495
-23,7494
-51,7493
-22,7492
69,7491
-12,7490
-28,7489
-82,7487
-72,7486
-59,7484
18,7483
-43,7482
-74,7481
-39,7480
66,7479
52,7477
48,7476
-45,7475
97,7471
-71,7470
19,7468
-7,7466
68,7465
23,7464
-72,7463
62,7461
15,7459
-23,7458
-28,7457
26,7456
80,7455
4,7454
89,7453
-62,7452
17,7451
-27,7450
17,7449
-44,7447
-43,7446
5,7444
4,7443
87,7442
85,7441
92,7440
-87,7439
78,7438
-76,7436
-7,7435
-72,7433
-65,7430
14,7429
-7,7428
73,7427
-82,7426
100,7425
-87,7423
52,7422
64,7420
71,7419
-57,7417
-5,7416
47,7414
-15,7413
69,7412
-85,7410
81,7406
51,7405
44,7404
59,7403
-23,7402
48,7400
32,7399
-58,7396
46,7395
61,7394
95,7393
-23,7392
-71,7391
-49,7390
94,7389
-5,7388
3,7387
73,7385
-88,7384
-22,7383
89,7381
5,7380
-44,7379
23,7378
-36,7376
96,7375
91,7374
67,7373
-4,7372
-41,7370
52,7369
6,7368
-82,7367
-73,7365
81,7364
73,7363
82,7361
42,7359
53,7357
-76,7356
-32,7355
59,7354
-47,7352
4,7349
40,7346
-39,7344
-4,7343
-45,7342
10,7340
-35,7339
80,7338
-25,7337
-55,7335
100,7334
-12,7330
8,7329
11,7328
58,7326
-69,7325
-2,7323
27,7322
45,7319
26,7314
-2,7313
30,7312
76,7311
84,7310
-6,7309
-19,7308
-60,7307
95,7306
14,7305
-27,7304
-32,7301
-27,7300
83,7299
88,7298
77,7297
68,7296
63,7294
-63,7293
-32,7292
-4,7291
86,7289
-81,7288
80,7287
-62,7285
-87,7284
18,7283
21,7281
43,7280
-43,7278
-41,7277
-99,7275
-82,7273
15,7272
-89,7270
-7,7269
46,7268
-85,7266
19,7265
-84,7264
9,7263
24,7262
-75,7261
-41,7259
8,7258
42,7256
-21,7255
-53,7254
83,7252
-64,7251
98,7250
23,7248
-85,7247
42,7244
-82,7243
1,7241
-72,7240
-27,7239
43,7238
44,7237
-63,7235
-81,7234
57,7233
96,7232
98,7231
95,7230
94,7229
4,7227
96,7225
-45,7224
54,7222
85,7221
46,7220
68,7218
-31,7217
-100,7216
45,7215
-8,7213
-60,7209
-1,7208
-57,7207
-47,7206
-14,7202
-69,7201
89,7200
26,7199
72,7197
28,7196
-17,7195
34,7194
74,7193
-88,7192
-91,7191
-74,7190
-18,7189
-9,7187
-99,7185
-19,7180
-31,7179
-30,7178
-74,7177
81,7175
-4,7174
-72,7173
69,7172
62,7170
63,7169
-89,7168
59,7162
64,7161
40,7160
-9,7158
76,7157
63,7156
-72,7154
40,7153
77,7152
34,7149
-90,7147
52,7145
73,7144
46,7143
6,7142
-56,7141
14,7139
-29,7137
23,7136
-6,7135
-87,7134
9,7133
-92,7131
71,7130
-99,7129
-70,7128
-30,7127
57,7126
-6,7125
79,7124
16,7123
76,7122
-84,7121
-30,7120
32,7119
13,7118
42,7117
67,7116
-25,7114
-35,7113
-72,7110
90,7109
-85,7108
-65,7107
10,7105
23,7104
-93,7103
51,7102
-85,7101
72,7100
-34,7099
-51,7098
-69,7094
-84,7093
51,7092
-87,7091
32,7089
52,7088
94,7087
19,7086
-90,7085
-94,7084
-83,7083
11,7082
28,7080
11,7079
-8,7078
20,7077
4,7076
-79,7075
7,7074
-42,7073
48,7072
94,7071
61,7070
37,7069
-91,7068
-74,7065
50,7062
-89,7061
61,7059
56,7057
52,7055
99,7054
-49,7053
74,7052
-68,7051
-71,7048
-6,7045
-88,7044
15,7043
-25,7042
1,7040
61,7038
-11,7037
-29,7036
87,7034
78,7033
-98,7032
77,7031
-90,7030
-44,7029
-2,7028
70,7026
-78,7025
10,7023
-59,7021
-81,7020
20,7018
-9,7016
77,7014
25,7012
-82,7010
97,7009
-45,7007
83,7006
-27,7005
-46,7003
-70,7002
56,7001
-85,7000
10,6998
-93,6997
68,6996
-75,6995
70,6994
27,6993
92,6992
27,6991
79,6990
-98,6989
81,6988
62,6987
-36,6986
-47,6981
89,6980
80,6979
57,6978
40,6977
-22,6976
-13,6974
-85,6971
60,6969
-49,6968
59,6967
-31,6965
53,6964
94,6962
-4,6960
57,6959
-74,6958
-65,6957
26,6956
83,6955
-20,6953
74,6952
32,6951
52,6950
94,6949
57,6948
54,6947
-60,6946
92,6944
9,6938
-75,6937
-9,6936
76,6935
-57,6932
58,6931
-73,6929
-18,6928
28,6927
-88,6926
-21,6925
-60,6924
-52,6923
-4,6922
71,6920
-82,6919
-74,6918
83,6916
-74,6915
52,6914
13,6913
86,6912
-10,6911
-63,6909
-85,6908
10,6905
-10,6904
30,6903
88,6902
-70,6901
57,6900
-18,6899
5,6896
87,6894
49,6893
72,6892
-4,6891
79,6890
-44,6889
61,6888
-87,6887
-75,6884
-92,6883
61,6879
-10,6877
-8,6875
48,6873
-60,6872
38,6871
-36,6870
-80,6869
23,6868
-49,6867
45,6866
-37,6865
68,6864
-46,6863
48,6862
83,6861
37,6859
-2,6858
65,6857
-70,6856
-9,6854
46,6853
9,6852
-22,6851
74,6847
13,6846
-32,6845
-42,6844
-81,6841
63,6840
-77,6839
98,6838
100,6837
7,6835
14,6833
98,6832
-23,6830
34,6827
2,6826
-68,6825
-56,6823
46,6822
12,6820
47,6818
95,6815
54,6814
-16,6811
98,6810
-56,6809
12,6807
21,6806
-22,6805
-41,6804
-48,6803
-33,6799
-44,6798
23,6797
-70,6796
-70,6795
-16,6794
-87,6793
98,6792
-82,6788
22,6786
49,6785
-89,6784
-87,6783
-5,6782
-75,6780
-80,6779
86,6778
48,6777
-14,6776
97,6775
-83,6774
-100,6773
32,6772
80,6771
-8,6769
24,6767
-33,6766
-59,6765
-55,6764
-84,6763
2,6761
-6,6760
12,6757
10,6756
22,6755
-18,6752
67,6750
-86,6748
77,6747
51,6746
-90,6745
22,6743
14,6740
19,6739
34,6738
-2,6737
55,6735
57,6733
14,6732
16,6731
-27,6730
-2,6729
-94,6728
100,6727
-42,6725
45,6724
77,6722
-82,6721
53,6719
-27,6718
68,6716
-98,6714
-93,6713
-7,6712
10,6711
5,6710
-9,6708
-91,6707
44,6706
-28,6705
-83,6704
-69,6702
11,6699
75,6698
-53,6697
39,6696
-86,6695
-64,6693
-51,6692
-7,6691
16,6690
-80,6689
-4,6688
-20,6687
-4,6686
0,6684
83,6683
-32,6680
48,6679
-70,6676
-7,6675
95,6674
38,6673
33,6671
-87,6667
93,6666
-35,6665
70,6664
19,6663
-1,6661
31,6660
51,6658
-45,6657
-52,6656
19,6655
-6,6654
60,6653
-28,6651
42,6647
77,6646
-36,6645
-92,6644
-56,6643
0,6642
-32,6640
-24,6639
84,6638
-65,6637
95,6635
-24,6634
-26,6633
-88,6632
10,6631
-98,6630
-80,6627
-3,6626
43,6625
-29,6624
99,6623
-3,6622
49,6621
54,6620
18,6619
-98,6618
54,6617
-19,6615
19,6614
36,6613
-84,6612
-61,6611
-83,6610
-28,6609
-87,6607
-38,6606
84,6605
87,6604
0,6603
-89,6602
84,6601
-7,6599
35,6598
93,6597
82,6596
69,6595
-92,6594
-74,6593
-22,6592
-16,6591
-56,6590
-83,6589
-38,6588
-35,6587
-37,6586
-53,6585
-73,6584
-82,6583
-6,6582
-62,6580
-80,6579
-40,6578
56,6577
-5,6575
-97,6574
-82,6573
-99,6572
36,6570
63,6569
-71,6568
38,6564
-14,6561
53,6560
94,6559
17,6557
71,6555
-6,6553
8,6551
-82,6550
47,6548
-100,6547
-84,6544
26,6543
-61,6542
79,6541
41,6540
52,6539
31,6538
-2,6537
-62,6535
35,6534
-55,6533
-3,6532
10,6531
-89,6530
71,6528
-19,6526
11,6525
76,6524
-86,6522
-32,6521
-85,6520
88,6519
-31,6518
-85,6516
48,6515
38,6514
-57,6513
53,6512
-82,6510
-37,6509
46,6508
-31,6507
24,6506
83,6505
96,6504
-2,6503
81,6502
-88,6501
43,6500
17,6498
13,6497
3,6496
-47,6495
97,6494
-100,6493
60,6491
21,6490
74,6489
-77,6487
-18,6486
4,6485
-41,6484
-66,6483
-49,6482
100,6481
69,6480
-44,6479
-19,6476
44,6475
-82,6473
-34,6471
-48,6470
30,6467
-60,6466
-6,6465
-8,6463
-33,6462
85,6460
-61,6459
63,6458
-22,6457
-93,6456
19,6455
76,6454
23,6453
41,6452
97,6451
94,6448
1,6447
67,6446
-76,6445
15,6444
92,6443
36,6441
36,6440
60,6439
-75,6438
74,6437
-33,6435
2,6434
-76,6433
-79,6432
54,6431
16,6430
66,6429
12,6428
68,6427
-70,6426
-4,6425
56,6423
-70,6422
-23,6421
-81,6420
34,6418
-100,6417
12,6416
-70,6415
-97,6414
-5,6413
89,6412
-3,6409
-28,6408
-33,6407
-58,6406
65,6405
18,6402
-13,6401
-37,6400
2,6399
64,6396
44,6395
-34,6394
53,6393
16,6392
-58,6391
81,6390
-67,6388
80,6385
-54,6384
-21,6382
63,6381
-30,6380
78,6379
-73,6378
65,6377
30,6376
18,6374
-23,6373
-100,6372
74,6371
-60,6370
45,6368
62,6367
-64,6366
-89,6365
-82,6364
96,6363
66,6361
3,6360
49,6359
26,6358
91,6357
95,6356
-61,6354
8,6353
-81,6350
-100,6349
6,6348
-44,6345
-7,6344
-45,6343
-21,6342
48,6341
-38,6340
50,6339
-88,6338
63,6337
53,6336
22,6335
-31,6334
-61,6333
84,6332
93,6330
58,6329
84,6328
55,6326
23,6325
42,6319
81,6318
73,6315
32,6314
-12,6313
6,6312
-86,6311
-12,6310
84,6309
28,6308
-53,6307
68,6304
73,6302
11,6300
23,6299
28,6297
-84,6294
-13,6293
51,6292
29,6291
-65,6290
-14,6289
-46,6288
99,6287
-72,6286
-99,6285
85,6284
88,6283
56,6282
93,6281
-10,6279
-33,6278
94,6275
33,6273
85,6272
29,6271
34,6270
-24,6269
-83,6267
-77,6265
-97,6264
31,6263
46,6262
-75,6261
93,6260
28,6259
70,6258
3,6257
96,6256
-59,6255
44,6251
-56,6250
16,6249
10,6246
-100,6245
36,6244
-43,6243
44,6242
36,6240
-13,6239
-47,6238
26,6237
-60,6235
47,6234
-73,6233
14,6231
-92,6229
78,6228
66,6227
71,6226
39,6225
-84,6224
77,6223
78,6222
-51,6221
-9,6220
-5,6219
-72,6217
7,6216
-58,6214
80,6213
-66,6212
-79,6211
87,6210
-30,6209
-61,6208
46,6207
51,6206
-88,6205
-48,6204
15,6203
57,6202
-89,6201
67,6200
-21,6199
-78,6197
67,6196
42,6194
25,6193
26,6192
80,6191
42,6190
-93,6189
-69,6188
24,6187
8,6184
78,6183
-2,6182
-93,6181
62,6180
100,6179
-29,6175
-15,6173
58,6171
97,6170
90,6165
-99,6164
-72,6163
29,6162
66,6161
48,6159
-37,6158
-98,6157
10,6154
-4,6152
100,6151
-13,6150
44,6149
38,6147
-90,6146
-55,6145
60,6144
-43,6143
37,6142
40,6141
-73,6139
-77,6138
-5,6137
19,6135
12,6134
-3,6132
87,6131
-33,6130
-52,6129
19,6127
-71,6126
-37,6125
-17,6124
71,6123
13,6122
91,6120
27,6117
-75,6116
81,6115
23,6114
80,6113
83,6112
-82,6110
-69,6109
13,6108
-32,6106
75,6105
11,6104
24,6102
98,6101
-76,6100
-94,6099
83,6098
-60,6097
19,6096
9,6094
-69,6093
92,6092
-45,6091
59,6090
-43,6089
-6,6088
-30,6087
56,6086
-7,6085
-76,6084
37,6083
56,6082
25,6081
82,6080
83,6079
-40,6077
39,6076
87,6075
-2,6074
-47,6073
84,6072
-50,6070
-53,6069
95,6068
96,6067
-27,6066
-32,6065
26,6064
-94,6063
-50,6062
-31,6061
52,6060
82,6059
66,6056
-3,6054
96,6053
4,6052
2,6051
-23,6050
89,6048
-61,6046
94,6045
51,6044
-53,6043
62,6042
20,6041
-64,6040
-44,6039
-13,6038
-2,6037
38,6036
40,6034
-16,6030
-84,6028
41,6027
-41,6025
87,6024
83,6022
79,6021
68,6020
20,6019
-72,6018
-80,6017
-25,6016
-11,6015
88,6012
-48,6009
-10,6006
54,6005
-54,6004
-66,6003
-68,6002
69,6001
-65,6000
41,5998
54,5997
-72,5996
-45,5995
41,5994
18,5993
81,5992
-71,5988
-68,5987
-40,5986
13,5985
-36,5983
73,5982
25,5981
0,5980
-15,5979
6,5978
-73,5977
-52,5976
-8,5973
-80,5972
64,5971
88,5969
-98,5968
87,5966
69,5965
-96,5963
21,5962
26,5961
21,5960
5,5957
39,5956
-98,5955
44,5953
-22,5951
-75,5949
13,5948
-47,5946
66,5944
-97,5943
-26,5942
-54,5941
-78,5940
-97,5939
85,5938
22,5937
62,5936
-61,5935
74,5933
-69,5932
-9,5931
-64,5930
74,5928
-64,5927
-21,5926
99,5925
34,5924
81,5923
47,5922
-57,5921
89,5920
-63,5919
50,5918
-4,5916
37,5914
-72,5913
78,5911
-97,5910
-9,5908
-97,5906
47,5905
15,5904
-24,5903
40,5901
-69,5900
37,5899
-97,5895
-71,5894
53,5893
10,5892
-60,5891
10,5888
-10,5887
98,5886
44,5885
91,5882
7,5881
76,5879
86,5878
-8,5877
-71,5874
16,5872
-16,5870
-6,5868
-91,5867
60,5866
70,5865
-64,5863
14,5862
88,5861
-1,5860
13,5859
-68,5858
-7,5856
93,5855
-32,5854
87,5853
-10,5851
36,5850
-18,5849
-22,5847
-83,5846
-70,5845
-13,5843
92,5842
-73,5841
-34,5840
24,5839
-92,5836
-87,5834
97,5831
58,5830
56,5828
3,5826
-96,5825
33,5824
-54,5818
98,5817
-68,5816
-45,5815
-25,5814
20,5813
33,5812
-13,5811
58,5809
47,5808
85,5807
-97,5806
67,5805
6,5802
57,5801
95,5799
65,5798
-27,5797
-16,5796
26,5795
24,5794
-6,5793
-98,5791
-89,5789
92,5787
1,5786
-30,5785
-82,5784
31,5782
68,5779
-84,5778
-35,5777
32,5776
-44,5775
20,5774
-50,5773
46,5772
12,5771
83,5770
-31,5769
-31,5768
-93,5767
15,5766
70,5765
-93,5764
42,5762
2,5761
-14,5760
35,5758
-81,5757
10,5756
67,5754
-50,5753
-7,5752
-51,5751
-8,5749
89,5748
71,5747
-17,5746
-56,5745
71,5744
-83,5743
-27,5741
9,5739
2,5738
38,5737
-11,5736
18,5735
-22,5734
-17,5733
-15,5731
-2,5728
18,5727
-89,5726
54,5724
-59,5723
92,5722
72,5720
98,5719
100,5718
-11,5717
-10,5716
-71,5715
-7,5713
-30,5712
81,5711
-10,5710
45,5708
93,5707
-68,5706
-61,5705
8,5703
-45,5702
-40,5701
-5,5700
-93,5699
45,5698
35,5697
64,5696
4,5695
-93,5693
1,5692
-82,5691
-70,5690
-44,5688
-19,5687
52,5686
14,5685
54,5684
-84,5683
-75,5681
-65,5680
-68,5678
37,5677
18,5676
78,5673
-23,5672
-79,5671
31,5669
-48,5668
-20,5665
-99,5664
7,5663
51,5661
-22,5660
65,5659
62,5658
49,5656
-32,5655
-75,5654
59,5652
10,5651
-12,5650
99,5649
68,5648
75,5647
51,5646
54,5644
-46,5643
-54,5642
54,5641
-45,5640
-69,5639
90,5638
38,5636
50,5635
51,5634
-25,5632
-19,5630
-42,5629
-89,5627
61,5626
-3,5625
56,5622
1,5621
33,5619
47,5618
-66,5617
81,5616
-91,5614
-22,5611
-18,5610
-49,5607
2,5606
28,5605
8,5604
80,5603
-79,5602
92,5601
-93,5600
-96,5599
-93,5597
23,5596
1,5595
19,5594
-11,5593
-84,5592
-99,5591
-91,5590
-14,5589
33,5588
51,5586
-5,5585
94,5584
-20,5582
-78,5581
15,5580
46,5579
67,5577
-14,5576
-67,5573
14,5572
-76,5571
28,5568
-75,5567
96,5566
-98,5565
85,5564
7,5563
-29,5562
56,5561
24,5560
-26,5558
-8,5556
56,5555
43,5554
-63,5553
-10,5552
-23,5551
-39,5550
-65,5549
-71,5548
0,5547
14,5546
-7,5544
63,5543
26,5542
-55,5541
34,5540
14,5539
28,5538
-42,5537
14,5536
68,5534
26,5533
-43,5532
-31,5531
-66,5529
33,5528
-64,5526
90,5525
-26,5524
-24,5522
-32,5521
47,5520
56,5519
31,5518
-9,5517
-33,5516
-1,5515
-44,5514
9,5513
84,5511
-54,5510
-48,5509
13,5508
-38,5507
91,5506
-32,5505
40,5503
-39,5502
27,5501
-11,5500
-11,5499
17,5498
76,5497
-39,5496
50,5494
-64,5493
-26,5492
-33,5491
12,5489
72,5488
-55,5486
-37,5484
-29,5483
-89,5480
85,5479
-77,5478
-38,5477
-98,5476
-86,5475
90,5474
72,5473
61,5472
-25,5471
-49,5469
32,5468
77,5467
58,5466
73,5465
-100,5464
-59,5463
44,5462
44,5461
-59,5459
-91,5458
-15,5457
-25,5455
18,5454
94,5453
-55,5452
95,5451
69,5450
6,5446
98,5445
76,5444
-62,5442
100,5441
-21,5440
-33,5438
-59,5437
20,5436
-25,5435
41,5434
-54,5433
81,5432
-49,5431
35,5430
-65,5429
15,5427
76,5426
-21,5425
72,5424
99,5423
67,5421
-16,5419
99,5418
-58,5417
-35,5414
-19,5413
7,5412
13,5411
69,5410
84,5409
0,5408
39,5407
31,5405
-5,5404
-91,5402
81,5401
-52,5400
-77,5399
92,5398
-38,5397
-13,5396
-92,5395
89,5394
-50,5393
-31,5392
-79,5391
-60,5390
38,5388
32,5387
-7,5386
-18,5384
-32,5383
-72,5381
27,5375
-16,5374
-12,5372
-69,5371
-8,5370
13,5369
48,5367
-10,5366
94,5364
76,5362
43,5361
-95,5360
-33,5359
4,5358
-95,5355
77,5354
-32,5353
46,5352
-14,5351
84,5348
29,5347
-32,5345
-96,5344
-31,5343
47,5342
-81,5341
88,5338
37,5337
-6,5336
-57,5335
99,5334
-87,5330
-19,5329
92,5328
31,5327
92,5326
65,5324
-15,5323
-86,5322
70,5321
47,5319
-61,5318
48,5317
48,5316
85,5314
-97,5313
38,5312
-46,5311
15,5310
35,5309
-35,5308
9,5306
-76,5305
-6,5304
-58,5303
89,5301
70,5299
97,5298
29,5297
87,5296
-94,5295
58,5294
-70,5293
-72,5290
-27,5289
-44,5288
-63,5287
93,5286
-46,5285
-85,5284
36,5283
0,5282
-46,5280
76,5279
18,5273
-48,5272
-49,5271
91,5270
88,5269
-41,5268
-80,5266
-96,5265
41,5263
28,5261
-42,5260
70,5259
32,5258
-77,5257
-24,5256
36,5255
79,5254
-98,5252
-75,5251
-48,5250
85,5248
82,5245
16,5244
7,5243
77,5240
19,5239
-97,5238
-90,5237
48,5236
-36,5232
65,5231
73,5230
-27,5229
-39,5228
9,5227
94,5226
95,5224
-11,5223
-39,5221
26,5220
-69,5219
-4,5218
-36,5217
-86,5215
-59,5213
66,5212
-74,5210
62,5209
21,5208
89,5206
42,5205
35,5203
-55,5202
19,5200
-91,5199
-53,5196
17,5195
50,5194
-91,5193
43,5192
-19,5191
-64,5190
43,5189
46,5188
44,5187
-11,5186
93,5185
-7,5184
20,5183
43,5182
79,5181
49,5180
-62,5178
86,5177
-94,5175
20,5174
55,5172
0,5171
44,5170
-83,5169
-75,5168
61,5167
-54,5166
-30,5164
57,5162
45,5161
-16,5160
-5,5159
-47,5158
48,5157
67,5156
-76,5155
-84,5153
0,5152
100,5151
94,5150
-63,5149
-19,5146
71,5145
-81,5143
-1,5142
11,5140
-6,5139
30,5138
-24,5137
5,5136
27,5135
-99,5133
-63,5131
-62,5129
-27,5128
-36,5127
48,5126
3,5123
15,5122
-36,5120
-82,5119
-1,5118
-93,5116
-30,5115
82,5113
-61,5112
-70,5111
-55,5109
-47,5108
-76,5107
14,5105
-98,5104
1,5103
-10,5102
17,5101
19,5099
8,5097
68,5096
-8,5095
-84,5094
21,5093
-37,5092
-36,5091
-82,5090
-66,5086
-22,5085
1,5084
-64,5083
12,5082
80,5081
14,5080
31,5079
-70,5078
67,5077
45,5074
86,5071
88,5070
-83,5069
3,5068
100,5067
87,5065
-36,5062
97,5061
-83,5059
-73,5058
-82,5056
-85,5055
34,5054
-20,5053
45,5052
49,5051
-65,5049
-57,5048
18,5047
68,5044
-52,5043
40,5041
28,5040
-50,5039
-49,5038
18,5037
12,5035
36,5034
40,5033
14,5032
38,5031
86,5030
12,5029
-48,5027
-64,5026
-24,5025
32,5024
-1,5023
-27,5022
-38,5021
15,5020
50,5018
74,5016
76,5014
-41,5013
94,5010
-17,5009
81,5008
-94,5007
13,5006
11,5004
-7,4999
-51,4996
72,4995
-71,4993
64,4992
-36,4990
49,4989
56,4988
-64,4987
-76,4986
42,4985
24,4984
-65,4983
34,4982
-79,4980
-13,4979
28,4978
50,4977
-99,4976
55,4975
88,4974
-65,4973
-91,4971
69,4970
30,4968
5,4967
3,4966
-41,4965
65,4964
95,4963
-8,4962
-24,4961
99,4960
49,4959
-67,4957
10,4956
6,4954
-4,4953
22,4952
-76,4950
-23,4949
-26,4948
-63,4947
44,4944
10,4943
-8,4942
22,4940
79,4939
-22,4938
-93,4937
-72,4936
-38,4935
93,4934
24,4932
-34,4928
68,4927
62,4926
-33,4925
-66,4924
40,4923
-13,4922
-95,4921
-91,4920
-16,4918
-78,4917
-74,4915
27,4914
86,4911
7,4910
-93,4909
-94,4908
28,4907
-80,4906
13,4905
-9,4904
-1,4903
-95,4902
-25,4898
77,4897
-87,4896
51,4895
93,4894
-21,4893
47,4892
28,4891
-28,4890
20,4889
35,4888
57,4887
-30,4886
-71,4885
-23,4884
-93,4883
-4,4881
-16,4880
10,4879
-56,4878
64,4876
-82,4875
0,4874
88,4872
28,4871
-7,4870
26,4868
26,4867
-97,4866
42,4865
-99,4864
-29,4863
92,4862
49,4861
-94,4859
29,4858
-73,4856
-65,4855
-3,4854
70,4851
46,4848
71,4847
-25,4846
71,4844
99,4843
-58,4842
-81,4840
17,4839
23,4838
-79,4837
-61,4835
-35,4834
35,4833
-32,4832
96,4830
-99,4829
-71,4825
-92,4823
26,4822
-21,4821
-86,4820
74,4819
-2,4817
-72,4815
-57,4814
88,4813
3,4812
53,4811
-45,4810
-69,4809
83,4807
-14,4806
90,4805
-6,4804
-61,4803
-24,4802
-45,4800
-39,4799
92,4798
63,4797
-14,4796
2,4795
-42,4793
85,4792
-63,4791
23,4790
81,4789
66,4788
58,4787
38,4786
94,4783
22,4782
-4,4779
14,4778
-97,4776
-73,4774
15,4773
99,4772
-35,4771
-14,4770
93,4769
-15,4768
-98,4767
7,4766
-91,4765
-76,4763
-11,4761
57,4760
71,4759
68,4758
34,4757
-38,4756
-91,4755
75,4753
-48,4751
84,4749
-25,4748
-54,4747
-83,4746
76,4745
47,4744
25,4743
53,4742
-3,4741
-10,4740
82,4739
56,4738
98,4737
25,4736
40,4735
-61,4734
-32,4733
98,4731
14,4730
56,4729
-45,4728
68,4727
-87,4726
-78,4725
-60,4724
-80,4723
80,4722
-51,4721
88,4720
54,4719
-17,4718
-45,4717
-26,4715
69,4714
49,4713
32,4711
-29,4710
-42,4709
-81,4708
34,4707
-30,4706
-96,4705
8,4703
17,4701
-84,4700
-71,4699
-79,4695
81,4694
98,4693
46,4692
22,4691
-30,4690
-3,4689
-49,4688
57,4687
-87,4686
28,4684
79,4683
-48,4680
-87,4679
-57,4678
-58,4677
-37,4675
-92,4674
-88,4672
13,4671
-42,4670
17,4669
93,4668
-15,4667
48,4665
-100,4664
-16,4663
-17,4661
-15,4660
-31,4658
-53,4656
-8,4655
43,4654
-78,4653
19,4652
66,4651
60,4650
-48,4649
-67,4648
-39,4645
-72,4644
62,4643
30,4642
41,4641
100,4640
-73,4639
47,4638
-45,4637
-99,4636
14,4635
86,4634
27,4633
22,4632
-66,4631
15,4628
24,4626
-68,4625
-85,4623
57,4622
40,4621
56,4620
-20,4619
-97,4615
52,4612
-14,4611
-42,4609
17,4608
-17,4607
30,4604
38,4603
-33,4602
29,4601
-48,4600
35,4599
-90,4598
-64,4597
-90,4596
-98,4594
-82,4592
-51,4589
-21,4588
38,4587
80,4586
89,4585
15,4584
-83,4583
-49,4582
89,4581
-52,4580
28,4579
83,4578
-21,4577
64,4575
-91,4574
54,4573
-64,4572
-13,4571
-85,4570
-72,4569
-83,4568
-99,4567
-57,4566
81,4564
55,4563
88,4561
62,4560
-8,4559
-80,4558
27,4557
-39,4556
69,4554
72,4553
-54,4551
-27,4550
48,4549
-98,4548
-1,4545
34,4544
31,4541
-90,4540
88,4539
73,4538
57,4537
-19,4536
52,4534
-46,4532
57,4531
-78,4529
-86,4527
-63,4524
-64,4522
29,4521
87,4520
8,4518
1,4517
-12,4516
72,4514
67,4513
-97,4511
54,4510
7,4509
76,4508
77,4507
-77,4505
-76,4504
88,4503
-60,4502
-98,4500
84,4499
-52,4498
-51,4497
9,4496
72,4494
50,4493
-18,4492
-61,4491
-58,4490
79,4489
-80,4487
-22,4486
-90,4483
-94,4482
37,4481
-99,4480
45,4477
-19,4475
-45,4474
-50,4473
-22,4471
-84,4470
74,4469
38,4468
19,4464
90,4462
-66,4460
-57,4458
37,4457
95,4455
-48,4454
-13,4453
-41,4451
-13,4450
14,4449
13,4444
-98,4443
-90,4439
-29,4438
-69,4437
-65,4435
97,4434
58,4433
-90,4432
28,4431
100,4430
-51,4428
12,4427
61,4424
37,4423
-7,4422
83,4421
-19,4420
-9,4419
-1,4418
85,4417
-95,4415
-68,4414
-79,4413
31,4412
-57,4411
56,4410
-12,4407
-6,4405
45,4404
-93,4403
-77,4401
-80,4398
-31,4397
50,4396
-50,4395
68,4394
23,4391
89,4390
11,4389
-88,4387
-22,4386
43,4384
19,4383
48,4382
72,4381
-52,4380
57,4379
78,4378
34,4376
-42,4375
17,4373
-32,4372
76,4370
67,4369
15,4368
-38,4367
-46,4366
-96,4365
-82,4361
-57,4360
61,4359
-55,4358
67,4357
54,4355
39,4354
36,4353
-50,4352
-46,4350
-19,4349
67,4347
68,4346
-35,4344
67,4343
59,4342
-70,4341
-55,4340
55,4339
-59,4338
-93,4337
-24,4336
6,4334
-19,4333
-43,4332
-66,4331
47,4330
-72,4328
-91,4327
-86,4326
24,4325
-52,4322
-34,4320
-49,4319
18,4318
-37,4317
29,4316
-39,4315
25,4314
20,4313
21,4312
-12,4311
48,4310
1,4309
3,4307
-75,4305
3,4303
-26,4301
-9,4299
60,4298
6,4297
-5,4296
-78,4295
23,4291
75,4289
-72,4288
99,4287
-81,4285
58,4284
26,4283
64,4282
15,4281
25,4279
42,4278
-77,4277
-41,4275
34,4274
67,4273
-58,4272
62,4271
-60,4270
-61,4269
76,4268
-58,4267
35,4266
-73,4265
46,4264
-65,4263
42,4262
19,4261
-50,4260
38,4258
61,4257
-61,4255
60,4254
-92,4253
-14,4252
13,4251
-49,4250
-79,4249
-67,4248
-22,4247
-19,4245
-70,4243
33,4242
-80,4241
36,4240
-55,4238
82,4236
-17,4234
43,4233
-96,4231
54,4230
-64,4229
19,4228
-67,4227
-79,4225
-64,4224
-1,4223
-76,4222
-4,4221
-75,4220
63,4219
-19,4217
-35,4215
-49,4212
70,4211
77,4208
40,4207
-94,4206
79,4205
-77,4204
-4,4203
-26,4202
-63,4201
-52,4199
45,4197
16,4196
-39,4195
-7,4194
-37,4193
-66,4192
-99,4191
-86,4190
82,4188
-65,4187
-63,4186
0,4184
6,4183
94,4182
-56,4180
92,4179
43,4178
-39,4177
-4,4176
0,4172
64,4171
31,4170
12,4169
-62,4168
23,4167
17,4165
16,4164
-56,4163
-94,4162
-27,4161
88,4160
100,4159
81,4157
23,4156
-39,4155
49,4153
95,4152
67,4150
-87,4149
-86,4147
25,4145
90,4143
-12,4142
27,4141
-20,4140
21,4139
34,4138
-36,4137
18,4136
-91,4135
77,4134
91,4133
38,4132
-11,4130
-9,4129
13,4128
-91,4127
6,4126
59,4125
63,4123
-68,4122
88,4121
77,4120
53,4119
42,4116
26,4115
53,4114
31,4113
77,4112
65,4111
45,4110
85,4109
74,4108
-41,4107
-37,4106
-20,4105
-22,4104
98,4103
56,4102
-55,4100
56,4099
-24,4098
3,4097
75,4096
-20,4094
98,4093
-29,4091
59,4090
-71,4089
-73,4087
-84,4086
-30,4085
82,4084
-92,4083
52,4079
-93,4078
-21,4077
29,4076
-53,4075
-51,4074
-65,4073
42,4072
-100,4070
-71,4069
20,4068
29,4067
20,4066
38,4064
-11,4063
35,4062
88,4061
-65,4060
70,4058
34,4056
60,4055
36,4053
-21,4052
-53,4050
-41,4049
-17,4048
42,4047
71,4046
-47,4045
100,4044
57,4043
6,4042
96,4040
61,4036
87,4035
-69,4033
30,4031
-73,4030
38,4029
-20,4028
24,4027
-23,4023
3,4022
-35,4020
99,4019
45,4018
-25,4017
-71,4016
-92,4014
-61,4013
-87,4012
8,4009
-43,4008
-14,4007
-43,4006
30,4005
-72,4004
-3,4002
65,4001
51,4000
-42,3999
-36,3997
-54,3996
-40,3993
77,3991
69,3990
-7,3989
-8,3988
-55,3987
86,3986
96,3984
35,3983
-39,3981
-70,3980
82,3979
100,3975
44,3974
-77,3973
-80,3971
78,3970
-17,3969
88,3967
3,3966
23,3965
39,3964
-74,3963
91,3962
73,3961
-3,3958
-57,3957
-11,3955
-72,3954
-51,3952
72,3951
-77,3950
94,3948
-86,3947
-41,3946
-8,3945
59,3944
62,3942
-93,3940
-90,3939
-23,3938
-26,3937
-25,3936
92,3935
79,3934
93,3933
-53,3932
-15,3930
-20,3929
-83,3928
30,3927
23,3926
68,3924
-70,3921
-91,3920
-85,3919
3,3918
72,3917
-13,3915
40,3914
-8,3913
-8,3912
67,3911
-44,3910
12,3909
-100,3907
-16,3906
75,3905
-58,3903
-82,3902
-2,3901
20,3900
13,3897
-52,3896
-13,3895
-74,3894
-60,3893
-4,3892
-39,3891
-11,3890
15,3889
47,3888
45,3887
15,3886
92,3884
-92,3883
-80,3882
92,3881
-27,3880
-27,3879
45,3878
-93,3877
58,3876
-20,3875
-17,3874
95,3873
-21,3872
93,3871
-92,3870
35,3869
-44,3868
-49,3866
-43,3865
2,3864
-97,3863
23,3862
-96,3861
26,3860
-10,3859
53,3858
42,3857
7,3855
-96,3852
18,3851
12,3849
7,3848
-72,3847
8,3846
57,3845
-50,3844
-4,3843
-23,3842
-58,3841
55,3840
37,3839
58,3838
57,3837
-11,3834
52,3833
10,3832
-40,3831
67,3830
27,3828
87,3827
18,3826
27,3824
37,3823
95,3822
58,3821
85,3820
12,3819
-84,3818
-21,3817
6,3816
-64,3815
2,3814
50,3813
-59,3812
-68,3811
-2,3810
40,3809
81,3806
-74,3802
0,3801
-30,3800
38,3799
35,3798
33,3797
-95,3796
87,3794
78,3792
-21,3791
42,3790
-50,3789
20,3788
36,3787
43,3785
-29,3784
-61,3781
-40,3780
40,3778
-2,3776
56,3774
50,3773
-100,3771
-31,3770
-51,3769
16,3768
50,3767
-47,3766
91,3765
7,3764
-23,3763
-22,3762
55,3761
-90,3760
-60,3757
-42,3755
-13,3754
-50,3753
84,3751
-54,3749
22,3746
-1,3745
0,3744
63,3743
100,3741
100,3739
90,3737
-69,3736
52,3734
-32,3733
-48,3732
88,3731
-69,3729
-97,3728
-45,3727
-15,3726
63,3725
-84,3722
41,3720
22,3719
64,3718
16,3717
-61,3716
-50,3714
97,3713
19,3711
-93,3710
-69,3709
-29,3707
66,3706
-5,3705
1,3704
-43,3701
-90,3700
-26,3699
84,3698
87,3697
58,3696
92,3695
-85,3694
40,3693
-24,3692
-44,3691
-37,3690
-12,3689
-18,3688
-53,3687
80,3685
21,3683
75,3681
-88,3680
-39,3679
2,3678
46,3675
-1,3674
-16,3673
-91,3672
-41,3671
-68,3670
-44,3669
-59,3668
21,3667
39,3666
46,3665
-94,3664
-58,3663
-93,3662
73,3661
-64,3660
-48,3659
-32,3657
-58,3656
56,3655
64,3653
64,3652
-31,3651
-98,3650
78,3649
-33,3648
86,3647
-5,3646
-29,3645
37,3644
-81,3643
74,3642
59,3641
52,3640
-15,3639
-87,3638
-93,3637
-11,3636
97,3635
44,3634
-54,3633
21,3632
-100,3631
-43,3630
33,3629
-100,3627
92,3625
-88,3624
-74,3623
61,3622
46,3621
-73,3620
84,3619
-12,3618
-66,3617
-89,3615
64,3612
-92,3611
32,3610
91,3609
9,3608
45,3607
-41,3606
-61,3605
49,3604
37,3602
71,3601
-96,3600
52,3599
66,3597
-11,3596
90,3595
52,3594
1,3593
-75,3591
-58,3590
31,3588
50,3585
13,3584
-3,3583
5,3582
46,3581
29,3578
-22,3577
-45,3576
-91,3575
88,3574
-94,3573
-83,3572
80,3570
-44,3567
-1,3563
19,3562
-29,3561
96,3560
-51,3559
43,3555
8,3552
-18,3551
66,3548
-48,3547
-67,3546
31,3543
-99,3542
-57,3540
22,3538
93,3537
90,3536
18,3534
22,3531
-47,3530
44,3529
37,3528
45,3527
-44,3526
68,3525
-18,3523
2,3521
78,3520
36,3519
-17,3518
37,3515
-90,3514
-25,3512
43,3510
52,3507
5,3506
91,3505
43,3504
62,3502
-22,3501
52,3500
90,3499
-92,3497
32,3496
-61,3495
-65,3493
-83,3492
-100,3491
-53,3490
-55,3489
-100,3486
-88,3484
-69,3483
2,3482
96,3480
-100,3476
81,3475
25,3474
33,3472
-38,3471
-24,3470
-32,3469
-92,3468
32,3467
-8,3466
95,3464
61,3463
51,3462
62,3461
-75,3460
-7,3459
-49,3458
87,3457
-14,3456
-12,3455
-98,3454
-15,3453
-6,3451
-63,3450
52,3449
-64,3448
26,3446
-58,3445
-38,3444
-47,3443
-48,3442
-96,3441
10,3440
94,3437
85,3436
-14,3434
-100,3433
95,3432
63,3431
-32,3430
-68,3429
-78,3427
-29,3426
82,3425
-2,3424
68,3423
-73,3422
-6,3421
33,3420
-55,3419
10,3418
-87,3417
-85,3416
-39,3414
-1,3413
8,3412
-40,3410
59,3408
-74,3407
51,3406
-49,3405
99,3404
50,3401
-49,3400
-16,3398
-99,3397
-19,3395
-23,3394
-25,3393
59,3392
37,3391
-57,3390
-1,3388
8,3387
65,3386
-38,3385
-4,3384
-50,3383
51,3381
26,3380
-67,3379
-95,3377
11,3376
84,3372
76,3371
22,3370
20,3369
-39,3368
47,3367
-24,3366
-7,3364
-73,3363
76,3362
-29,3361
12,3360
8,3359
-78,3358
-66,3357
-92,3356
-56,3355
-42,3354
-73,3352
54,3351
-69,3350
66,3349
17,3348
-80,3347
-9,3346
-87,3344
27,3343
-10,3342
2,3341
-85,3340
46,3339
53,3338
-66,3337
87,3336
47,3335
3,3334
-18,3333
91,3332
-46,3331
-48,3330
-20,3329
-3,3328
-35,3326
47,3325
-94,3324
-40,3323
67,3322
-13,3321
-71,3319
-66,3318
-81,3316
-75,3314
-72,3311
-9,3310
-5,3309
96,3308
64,3307
66,3306
-35,3305
20,3303
33,3301
69,3300
-26,3299
-52,3298
-92,3297
-66,3294
-60,3293
-2,3292
-40,3291
60,3290
89,3289
-8,3288
75,3287
-52,3286
-47,3285
-32,3283
-33,3281
2,3279
-11,3277
-26,3275
-80,3274
36,3273
73,3270
17,3267
-96,3266
-100,3265
18,3263
82,3262
-90,3261
77,3260
-93,3259
-74,3258
58,3257
-18,3255
-75,3253
-96,3249
82,3248
77,3247
-87,3245
-3,3244
9,3243
-69,3242
69,3241
-18,3240
-22,3239
27,3238
-69,3237
46,3235
34,3234
70,3232
80,3231
6,3230
87,3226
-64,3225
44,3224
63,3223
-19,3222
19,3221
-63,3220
-80,3219
95,3217
45,3216
20,3215
-52,3213
52,3211
-83,3210
71,3208
-81,3207
-50,3206
2,3205
73,3204
-29,3203
54,3202
58,3200
37,3199
-13,3196
95,3195
74,3194
-87,3193
-52,3192
-99,3190
-33,3189
62,3188
96,3186
18,3185
44,3184
4,3183
17,3182
12,3181
-36,3180
24,3178
23,3177
-68,3176
9,3175
67,3174
-99,3173
-64,3172
90,3171
-63,3170
73,3169
56,3168
-22,3167
-82,3166
-96,3165
-50,3164
-85,3163
-94,3161
36,3160
-61,3159
-32,3158
-23,3157
-46,3156
21,3154
27,3153
-53,3152
5,3150
-21,3149
59,3148
-66,3147
30,3146
38,3145
-89,3144
62,3143
16,3142
-62,3141
-13,3140
-1,3139
44,3138
-5,3137
-28,3136
-70,3135
47,3134
-23,3133
-49,3132
9,3131
-89,3129
27,3127
-30,3126
-72,3125
41,3123
-70,3122
35,3121
19,3120
38,3119
-95,3118
66,3117
-85,3116
-14,3115
80,3114
-22,3113
53,3112
17,3111
17,3108
55,3106
17,3105
5,3104
-41,3103
-72,3102
6,3101
100,3097
-7,3096
75,3095
-37,3094
-62,3093
-19,3090
9,3088
-54,3087
65,3086
-3,3085
24,3084
8,3083
-65,3082
-86,3080
29,3079
-77,3078
-77,3077
-75,3075
91,3074
-75,3073
-80,3072
-69,3071
-22,3070
-86,3068
95,3066
-51,3065
-72,3064
-98,3063
-60,3062
-13,3061
94,3060
75,3059
-44,3058
-56,3057
91,3056
48,3054
-53,3053
-41,3052
-46,3051
-68,3050
93,3049
-61,3047
-22,3041
98,3040
100,3039
-12,3038
41,3037
81,3036
13,3035
59,3034
24,3032
-46,3031
-72,3030
-80,3029
-23,3026
25,3025
94,3024
96,3023
61,3022
47,3021
5,3020
-91,3019
43,3018
24,3017
26,3016
-73,3015
-26,3014
-39,3013
-97,3012
-7,3010
-81,3009
-32,3008
-95,3006
13,3004
-10,3002
-29,3001
-100,3000
-18,2999
50,2998
-90,2997
-21,2996
92,2994
-26,2993
13,2992
96,2990
89,2989
35,2987
49,2986
68,2985
100,2984
74,2983
-54,2982
-57,2981
74,2980
19,2977
-83,2976
22,2975
-69,2973
-31,2972
67,2971
85,2970
-58,2969
85,2968
-5,2967
-88,2965
-81,2964
-97,2963
-47,2962
71,2960
-79,2958
48,2957
31,2956
33,2954
82,2953
-29,2952
-21,2951
-71,2950
-94,2949
-53,2948
3,2947
-37,2946
-15,2945
54,2944
-55,2943
-81,2941
-35,2940
68,2939
-24,2938
39,2937
49,2935
26,2934
-95,2933
-21,2932
64,2931
29,2930
-30,2929
14,2928
48,2927
98,2926
-62,2925
19,2923
-20,2922
28,2921
60,2919
-43,2918
9,2917
-92,2915
97,2914
-64,2913
-100,2912
63,2911
-82,2910
42,2909
38,2908
17,2907
22,2906
58,2905
15,2904
29,2903
54,2901
19,2899
19,2898
-58,2897
-11,2896
-56,2894
23,2893
10,2892
50,2891
-26,2890
42,2888
29,2886
-94,2885
-7,2884
62,2883
-24,2882
55,2881
-78,2880
-40,2879
-78,2878
-29,2877
-1,2876
6,2875
-26,2874
-61,2873
-67,2871
-52,2870
93,2869
65,2868
46,2867
-75,2866
-17,2865
62,2864
-28,2860
-87,2859
-27,2857
-55,2855
-74,2854
99,2853
66,2851
-52,2850
-52,2848
54,2846
72,2843
-96,2842
65,2841
-96,2840
9,2839
-51,2837
53,2836
3,2834
-21,2832
-90,2831
55,2829
-50,2828
-28,2827
12,2826
-53,2825
66,2824
-73,2823
78,2822
-36,2818
-73,2815
-60,2814
-95,2812
-20,2811
-14,2809
86,2808
-67,2806
-14,2805
35,2803
-72,2802
100,2800
-69,2799
-7,2798
-63,2795
37,2794
-6,2793
55,2791
87,2790
-20,2789
-67,2788
-42,2787
-35,2786
-4,2785
38,2784
47,2783
76,2782
-16,2781
-91,2779
57,2778
-22,2776
-90,2775
-82,2774
75,2773
-7,2772
54,2771
23,2770
58,2769
-95,2768
-65,2767
59,2766
-82,2765
-86,2764
-80,2763
78,2762
21,2761
96,2757
27,2753
-96,2752
35,2751
55,2750
17,2748
-62,2747
27,2746
-95,2745
36,2741
-76,2740
-32,2739
-3,2738
21,2736
38,2735
79,2734
88,2733
-7,2732
-2,2731
-63,2729
-35,2727
-67,2726
-87,2725
-58,2724
52,2722
-39,2721
-85,2719
-9,2718
83,2717
-30,2716
-89,2714
90,2712
-42,2711
2,2710
-13,2709
81,2707
64,2706
43,2704
-7,2703
7,2701
-83,2700
29,2699
-92,2698
97,2697
13,2696
52,2695
3,2691
3,2689
24,2688
-2,2687
93,2686
-35,2684
22,2682
77,2681
-41,2680
96,2678
9,2676
-80,2675
16,2674
-50,2673
39,2671
12,2669
-25,2668
-39,2667
74,2666
-4,2665
-46,2661
-73,2658
-49,2656
-1,2655
90,2653
-17,2652
43,2651
-43,2650
36,2649
-40,2648
56,2647
-73,2646
-71,2645
-79,2643
31,2642
67,2641
-20,2640
60,2637
46,2636
12,2634
-57,2632
66,2631
83,2630
-29,2629
55,2625
-32,2624
76,2623
100,2622
74,2619
0,2618
-57,2616
-7,2615
30,2614
-97,2613
-27,2612
-37,2610
95,2609
-5,2608
13,2607
-21,2606
8,2605
-65,2602
-46,2599
-29,2598
-62,2597
68,2596
-12,2595
23,2593
-23,2592
99,2591
11,2590
-4,2587
5,2584
48,2583
-21,2582
86,2581
42,2578
-21,2577
57,2576
-85,2575
-74,2574
-10,2573
-41,2571
6,2570
57,2569
32,2567
-60,2566
-28,2565
-85,2564
-21,2562
54,2560
12,2559
9,2558
34,2557
98,2556
-73,2555
-44,2553
-67,2552
6,2551
90,2550
-91,2549
97,2547
-1,2546
-14,2545
-87,2544
63,2543
45,2541
40,2540
-40,2539
-87,2538
54,2537
84,2536
-12,2534
16,2533
-76,2531
41,2530
-7,2529
-56,2528
69,2527
-39,2526
91,2525
-26,2523
-25,2521
89,2518
10,2517
-62,2515
86,2514
2,2513
-74,2512
-15,2509
-39,2507
33,2506
-95,2505
86,2504
72,2503
43,2502
30,2501
-49,2499
-66,2498
23,2497
73,2496
-81,2495
21,2494
-42,2493
-68,2492
-45,2491
0,2490
-81,2489
10,2488
10,2487
56,2484
100,2483
-26,2482
72,2481
-68,2480
-32,2479
-96,2478
-27,2476
21,2475
-64,2474
-13,2473
-55,2472
-15,2470
-12,2468
-18,2467
38,2466
13,2465
-73,2464
-19,2461
26,2460
93,2459
74,2458
-65,2457
-74,2455
15,2453
32,2452
19,2451
35,2450
0,2449
1,2448
26,2447
-66,2446
-82,2444
-32,2443
27,2442
-12,2440
-42,2439
-85,2438
45,2437
43,2436
-31,2434
92,2433
-9,2432
100,2431
-87,2430
-48,2428
-16,2426
11,2425
-82,2424
8,2423
65,2421
-13,2420
-20,2419
57,2418
69,2417
-25,2416
-28,2415
2,2414
-44,2412
16,2411
46,2410
88,2409
-15,2408
-66,2407
-13,2406
-81,2405
-5,2402
-56,2401
14,2399
-18,2398
57,2397
64,2396
63,2395
77,2394
-68,2392
39,2391
71,2390
7,2389
-36,2388
-12,2386
-78,2385
-84,2384
83,2383
-59,2381
-83,2380
51,2379
0,2378
-2,2377
56,2376
-50,2375
-5,2372
-70,2370
-7,2369
94,2368
-54,2367
-63,2366
-81,2365
-81,2364
54,2363
78,2361
-8,2360
60,2359
37,2358
-60,2357
-11,2356
-68,2354
40,2353
-61,2352
-40,2351
5,2350
-57,2349
63,2348
-35,2347
-92,2346
43,2345
-4,2344
-91,2343
-95,2341
70,2340
-4,2333
34,2332
31,2331
-63,2330
11,2329
99,2327
47,2325
64,2324
-38,2323
64,2321
14,2320
73,2317
-48,2316
-73,2314
-72,2313
-9,2311
62,2310
-82,2308
11,2307
97,2305
58,2304
100,2303
92,2302
-93,2301
-43,2300
85,2298
69,2297
-94,2295
88,2294
-56,2293
-39,2292
12,2290
54,2289
-16,2288
49,2287
67,2286
32,2285
-8,2284
82,2283
51,2282
26,2281
-50,2280
-53,2279
31,2278
-20,2277
-61,2276
-7,2274
56,2272
-31,2271
-58,2269
-20,2268
-73,2267
46,2266
9,2265
33,2263
20,2262
52,2261
43,2260
-36,2258
-10,2256
53,2255
-57,2254
-18,2251
25,2250
88,2249
64,2248
-5,2247
-36,2245
-19,2244
32,2243
-94,2240
83,2239
-50,2238
-11,2237
50,2236
13,2234
37,2233
54,2231
51,2230
-52,2229
75,2228
-19,2227
36,2223
-50,2221
82,2219
53,2218
-81,2217
56,2216
-34,2215
37,2214
-51,2213
-92,2212
-52,2210
59,2209
-44,2208
100,2207
2,2206
5,2205
3,2204
-43,2203
65,2202
-61,2201
45,2200
71,2199
-23,2198
-95,2197
-42,2195
67,2194
3,2192
78,2190
-86,2189
40,2188
-49,2187
28,2185
97,2183
38,2182
-40,2181
-36,2180
-80,2179
13,2175
-98,2174
59,2173
15,2172
27,2171
-68,2170
42,2169
3,2168
-15,2167
70,2166
-41,2164
62,2163
45,2162
43,2160
-63,2159
-30,2158
76,2155
32,2154
-97,2151
-39,2150
95,2149
-50,2148
-98,2147
65,2146
-70,2145
82,2144
7,2143
-58,2142
-31,2140
7,2139
-90,2138
-51,2136
-54,2135
58,2134
1,2133
92,2131
47,2129
88,2127
38,2126
-78,2125
-56,2124
35,2123
-63,2122
-67,2121
23,2120
-23,2119
-15,2118
-76,2116
-80,2112
22,2111
25,2110
-36,2109
53,2108
-79,2104
11,2103
-63,2102
27,2101
96,2100
20,2098
-52,2096
-93,2095
82,2093
9,2092
84,2091
-98,2090
10,2089
16,2087
-20,2085
77,2084
69,2083
-57,2082
68,2081
-26,2080
-98,2078
26,2076
63,2074
-49,2072
-79,2070
-40,2067
22,2066
79,2065
-60,2064
89,2062
6,2061
-92,2060
-33,2058
66,2056
-74,2055
-36,2054
-2,2053
-1,2052
47,2050
-61,2048
-7,2046
-21,2045
-74,2044
-32,2042
26,2039
95,2038
27,2037
48,2036
54,2035
7,2033
27,2032
-39,2031
52,2030
74,2029
71,2028
-89,2027
-57,2026
-31,2025
-81,2023
-54,2022
-36,2020
25,2017
-88,2016
94,2015
51,2014
17,2013
-4,2012
-91,2011
-38,2010
-70,2009
-59,2008
17,2007
81,2006
66,2005
-63,2004
-1,2003
-50,2000
94,1999
-23,1997
88,1995
49,1994
-80,1993
65,1992
11,1991
-16,1989
70,1987
39,1986
-41,1985
7,1982
2,1981
38,1977
27,1976
-93,1975
-72,1974
23,1972
-14,1971
38,1970
14,1969
100,1968
82,1964
-96,1961
83,1960
-49,1959
29,1958
-89,1957
-40,1956
-44,1955
65,1954
55,1953
-53,1952
68,1950
61,1947
-64,1946
45,1944
-37,1941
55,1940
21,1939
22,1938
-67,1937
-14,1936
93,1934
-8,1932
-97,1931
5,1930
-100,1929
1,1928
-85,1925
81,1924
14,1923
-24,1922
-22,1921
-73,1920
70,1919
88,1918
49,1917
95,1916
-66,1915
-38,1914
-84,1913
-63,1912
-72,1911
3,1910
67,1909
-57,1908
21,1907
63,1906
-26,1905
-81,1904
66,1902
-2,1901
-84,1900
46,1899
-39,1898
-76,1897
-69,1896
7,1895
24,1894
64,1893
11,1892
76,1891
-11,1890
92,1889
7,1888
-26,1886
-49,1885
80,1884
-47,1883
92,1882
-90,1881
-82,1880
89,1879
72,1878
-85,1877
-10,1876
8,1875
-99,1874
-17,1871
89,1870
-70,1869
69,1867
-73,1866
-4,1865
-42,1864
-2,1862
40,1861
38,1860
-80,1858
18,1857
-85,1856
-55,1854
-41,1853
-19,1852
27,1851
13,1850
-67,1849
-63,1848
-32,1847
-3,1846
26,1845
59,1844
-54,1843
-14,1842
-89,1841
4,1840
-77,1839
43,1837
100,1836
-81,1835
-53,1834
-68,1832
42,1829
-97,1828
92,1827
-30,1826
-81,1825
-86,1823
61,1822
68,1820
0,1819
23,1818
-90,1817
5,1815
48,1813
46,1810
98,1808
2,1807
95,1806
24,1805
49,1804
-44,1802
-62,1799
92,1798
-35,1797
-24,1795
-22,1794
17,1793
-74,1792
-65,1791
-26,1790
90,1789
50,1788
-3,1786
-54,1785
-32,1784
95,1783
87,1782
64,1781
-20,1780
-84,1779
64,1778
-74,1777
-6,1776
-60,1775
70,1774
98,1773
33,1772
19,1769
7,1768
-72,1767
-63,1766
-16,1765
-31,1764
-19,1763
95,1762
49,1761
6,1760
79,1759
-86,1758
-77,1757
26,1756
-3,1755
-61,1754
78,1753
-49,1751
-41,1750
-11,1749
12,1748
36,1747
90,1746
-17,1745
99,1744
-76,1741
-99,1740
11,1739
-45,1738
15,1735
2,1734
-28,1733
51,1731
83,1729
-32,1728
71,1726
18,1725
-30,1724
-28,1723
-49,1721
12,1717
60,1716
59,1715
13,1714
24,1711
88,1709
94,1708
-86,1707
29,1706
-5,1703
14,1702
-24,1701
-13,1700
39,1699
22,1696
-12,1695
-100,1694
-98,1693
-69,1692
-58,1691
-84,1686
-57,1685
95,1684
-17,1682
-38,1681
-31,1680
15,1678
-87,1677
-99,1676
-62,1673
56,1672
-96,1670
66,1669
-78,1668
59,1667
-66,1666
-47,1665
67,1664
-44,1663
-6,1661
-54,1660
-55,1658
-81,1657
70,1655
-91,1653
45,1652
87,1651
62,1649
-70,1647
22,1646
-47,1645
-91,1644
100,1643
72,1642
-79,1640
92,1638
25,1637
67,1635
96,1634
62,1631
9,1630
78,1628
-84,1627
-61,1626
98,1625
89,1623
80,1622
17,1620
7,1619
-90,1617
70,1615
15,1613
-13,1612
-84,1611
48,1609
-69,1608
-30,1607
-49,1606
69,1604
-54,1600
23,1599
-82,1598
93,1594
-79,1593
-61,1592
-100,1591
-74,1590
78,1588
-64,1586
-8,1585
27,1584
-39,1581
-36,1580
-33,1579
2,1578
-24,1576
-35,1575
50,1574
-55,1573
-37,1572
72,1571
-27,1570
-96,1568
8,1567
-86,1566
-3,1565
91,1563
-77,1562
-12,1560
80,1559
83,1557
56,1556
57,1554
-44,1553
-30,1551
-62,1550
56,1549
-59,1548
83,1547
45,1545
87,1543
58,1541
-95,1540
20,1539
39,1538
23,1537
-57,1536
48,1535
83,1534
26,1532
79,1531
-18,1530
-45,1529
97,1528
-31,1525
95,1523
33,1522
0,1521
58,1520
-58,1519
-24,1518
86,1515
-26,1513
23,1512
-67,1511
35,1510
56,1509
59,1508
84,1507
-23,1506
-57,1505
-97,1503
72,1502
22,1501
79,1500
4,1496
59,1495
-77,1494
-61,1493
-58,1492
-28,1491
-53,1490
69,1486
100,1485
-38,1484
64,1483
81,1482
-9,1481
-88,1480
14,1478
16,1477
59,1476
-48,1473
-24,1472
-32,1471
-34,1470
-27,1469
8,1468
-48,1467
-38,1465
-89,1464
-35,1463
57,1462
-28,1460
-67,1459
-8,1458
-57,1457
-75,1455
96,1454
38,1452
37,1450
15,1449
-92,1448
-27,1447
-7,1446
-86,1445
-61,1443
87,1442
-14,1441
62,1440
51,1439
-81,1437
91,1436
-88,1434
59,1433
-9,1432
-14,1431
72,1430
-77,1429
4,1428
26,1427
23,1426
-47,1424
9,1423
11,1420
-43,1419
12,1418
69,1416
2,1414
-1,1413
-35,1410
-69,1409
-95,1408
9,1407
-90,1406
8,1404
43,1400
33,1399
-91,1398
50,1397
0,1396
2,1394
-27,1393
-40,1392
76,1388
-21,1387
55,1386
62,1385
-3,1383
95,1382
62,1381
-90,1380
12,1379
71,1378
95,1377
-73,1376
-100,1375
46,1374
58,1373
41,1369
-62,1368
-32,1367
-38,1366
53,1365
36,1364
85,1363
10,1362
-64,1361
-97,1359
-42,1358
52,1357
1,1356
-12,1355
-23,1353
-47,1351
-28,1350
-22,1348
-62,1347
69,1346
54,1343
-80,1339
71,1338
86,1337
89,1336
-19,1335
-31,1333
12,1332
-22,1331
50,1330
98,1328
-100,1327
14,1326
21,1325
-28,1324
-39,1323
-9,1322
-9,1321
82,1319
28,1318
46,1316
7,1315
36,1314
34,1313
-2,1311
14,1310
74,1308
13,1307
-51,1306
-37,1304
-33,1303
-26,1301
-45,1300
-58,1299
90,1298
72,1297
93,1295
-56,1294
-4,1291
-76,1289
-65,1288
-88,1287
54,1286
38,1285
49,1284
-71,1283
-21,1281
51,1278
-93,1276
22,1275
55,1273
0,1272
54,1270
42,1269
96,1267
-8,1266
-8,1265
-53,1264
46,1263
29,1262
-49,1261
-60,1259
-38,1257
-19,1256
-96,1255
100,1254
42,1253
65,1252
55,1251
10,1250
-90,1249
-28,1248
24,1246
28,1245
10,1244
13,1243
-83,1242
-77,1241
-15,1240
22,1239
-10,1238
-21,1236
-55,1235
41,1234
-75,1232
46,1231
-40,1230
-99,1229
-92,1228
70,1227
-38,1226
12,1225
89,1224
92,1222
15,1221
-32,1219
35,1218
35,1216
77,1215
-70,1214
-28,1212
-41,1210
76,1209
-83,1208
-92,1207
-88,1206
-22,1204
-70,1202
-92,1201
-16,1200
3,1198
-58,1197
23,1196
-35,1195
83,1194
-69,1193
78,1192
-68,1190
-3,1189
-48,1188
90,1187
-41,1186
80,1183
74,1182
-72,1181
71,1180
-46,1179
-6,1178
-75,1177
-68,1176
84,1175
-57,1174
97,1173
-42,1172
87,1171
-23,1169
79,1166
-52,1164
42,1163
-89,1162
7,1161
74,1160
38,1159
-86,1156
-61,1155
-12,1153
91,1152
-59,1151
-77,1150
-54,1149
-70,1148
54,1147
62,1144
70,1143
-53,1142
-79,1141
-60,1140
29,1139
-14,1138
-60,1137
61,1136
89,1135
-14,1134
-23,1133
-95,1132
98,1131
77,1129
9,1128
22,1127
-85,1125
97,1123
22,1121
89,1120
3,1119
7,1118
-72,1117
-58,1116
-26,1115
-86,1114
1,1113
38,1111
-62,1110
-77,1109
-89,1107
-54,1106
71,1105
70,1104
-3,1103
-91,1102
-97,1101
-13,1100
100,1097
71,1096
58,1095
-25,1093
-96,1092
28,1088
-96,1086
-42,1085
-11,1084
0,1083
-48,1082
83,1081
-100,1080
85,1079
13,1077
-52,1075
29,1074
-66,1072
-47,1070
-91,1069
50,1068
94,1067
73,1066
78,1065
-1,1064
30,1063
45,1060
-90,1058
73,1055
-94,1053
-74,1051
-7,1048
56,1047
-4,1046
32,1045
32,1044
-70,1043
-66,1040
79,1039
62,1037
7,1036
30,1033
-57,1032
62,1031
5,1030
5,1028
58,1027
-83,1026
33,1024
-15,1022
-26,1021
91,1020
40,1018
82,1016
-1,1015
92,1014
84,1013
-85,1011
100,1010
-18,1009
-78,1008
-10,1007
-27,1006
57,1005
42,1003
7,1002
90,1001
22,1000
-10,998
-68,996
53,995
63,993
3,992
-35,991
91,990
-1,989
-25,988
-98,986
98,985
2,984
37,983
-10,982
88,981
23,979
21,977
-11,976
-37,975
14,974
-77,971
46,970
50,969
86,967
59,966
7,965
-15,964
42,963
-43,962
-40,959
100,958
-22,957
5,956
-71,955
-90,954
79,953
-98,952
42,951
-59,950
86,949
29,946
-56,944
37,942
9,941
-79,940
-49,939
3,938
-81,937
-57,936
-63,935
9,934
20,932
96,931
41,930
55,929
-95,928
-21,927
2,926
7,925
82,924
-73,923
1,922
29,921
-51,920
60,918
9,916
41,915
61,912
-85,910
-48,909
74,908
68,907
-16,905
84,904
78,903
15,902
17,900
59,899
81,898
31,897
4,895
-60,894
65,893
18,892
-85,891
20,890
85,889
-1,887
-15,886
-90,885
-86,882
-50,881
24,879
74,876
90,875
29,873
39,872
-26,871
-88,869
-3,868
19,867
33,866
-91,865
100,863
84,862
1,861
-6,860
95,859
57,858
-82,857
94,856
59,855
100,854
-2,853
44,852
-99,851
67,850
-80,849
-93,848
-19,847
87,844
-14,843
73,842
16,841
-89,840
8,839
71,837
12,836
-73,835
-23,834
42,833
88,832
52,831
-79,830
-74,829
11,828
-98,827
66,826
57,825
-80,824
-86,822
-67,821
31,820
87,819
-38,817
-46,816
52,815
40,814
7,813
41,810
56,806
-77,805
-2,804
-35,803
-19,802
-27,801
20,799
26,796
-68,795
-88,794
3,793
33,792
17,791
35,790
-45,789
26,786
-34,785
-68,784
-35,781
64,780
-33,779
94,777
17,776
-77,775
-15,774
78,772
15,771
35,770
-41,768
97,767
-49,766
-78,765
32,764
68,761
-61,759
69,756
43,755
-22,754
26,753
-43,751
-39,750
60,749
10,748
-98,747
-73,744
-18,743
-9,741
17,739
-69,737
-80,736
49,735
-9,734
50,733
80,731
57,727
-18,726
-74,725
-69,724
-57,722
-60,721
67,720
-37,719
18,718
89,717
45,716
-23,715
13,714
-57,712
55,711
11,709
-16,707
-32,706
15,705
-51,703
100,701
-14,699
26,698
12,697
56,695
-12,694
67,693
31,691
2,690
78,688
69,687
26,686
-39,685
-96,684
-54,682
-16,681
-6,680
-91,679
-15,678
-20,677
-53,676
-51,675
-79,673
50,672
-7,670
-76,668
-95,665
34,663
-61,662
81,661
97,660
-90,659
49,658
3,657
27,656
36,654
-51,652
15,651
88,650
0,649
-3,647
21,646
67,645
95,643
42,642
-40,640
4,639
50,637
-26,636
-72,635
-49,634
9,633
57,630
77,628
-35,625
-87,624
28,623
-11,621
-67,620
-25,619
38,617
-60,614
-42,613
-90,612
15,611
-88,608
52,607
-3,606
70,605
90,604
3,603
-85,600
90,599
-98,597
-12,595
55,594
7,592
42,589
86,588
95,584
-7,583
4,582
42,581
14,579
17,578
50,577
13,576
55,575
-49,574
-80,572
29,571
-38,570
24,569
-22,568
-52,567
22,566
97,565
42,564
11,563
-83,562
44,561
-27,560
15,559
36,558
-11,556
62,555
77,554
23,553
45,552
-17,551
-82,549
77,548
89,546
31,545
20,544
-44,543
-5,540
-70,539
75,537
-57,535
93,534
-74,533
19,532
40,529
-85,528
-53,527
23,526
83,525
94,523
79,522
39,521
7,520
90,519
-32,518
26,517
94,516
-55,514
-47,513
-70,512
-61,511
15,510
-60,508
51,507
37,506
11,504
62,502
-8,501
76,499
32,498
-89,497
-55,495
61,494
-62,493
-7,492
44,491
-71,489
39,488
-75,487
87,486
-25,485
24,484
95,482
33,481
43,480
71,479
39,478
48,477
78,476
-32,475
-86,474
-16,473
20,472
4,471
-38,470
15,468
-79,465
-68,464
-4,463
82,462
-90,461
-64,460
6,459
59,458
-40,457
100,456
-27,455
-31,452
-35,451
86,450
-29,449
21,447
56,446
-74,445
6,444
97,443
-8,440
-73,439
8,438
32,437
-11,436
28,435
97,432
32,430
-11,425
28,424
-33,423
-67,422
4,420
-59,419
-99,418
54,417
-61,416
-49,412
-93,411
98,410
-83,409
-43,408
-37,405
58,403
-26,399
92,395
-93,394
97,393
-85,392
87,390
0,388
81,386
66,385
-4,384
0,383
32,381
-48,380
-43,379
-5,378
66,377
-21,376
-3,375
32,374
13,373
-70,372
-99,369
73,367
-13,366
-67,365
57,364
3,361
46,358
-43,357
87,356
25,355
56,352
77,350
-30,349
-98,348
-46,347
-34,346
69,345
-39,344
-66,343
83,342
-31,340
-62,339
-6,338
-40,337
-84,336
0,335
-12,334
83,333
-50,332
-74,331
83,329
-11,328
-77,327
-86,326
6,322
-51,320
-92,318
15,314
-84,313
51,311
80,310
-18,309
2,308
-84,306
-86,305
-24,303
11,302
65,301
-44,300
-25,299
49,298
-33,297
-56,296
-60,295
27,293
-66,292
0,291
-13,290
77,288
60,287
99,285
-37,284
-6,282
-77,280
76,278
66,277
52,275
83,273
-35,272
62,271
-64,270
-50,269
43,268
37,267
-72,266
79,265
-92,260
-49,259
-25,258
-50,257
-80,256
-77,254
38,253
-44,252
-28,248
-90,247
63,246
51,245
93,243
23,240
-22,239
7,238
45,237
64,234
-31,233
97,232
83,231
61,230
99,228
1,227
-98,226
-20,224
13,223
-24,222
49,221
86,219
13,218
-54,217
33,216
-58,215
-64,214
30,213
62,212
24,211
-97,210
34,207
67,206
-49,205
-86,204
9,203
30,202
13,201
33,200
-23,199
-18,198
-88,196
10,195
60,194
47,193
-100,192
7,190
97,187
-97,186
33,185
-22,184
-32,183
-47,182
-41,180
18,179
-43,177
83,175
17,174
58,173
-97,171
86,170
70,169
70,168
-88,167
70,166
-80,165
69,164
-87,163
13,162
19,160
38,157
34,155
-55,154
-30,153
-51,152
70,150
100,147
-77,146
64,145
-88,143
-12,140
10,139
76,137
5,135
-14,134
-3,133
99,132
34,131
81,130
-75,129
47,128
23,127
13,124
-76,123
49,122
-89,121
24,120
77,119
7,115
-62,114
46,113
32,112
56,111
71,110
-40,109
-52,107
39,106
56,103
-7,101
51,100
34,99
96,98
-67,97
11,96
12,95
-6,94
-56,93
-23,92
-78,89
59,88
-12,87
95,86
97,84
97,83
32,82
68,80
-8,79
66,78
-87,76
4,75
64,72
42,71
-84,70
43,69
14,68
-9,67
-3,66
16,64
15,63
67,60
-35,59
-28,58
76,56
-7,55
17,53
-68,52
28,51
-22,50
-57,48
-35,47
41,46
-71,45
-85,44
-7,41
-99,40
-66,39
76,37
-54,35
60,34
-99,32
-65,31
-91,30
64,29
-99,28
-78,26
-49,25
82,23
-3,22
88,21
-88,20
2,19
47,18
-4,17
-100,15
-43,14
-89,13
100,12
59,11
-28,10
12,9
49,8
69,7
-1,6
36,3
-94,2
-33,1
64,0
