-57,9998
66,9997
33,9995
-6,9994
26,9993
-29,9992
27,9991
77,9990
89,9989
-76,9988
-28,9987
-42,9985
81,9984
84,9983
52,9982
56,9980
-84,9979
34,9978
-68,9977
-98,9976
68,9974
-32,9973
-58,9972
-7,9971
-15,9970
18,9968
-62,9967
-78,9966
-80,9965
54,9964
-73,9963
44,9961
54,9960
-67,9959
39,9958
94,9957
-24,9956
-83,9955
90,9954
16,9952
-10,9950
-89,9949
-34,9948
-41,9946
-53,9944
77,9943
44,9942
2,9941
-2,9940
-35,9938
-86,9936
-79,9935
-46,9934
49,9931
-72,9930
-71,9929
78,9928
64,9924
-49,9923
53,9922
-80,9921
30,9920
32,9918
64,9917
-27,9916
37,9915
42,9914
-89,9913
89,9912
26,9911
2,9910
-51,9908
-83,9907
-52,9905
92,9904
26,9903
48,9901
5,9900
39,9899
27,9898
90,9897
-67,9895
-33,9894
12,9893
-62,9892
-41,9890
-45,9889
-31,9888
47,9887
88,9886
19,9885
92,9883
-52,9882
55,9877
85,9876
14,9875
71,9874
17,9873
-79,9872
-39,9871
-100,9870
46,9869
-3,9868
61,9867
78,9866
38,9865
99,9864
56,9863
-85,9861
-19,9859
-49,9858
42,9857
-91,9856
23,9854
64,9853
-36,9852
0,9851
18,9850
2,9849
-77,9848
-90,9846
3,9845
4,9843
96,9842
-18,9841
9,9840
-8,9838
77,9837
-30,9836
19,9835
-83,9834
52,9832
57,9831
-86,9830
-30,9829
37,9827
82,9826
75,9825
9,9824
-41,9823
-78,9822
-43,9821
-79,9820
-22,9818
-63,9816
-13,9815
61,9814
83,9812
-13,9811
-34,9810
31,9809
-12,9808
-84,9807
3,9805
82,9803
37,9802
-100,9801
67,9800
95,9799
21,9798
30,9796
86,9795
-14,9793
26,9792
-64,9791
-9,9789
13,9788
-23,9786
91,9784
45,9783
93,9782
34,9781
55,9780
91,9779
-58,9776
-83,9773
-43,9771
-58,9770
24,9768
21,9767
-70,9766
20,9765
89,9764
38,9763
59,9762
51,9761
-53,9760
-45,9759
96,9756
6,9755
9,9753
11,9751
18,9750
76,9748
-31,9747
95,9744
-63,9743
31,9742
8,9741
77,9740
-86,9739
-57,9738
-40,9737
85,9736
37,9734
-48,9733
77,9732
7,9731
43,9730
-15,9729
46,9728
63,9722
-9,9721
-90,9720
-17,9719
-55,9718
-53,9717
43,9716
100,9714
-62,9713
-74,9712
34,9711
23,9710
-87,9709
10,9708
91,9706
-37,9705
97,9704
-18,9702
88,9701
-72,9700
-80,9699
85,9698
71,9696
46,9695
2,9694
-83,9691
41,9690
-59,9688
21,9685
-28,9684
-94,9682
-63,9680
-45,9679
86,9678
13,9677
-67,9675
-89,9673
73,9672
-86,9670
97,9669
-85,9668
-44,9667
20,9666
-41,9665
53,9663
-96,9660
49,9659
-80,9658
-23,9657
-39,9656
-7,9655
77,9653
-85,9652
-10,9651
-60,9649
62,9648
63,9646
3,9643
95,9642
60,9641
-63,9638
31,9637
59,9636
98,9635
27,9634
5,9631
99,9630
62,9629
-94,9626
-99,9625
92,9624
-59,9621
69,9619
-45,9618
37,9617
80,9616
12,9614
-88,9613
-36,9612
-19,9611
-49,9610
80,9609
18,9607
76,9606
-95,9605
-32,9604
-44,9603
61,9602
28,9601
-46,9598
56,9597
-47,9596
19,9595
-26,9594
6,9593
9,9592
-32,9591
83,9590
-26,9589
-41,9588
-71,9587
-23,9586
51,9584
97,9583
-96,9582
-91,9581
94,9579
22,9578
28,9577
-55,9576
-68,9574
91,9571
-81,9570
70,9569
6,9566
-86,9565
-16,9564
-52,9563
-48,9562
61,9560
75,9558
-22,9556
33,9555
-53,9554
74,9552
-9,9551
4,9550
-3,9549
76,9548
10,9544
78,9543
-21,9542
-91,9541
-22,9540
-35,9539
-94,9538
15,9537
-54,9536
-3,9535
-45,9534
93,9530
34,9528
92,9527
56,9526
-76,9524
85,9522
-60,9521
-6,9520
37,9519
-5,9517
68,9516
95,9514
-98,9513
28,9512
-5,9508
-81,9507
26,9504
-5,9503
7,9502
-99,9501
-60,9500
-20,9499
-60,9498
-57,9497
80,9496
90,9495
40,9494
-100,9493
41,9492
18,9491
-92,9488
-96,9487
13,9486
24,9484
73,9483
-98,9480
27,9479
-45,9478
-11,9477
-1,9476
-34,9475
-89,9474
-44,9473
-6,9472
-96,9471
-41,9470
37,9469
20,9468
-22,9466
-64,9465
43,9464
44,9463
-99,9461
-58,9460
-55,9459
-83,9458
8,9457
14,9454
85,9453
-83,9452
9,9451
54,9450
24,9449
83,9448
74,9447
-32,9446
-69,9443
23,9441
41,9440
0,9437
71,9436
79,9435
26,9434
-99,9433
30,9432
30,9431
-32,9430
17,9429
-55,9428
-68,9427
73,9426
-12,9425
20,9420
-52,9418
-77,9416
-92,9415
1,9414
28,9413
-37,9412
44,9411
-15,9409
-84,9408
71,9407
-80,9405
-93,9404
77,9403
-55,9402
24,9401
-97,9399
-37,9398
-9,9397
3,9396
-43,9395
-25,9393
33,9392
72,9389
-44,9388
8,9386
0,9385
0,9384
-46,9382
-12,9381
-2,9380
-5,9379
21,9378
-56,9377
67,9376
-21,9375
-42,9374
-63,9373
-72,9372
51,9370
39,9368
-81,9366
-5,9365
-50,9364
71,9363
-21,9360
84,9358
9,9357
46,9356
36,9352
-52,9351
-61,9350
-12,9349
47,9348
76,9347
-9,9346
16,9345
-19,9344
-97,9343
60,9342
-63,9341
-92,9340
43,9339
-85,9338
34,9336
-79,9334
-73,9333
-88,9332
-96,9331
-80,9330
-58,9328
-70,9326
-57,9325
53,9324
69,9323
83,9322
-69,9321
40,9320
-73,9319
-62,9318
87,9317
2,9316
-84,9315
21,9313
-6,9312
65,9311
-28,9310
-54,9308
-79,9306
-25,9304
63,9303
-2,9302
-99,9301
30,9300
-56,9299
74,9296
-2,9295
88,9294
-76,9293
-8,9292
52,9291
29,9290
-18,9289
95,9287
-66,9284
-94,9283
-59,9282
64,9281
-9,9280
-2,9279
34,9278
44,9277
58,9276
42,9275
-92,9274
-70,9273
57,9271
-88,9268
58,9267
-99,9264
-76,9263
-95,9262
70,9261
63,9260
-51,9259
76,9257
-7,9255
-8,9254
-94,9253
38,9252
-10,9251
-77,9250
27,9248
53,9247
15,9246
-29,9245
54,9242
-96,9241
-18,9240
85,9238
42,9237
33,9236
-36,9235
67,9233
4,9232
89,9231
-55,9230
-47,9229
-75,9228
51,9227
-70,9226
15,9224
-44,9223
72,9221
20,9219
-46,9217
-84,9216
-8,9215
14,9214
-16,9213
-51,9212
-23,9211
16,9210
-24,9209
-40,9208
-88,9207
-90,9206
-61,9205
-76,9204
83,9203
19,9201
-6,9200
-43,9199
94,9197
12,9196
8,9195
-20,9194
-11,9193
53,9192
98,9191
-2,9189
-57,9188
-79,9187
9,9186
-32,9185
58,9184
27,9183
52,9182
92,9181
-24,9180
52,9179
49,9178
90,9177
20,9175
-66,9173
73,9172
65,9171
-46,9170
62,9169
91,9168
25,9167
30,9166
36,9165
-76,9164
-33,9162
-34,9161
53,9159
88,9157
65,9156
18,9155
99,9154
98,9153
21,9152
-87,9151
-1,9150
75,9149
-40,9147
-77,9146
81,9145
80,9144
77,9142
74,9141
25,9140
7,9139
-29,9138
-35,9137
-76,9136
14,9134
-9,9133
23,9132
63,9131
55,9130
-30,9128
20,9126
20,9125
90,9123
87,9122
-93,9121
-64,9119
84,9118
-19,9117
-40,9114
-45,9113
-11,9112
11,9111
61,9110
-93,9109
-56,9108
60,9107
-14,9106
76,9105
82,9104
-30,9103
-35,9101
88,9100
-2,9099
71,9098
26,9096
35,9095
-89,9094
-97,9093
-51,9091
21,9088
66,9087
23,9086
-85,9085
-47,9084
-5,9082
-9,9081
82,9080
16,9079
-28,9077
20,9075
-7,9074
-79,9073
100,9072
-73,9071
-96,9070
1,9069
-25,9068
77,9066
-38,9064
-17,9063
30,9062
58,9061
-50,9060
-42,9058
23,9057
-6,9055
53,9054
65,9053
-17,9052
47,9051
-3,9050
-53,9049
41,9048
-90,9047
19,9046
-35,9045
-71,9044
-30,9043
69,9041
17,9040
-50,9039
79,9038
40,9036
59,9035
-68,9034
71,9033
-84,9032
-62,9031
78,9028
-11,9027
-46,9026
67,9025
31,9024
-78,9023
95,9022
-70,9021
98,9019
-57,9017
66,9016
70,9015
-65,9013
6,9012
33,9011
76,9010
81,9009
1,9008
-49,9006
40,9005
88,9004
43,9003
77,9002
-76,9001
-8,9000
69,8999
-74,8997
89,8996
-66,8993
-99,8991
-55,8990
59,8989
80,8988
43,8987
-36,8986
24,8985
64,8984
-18,8983
19,8982
21,8981
58,8979
5,8978
76,8977
70,8974
57,8973
-37,8972
-45,8971
-98,8969
-8,8968
62,8965
-84,8964
79,8963
-34,8962
-32,8958
-39,8957
-78,8956
58,8955
-81,8954
-41,8953
-14,8952
4,8951
-49,8950
22,8949
-62,8948
17,8947
37,8946
99,8945
-66,8944
78,8942
66,8940
24,8939
9,8938
22,8936
63,8935
15,8934
87,8931
10,8930
-27,8929
6,8927
77,8926
5,8925
-47,8923
93,8922
-18,8919
-25,8918
90,8917
13,8916
100,8915
-62,8914
-35,8912
27,8908
-28,8907
-42,8905
97,8904
19,8903
63,8902
16,8900
16,8899
-97,8898
-30,8897
-6,8896
-66,8895
-40,8894
-34,8893
58,8892
-56,8891
98,8890
-15,8889
-61,8888
-32,8887
94,8886
36,8884
21,8883
73,8882
-1,8878
-79,8877
-100,8876
-52,8875
-41,8874
43,8873
45,8872
100,8871
80,8870
87,8869
50,8868
66,8867
-97,8866
-55,8864
-80,8863
-40,8861
-33,8860
-66,8859
55,8858
71,8857
-4,8856
-67,8855
-21,8853
30,8852
8,8850
-74,8849
37,8848
-8,8846
82,8844
44,8842
-57,8841
-18,8839
98,8837
-67,8835
19,8834
-25,8833
-34,8831
20,8830
-22,8829
25,8828
98,8826
89,8824
-90,8822
12,8821
50,8820
14,8818
43,8816
74,8815
58,8814
-21,8813
-80,8812
70,8811
64,8809
-51,8808
-26,8807
-51,8804
82,8803
-62,8801
-32,8800
74,8799
-94,8798
-98,8796
-39,8795
91,8794
-36,8793
30,8791
28,8790
-25,8789
-69,8788
40,8787
63,8786
40,8785
79,8784
-24,8783
81,8782
69,8780
40,8779
95,8778
-80,8777
66,8775
-24,8774
-37,8773
-99,8772
-56,8771
90,8770
66,8769
-88,8768
77,8766
16,8765
-43,8764
-71,8763
-17,8762
-6,8761
-48,8760
97,8759
69,8757
80,8756
44,8755
-16,8753
10,8752
-78,8751
73,8750
32,8749
-9,8746
2,8744
-20,8742
-59,8739
66,8738
31,8737
66,8736
-69,8734
-63,8733
7,8732
79,8731
-45,8730
75,8729
59,8728
78,8727
-61,8725
-62,8723
-33,8720
-57,8719
-17,8717
51,8716
-21,8715
93,8713
66,8711
19,8710
57,8709
86,8707
40,8706
78,8704
-91,8703
-72,8702
-88,8701
26,8700
19,8699
-34,8698
-54,8697
-23,8696
36,8695
-92,8694
-8,8690
-18,8689
-36,8688
-82,8687
9,8686
-88,8685
66,8682
-32,8679
96,8678
78,8677
-15,8675
57,8674
95,8672
-49,8671
21,8670
20,8669
-33,8668
-82,8667
0,8664
63,8663
-17,8662
-16,8661
-66,8660
43,8659
11,8658
1,8655
-68,8654
59,8652
83,8651
71,8650
-79,8649
92,8648
-99,8647
33,8644
-20,8643
-46,8642
-54,8641
70,8640
26,8639
8,8638
77,8637
-28,8636
83,8635
-35,8634
78,8633
-27,8632
71,8631
33,8630
-27,8629
-33,8627
41,8626
-10,8625
77,8624
-82,8623
84,8622
-24,8619
-10,8618
-8,8617
-32,8614
99,8613
66,8612
97,8611
6,8609
-90,8608
84,8607
74,8604
84,8603
16,8602
-8,8601
28,8599
-97,8598
60,8597
5,8596
-21,8595
13,8593
99,8591
38,8589
88,8588
-70,8587
0,8586
85,8585
23,8584
87,8583
-2,8582
-22,8581
45,8580
93,8577
75,8576
-9,8574
69,8573
21,8572
81,8571
-62,8570
-67,8569
33,8567
-86,8566
-23,8565
-53,8564
-69,8562
94,8561
43,8560
13,8558
15,8556
17,8554
-46,8553
-41,8551
-85,8550
-20,8549
50,8548
-83,8547
13,8546
54,8543
67,8541
72,8540
-96,8539
14,8538
10,8537
65,8536
72,8535
77,8532
57,8531
87,8530
82,8529
86,8528
53,8527
46,8526
-19,8525
21,8523
-82,8522
29,8521
-34,8519
30,8517
51,8516
70,8515
-25,8514
-3,8513
-9,8512
92,8511
55,8510
-67,8509
49,8508
-70,8507
-83,8506
70,8505
-58,8504
-96,8503
58,8501
64,8500
-98,8498
50,8497
-99,8496
47,8494
56,8493
71,8492
-72,8491
68,8489
-68,8487
-100,8486
34,8485
68,8484
-24,8483
-63,8482
76,8479
26,8477
-18,8474
-47,8473
67,8472
9,8470
-62,8469
-69,8468
47,8467
-29,8466
-27,8465
-51,8463
40,8461
-65,8460
-54,8459
94,8458
96,8457
69,8455
-27,8453
62,8452
95,8449
75,8448
46,8447
-99,8445
-76,8444
-20,8442
40,8441
-92,8440
-43,8437
14,8436
-28,8435
52,8434
-77,8433
-26,8432
34,8431
43,8430
62,8429
-2,8422
100,8420
-53,8419
79,8417
-15,8416
18,8414
6,8413
-41,8411
-71,8409
66,8408
-42,8407
-41,8406
-43,8405
-97,8404
-96,8403
-98,8402
61,8400
-40,8399
30,8398
96,8397
89,8396
-3,8395
-83,8394
89,8393
70,8392
80,8391
42,8390
-91,8389
62,8387
-7,8386
0,8384
41,8383
13,8382
-5,8381
-57,8380
-34,8379
-41,8378
-81,8377
-14,8376
71,8373
23,8372
60,8369
-37,8368
-83,8365
71,8364
28,8363
-6,8362
-60,8361
-4,8360
-50,8359
-69,8358
15,8356
62,8355
-86,8351
87,8349
74,8348
-10,8347
95,8343
40,8341
-92,8339
-71,8338
93,8337
55,8333
6,8332
80,8330
-45,8328
-95,8327
75,8326
-80,8325
72,8324
-18,8323
24,8322
61,8321
15,8320
4,8319
97,8318
98,8317
5,8315
33,8314
-56,8313
67,8312
45,8311
100,8310
28,8308
-91,8307
-70,8306
49,8305
1,8304
74,8303
-95,8302
-2,8301
-3,8300
72,8299
10,8297
-23,8296
11,8295
-69,8294
36,8293
-61,8292
35,8291
80,8290
60,8288
30,8286
-2,8285
-86,8284
62,8283
-11,8282
97,8281
93,8280
-65,8278
16,8277
27,8276
42,8275
84,8273
39,8271
-1,8270
95,8269
100,8268
52,8267
-61,8266
69,8265
95,8264
100,8263
60,8262
80,8261
-73,8260
20,8259
-51,8258
63,8255
67,8253
78,8252
-90,8251
-40,8250
32,8248
77,8247
-26,8246
-12,8245
-2,8244
5,8243
-96,8242
25,8241
-60,8240
-43,8239
6,8238
-16,8236
58,8235
-29,8234
-55,8233
-12,8232
-19,8231
50,8230
-22,8229
67,8226
14,8224
75,8223
12,8222
-15,8221
-28,8220
74,8219
-97,8218
76,8217
-69,8216
94,8215
69,8214
65,8213
61,8211
21,8210
-28,8209
-42,8208
-66,8207
42,8206
48,8205
64,8204
68,8203
-95,8202
-22,8201
-17,8200
73,8199
9,8198
-9,8197
-47,8196
-57,8195
-51,8194
-91,8191
-52,8190
-93,8189
-72,8188
7,8186
96,8185
72,8184
-81,8183
60,8182
-58,8181
-49,8180
51,8179
47,8178
6,8177
42,8173
49,8170
21,8169
18,8167
82,8166
-45,8165
11,8161
-90,8160
83,8159
9,8158
4,8157
81,8156
-66,8154
-48,8153
33,8152
-10,8151
5,8150
-91,8149
10,8148
66,8147
-74,8146
54,8145
86,8144
-26,8143
-31,8142
68,8141
-41,8140
41,8139
-58,8138
29,8137
-56,8134
-100,8132
-19,8130
-45,8129
-33,8127
-13,8126
-81,8125
-19,8123
1,8122
62,8120
-88,8116
-89,8115
-92,8114
61,8112
11,8111
20,8110
-24,8107
-74,8106
2,8105
92,8103
21,8101
-81,8100
33,8099
15,8098
76,8097
88,8096
29,8095
67,8094
69,8093
-16,8092
-9,8090
-9,8089
69,8088
34,8086
87,8085
1,8084
-13,8083
-74,8082
-50,8080
-100,8079
-53,8078
-41,8077
6,8076
85,8075
-26,8074
73,8072
-33,8070
-98,8069
84,8068
-74,8067
24,8066
-35,8065
-7,8064
36,8062
80,8060
-84,8059
46,8058
-68,8057
9,8055
38,8054
71,8053
2,8052
35,8051
72,8050
-13,8047
-80,8046
71,8044
-36,8043
95,8042
18,8041
72,8040
9,8039
-66,8038
-11,8037
43,8035
-49,8033
58,8032
-70,8031
32,8030
-19,8029
51,8028
-4,8027
-68,8026
-64,8025
-58,8024
-4,8023
-28,8022
18,8021
-82,8019
-42,8018
85,8017
10,8016
81,8013
-68,8012
-12,8010
60,8009
-3,8008
25,8006
18,8005
5,8004
77,8003
-34,8001
-18,7999
54,7998
70,7995
-51,7993
-47,7992
98,7991
92,7990
-57,7987
-73,7986
50,7984
-76,7980
-38,7979
39,7978
-61,7976
88,7975
9,7974
-59,7973
-26,7970
38,7969
-55,7968
-67,7967
-46,7966
20,7965
22,7964
72,7963
77,7962
-14,7961
-34,7960
38,7959
-35,7958
96,7956
-97,7955
58,7953
-14,7951
69,7950
-66,7948
75,7947
-45,7946
-43,7945
-14,7944
-41,7943
73,7942
4,7940
71,7937
-79,7936
67,7935
36,7934
-50,7933
-98,7932
89,7929
-41,7928
95,7927
70,7926
38,7925
-30,7923
84,7917
-15,7916
98,7914
-39,7913
-98,7911
1,7910
65,7909
96,7908
-26,7907
-55,7906
72,7905
12,7903
48,7902
100,7900
42,7899
96,7897
24,7893
-17,7892
-98,7891
57,7890
-88,7889
3,7888
22,7887
-100,7885
-48,7883
48,7880
70,7879
36,7878
-96,7877
58,7876
-20,7875
19,7874
15,7873
-82,7872
-86,7870
-28,7869
38,7868
-3,7867
39,7866
80,7865
-8,7864
19,7863
93,7862
-35,7861
21,7860
91,7858
-50,7857
40,7855
-36,7853
-80,7852
-5,7851
36,7850
55,7849
-23,7848
-7,7847
-44,7846
16,7845
-60,7842
88,7841
89,7840
-50,7837
14,7836
53,7834
-57,7833
51,7832
-2,7831
81,7830
92,7828
-55,7827
-81,7826
-38,7825
78,7824
-43,7823
-53,7822
-57,7821
52,7820
-63,7819
78,7818
2,7817
-68,7815
7,7814
10,7813
-13,7812
-8,7810
-59,7809
-22,7808
-23,7807
50,7806
-42,7805
-61,7803
52,7802
-52,7801
-43,7799
77,7796
-19,7794
70,7793
-11,7791
-21,7790
64,7789
-30,7788
60,7785
76,7784
3,7781
-62,7776
-79,7775
57,7774
68,7773
94,7772
-85,7771
-88,7769
-18,7768
45,7766
10,7765
27,7763
-1,7760
-66,7759
3,7757
-92,7756
6,7754
-7,7752
-77,7751
-43,7750
18,7749
17,7748
73,7747
20,7746
7,7744
9,7742
99,7741
22,7740
-27,7739
-19,7738
-22,7737
-40,7736
73,7733
42,7732
-70,7731
-96,7730
24,7729
21,7728
56,7725
-19,7722
-93,7721
80,7720
27,7719
0,7718
17,7715
-81,7714
15,7713
-56,7710
-60,7708
-24,7707
-45,7706
-2,7704
62,7703
81,7702
69,7701
84,7699
26,7698
51,7697
-89,7696
-30,7695
-66,7694
-82,7693
47,7692
-32,7691
-14,7690
47,7686
-49,7685
-9,7684
4,7683
92,7682
-28,7681
-70,7680
80,7679
67,7678
-26,7677
-38,7675
15,7671
92,7670
-97,7669
-82,7668
-91,7667
60,7666
-93,7665
64,7664
-17,7663
-48,7662
-64,7661
48,7658
89,7657
79,7656
-44,7655
-75,7654
25,7652
-64,7651
-73,7649
-56,7648
62,7646
41,7645
7,7643
-19,7642
-71,7641
-36,7640
64,7638
-34,7637
-32,7635
16,7634
-89,7633
-16,7632
73,7631
61,7630
-99,7627
85,7626
93,7625
-51,7623
63,7622
-65,7621
68,7620
45,7619
65,7618
75,7617
-8,7613
74,7612
-52,7611
7,7610
-81,7609
78,7606
100,7603
86,7602
0,7601
60,7599
-3,7598
-19,7595
68,7594
53,7593
55,7592
-4,7591
-99,7590
-31,7589
-47,7588
-15,7586
-67,7585
-22,7584
-76,7582
-98,7581
8,7580
85,7579
25,7578
-77,7577
45,7576
-18,7575
5,7574
40,7573
-48,7572
16,7571
71,7570
-59,7567
-25,7566
59,7565
98,7564
7,7563
-43,7561
-79,7560
55,7559
34,7558
-73,7556
-5,7555
-30,7554
20,7552
81,7551
-60,7549
-43,7548
7,7545
64,7544
-76,7543
26,7542
-76,7541
-7,7540
18,7539
83,7538
-12,7537
69,7536
-18,7535
6,7534
4,7533
-71,7532
-77,7530
82,7529
-38,7528
-96,7527
96,7526
-99,7525
9,7524
43,7522
-94,7521
60,7519
-95,7517
15,7516
-4,7515
59,7514
38,7513
56,7512
-39,7511
30,7510
-57,7509
88,7508
37,7507
26,7506
-91,7505
-73,7504
24,7503
81,7502
73,7501
66,7499
-54,7498
-58,7497
34,7496
0,7495
-14,7494
-83,7493
54,7491
-54,7490
70,7487
-9,7486
-48,7484
-71,7482
33,7481
-1,7480
-45,7477
-43,7476
47,7475
77,7474
-55,7472
69,7471
29,7469
75,7468
-68,7467
68,7466
-66,7465
-46,7464
-27,7463
-4,7462
-96,7461
-20,7459
-70,7457
60,7456
-42,7455
-59,7454
50,7453
-44,7452
-3,7451
-92,7450
-31,7449
30,7448
-1,7446
8,7445
9,7444
6,7443
-82,7442
-42,7438
100,7437
-67,7436
88,7434
17,7433
34,7432
40,7431
-7,7430
86,7427
-75,7426
14,7425
27,7424
26,7423
64,7422
45,7421
-8,7418
-67,7417
-96,7416
57,7415
-8,7414
-12,7413
-92,7412
87,7411
-25,7410
-40,7409
87,7408
-12,7407
67,7406
43,7405
96,7404
13,7403
20,7402
92,7399
-25,7398
0,7397
-8,7396
15,7393
47,7392
-81,7391
-80,7390
-55,7389
-34,7387
-94,7386
13,7385
-24,7383
-99,7382
55,7380
-94,7379
-37,7378
-58,7377
73,7375
-38,7373
-5,7372
64,7370
4,7369
24,7368
-13,7367
62,7366
60,7365
-15,7364
2,7358
20,7357
-49,7355
-73,7351
39,7350
19,7348
-76,7347
-72,7346
53,7345
-75,7343
-26,7342
100,7341
-71,7340
-20,7339
11,7335
-96,7334
-67,7333
40,7332
32,7329
-49,7328
-48,7327
22,7326
62,7325
83,7324
12,7322
64,7321
-21,7320
1,7319
-91,7318
-16,7317
-78,7316
44,7315
-52,7314
-78,7313
41,7311
-40,7310
-22,7309
-52,7308
56,7306
29,7304
-73,7301
-27,7299
69,7296
-31,7295
-38,7293
34,7292
42,7291
-32,7289
-7,7288
96,7287
-70,7286
-7,7285
-23,7284
50,7281
56,7280
-9,7278
9,7277
71,7275
94,7274
34,7273
-92,7272
51,7270
43,7269
-57,7268
17,7267
7,7266
-27,7265
-41,7264
-15,7261
-91,7260
38,7259
-30,7258
77,7256
83,7255
-25,7254
-20,7252
-77,7251
-50,7248
-92,7247
37,7246
84,7245
81,7244
77,7241
43,7239
13,7238
-37,7237
-55,7235
-97,7234
-76,7233
-97,7232
-42,7231
84,7230
54,7229
56,7228
-27,7226
-68,7225
-95,7224
-95,7223
20,7222
-24,7221
-75,7220
-68,7219
-36,7218
-85,7217
42,7216
-25,7214
-75,7212
-82,7211
-99,7210
-78,7209
-41,7208
48,7207
-55,7206
76,7205
4,7204
-3,7203
89,7202
40,7201
47,7200
11,7199
-13,7198
-35,7197
-60,7196
-50,7194
-60,7192
52,7191
-97,7189
-81,7187
-64,7185
51,7184
5,7183
-33,7182
86,7181
67,7180
28,7179
-46,7178
66,7176
-93,7171
-53,7170
-39,7169
-13,7168
100,7167
46,7166
86,7165
100,7164
-9,7162
36,7161
-25,7160
49,7159
-64,7158
27,7157
-41,7156
-19,7155
-33,7154
30,7152
28,7151
78,7150
-27,7149
93,7148
97,7145
12,7144
-5,7143
-35,7142
-25,7141
30,7140
21,7139
-40,7138
-50,7137
-16,7135
55,7134
-14,7132
53,7131
0,7130
96,7128
77,7126
-1,7125
-72,7124
67,7122
-20,7121
24,7119
-61,7117
-18,7116
97,7115
2,7112
-95,7111
-10,7110
69,7109
-82,7107
95,7106
81,7105
-65,7104
30,7102
-3,7101
93,7100
-16,7099
-59,7098
11,7097
17,7096
79,7095
-83,7094
59,7093
-39,7091
61,7090
33,7089
-95,7086
-97,7085
12,7084
79,7083
37,7082
-25,7079
82,7078
79,7077
7,7076
-78,7075
27,7074
92,7073
26,7072
91,7070
66,7069
49,7068
-46,7067
-36,7066
-35,7062
-65,7061
-35,7060
-49,7058
-69,7057
9,7056
-39,7055
-23,7054
20,7052
67,7051
-74,7049
-59,7047
-54,7046
-58,7045
-2,7044
-38,7043
-53,7042
-100,7041
-45,7040
-1,7039
72,7038
-82,7036
93,7035
1,7033
-36,7030
86,7029
-64,7027
-28,7026
43,7025
-65,7023
-76,7022
-90,7020
-80,7019
-34,7018
-6,7017
-84,7016
42,7015
-27,7014
-62,7013
-91,7012
-72,7011
-34,7009
-51,7008
37,7006
-79,7005
-96,7004
-13,7000
-23,6999
-61,6997
37,6996
-87,6995
-5,6994
78,6993
27,6992
-49,6991
91,6989
25,6988
-23,6986
39,6985
-6,6984
-97,6982
75,6980
89,6979
-2,6978
-34,6977
10,6974
66,6973
44,6972
-28,6971
-77,6968
-3,6966
-59,6965
-43,6964
-34,6963
6,6962
24,6961
57,6959
-47,6958
-39,6957
-29,6956
37,6954
-10,6953
7,6952
-93,6951
-51,6950
-50,6949
35,6948
-42,6947
4,6945
26,6943
-68,6942
11,6941
74,6940
64,6939
-34,6938
-55,6937
60,6936
77,6935
-22,6934
-78,6931
-56,6930
-79,6929
83,6928
-71,6927
11,6926
-17,6925
15,6924
-78,6923
26,6922
-38,6921
-21,6920
0,6917
-71,6916
0,6915
-65,6911
-14,6910
-28,6907
84,6905
-47,6904
-48,6903
99,6901
-39,6900
21,6899
-14,6898
-36,6896
45,6894
86,6893
-99,6892
15,6891
32,6890
36,6889
25,6888
53,6887
0,6886
75,6884
17,6883
-4,6882
41,6880
18,6878
-74,6877
3,6875
51,6874
98,6872
52,6871
49,6870
-30,6867
70,6866
22,6864
9,6863
93,6861
8,6860
-48,6858
74,6855
20,6854
-94,6853
-36,6852
97,6851
-55,6850
-24,6848
92,6847
56,6846
-86,6844
-59,6843
-64,6842
-42,6841
-47,6839
77,6838
40,6837
70,6836
-68,6835
41,6834
-80,6833
68,6831
4,6830
-47,6829
15,6828
-55,6827
-51,6826
7,6825
-93,6822
29,6821
14,6820
96,6818
84,6815
38,6813
98,6811
-25,6810
5,6808
-100,6806
-1,6805
50,6803
66,6801
-86,6800
-26,6799
94,6797
-33,6796
45,6795
-16,6794
78,6793
95,6792
-18,6791
-22,6789
-8,6788
33,6785
-1,6784
-1,6783
14,6781
91,6780
-45,6778
62,6776
-30,6774
-18,6773
60,6772
82,6770
-16,6769
35,6767
-94,6766
25,6765
-85,6764
51,6763
100,6762
26,6761
-24,6759
-61,6757
31,6754
-33,6752
83,6751
66,6750
-96,6749
93,6747
-45,6746
-5,6745
57,6744
-41,6743
49,6742
-71,6741
50,6740
32,6739
-8,6735
8,6734
-22,6732
-74,6730
78,6729
-40,6728
17,6727
-45,6725
-21,6724
-16,6723
-63,6722
70,6721
96,6720
23,6719
67,6718
-18,6715
13,6714
-45,6713
64,6711
76,6710
-11,6709
27,6708
52,6705
-32,6704
-51,6703
40,6702
-97,6700
-72,6699
-65,6698
-1,6697
-67,6696
82,6695
16,6693
-16,6692
-3,6691
-71,6690
-14,6689
75,6686
100,6685
26,6684
26,6683
-11,6682
-93,6681
21,6679
78,6678
86,6676
73,6675
-88,6674
42,6673
-29,6672
-45,6671
11,6670
8,6668
-38,6667
-50,6665
-99,6664
-92,6663
53,6661
-13,6660
80,6659
5,6657
15,6656
21,6654
99,6653
-17,6652
8,6651
-52,6650
-27,6648
83,6647
19,6645
42,6641
-39,6639
-100,6638
-66,6637
1,6636
-82,6635
34,6634
59,6632
-2,6630
-23,6629
81,6628
98,6627
-62,6626
-8,6623
21,6621
-37,6619
27,6617
-2,6616
-75,6615
7,6614
78,6613
76,6612
-55,6611
16,6610
-72,6609
28,6606
-39,6605
-72,6604
-19,6603
53,6601
45,6600
19,6599
-59,6598
91,6597
86,6596
-23,6594
65,6587
-3,6586
-81,6584
10,6582
9,6581
75,6580
-54,6578
-57,6576
-24,6575
-60,6573
53,6571
-98,6569
-34,6568
24,6567
-9,6566
-32,6561
1,6558
21,6557
39,6556
42,6554
64,6553
25,6552
-70,6551
85,6550
-25,6549
-26,6547
6,6546
54,6545
70,6544
-9,6543
28,6542
-1,6541
-49,6540
-11,6538
54,6537
52,6533
70,6532
-97,6531
-17,6529
10,6528
-95,6526
-55,6524
-29,6523
-100,6522
-12,6521
-77,6520
-43,6518
-77,6517
11,6516
-62,6514
98,6513
-46,6512
47,6511
-93,6510
40,6509
97,6508
-56,6507
-33,6505
-62,6504
33,6503
35,6501
-55,6500
-58,6499
-28,6498
40,6497
-77,6496
-16,6495
78,6494
-41,6493
69,6492
41,6491
-95,6490
-44,6487
26,6485
0,6484
-52,6483
7,6482
-55,6481
91,6480
-74,6479
86,6478
7,6476
-10,6475
-19,6474
44,6473
-82,6472
28,6471
-49,6470
85,6468
-43,6467
72,6465
12,6464
24,6463
-21,6462
90,6461
18,6460
-87,6459
-15,6458
-39,6456
56,6455
-74,6454
-34,6452
-85,6450
1,6449
-70,6444
-48,6443
-78,6442
-52,6441
-7,6440
-93,6439
70,6438
23,6437
26,6435
2,6434
-74,6433
69,6431
48,6430
-28,6427
-78,6424
-20,6423
55,6422
48,6421
37,6420
-66,6419
15,6418
-5,6417
-30,6415
-32,6414
-79,6413
9,6412
27,6411
42,6410
62,6408
59,6407
84,6405
12,6404
76,6403
39,6400
32,6399
-40,6396
-68,6395
-25,6394
-21,6393
-68,6392
3,6391
-17,6390
-74,6389
-88,6388
-11,6387
35,6386
74,6385
99,6384
89,6382
-59,6381
-5,6380
10,6379
-74,6376
95,6375
-66,6373
-5,6371
-26,6370
-44,6369
63,6368
54,6367
-13,6366
65,6363
39,6362
-26,6360
-90,6359
-78,6358
75,6357
-83,6356
-89,6355
-75,6354
100,6353
36,6352
91,6348
-77,6347
-25,6346
-45,6345
-79,6344
90,6343
-79,6342
44,6341
-6,6340
96,6339
-78,6337
-56,6336
43,6334
67,6332
-16,6330
-79,6329
-47,6328
31,6327
2,6326
9,6325
-74,6324
61,6323
30,6322
-9,6321
-66,6320
8,6319
2,6317
74,6315
-8,6314
100,6312
-85,6311
24,6310
97,6309
-30,6308
-6,6307
-3,6305
85,6304
50,6302
79,6301
92,6299
87,6298
-85,6296
94,6295
34,6294
66,6293
99,6292
-80,6291
50,6289
-57,6288
-48,6287
1,6286
26,6282
28,6279
52,6277
-36,6276
58,6275
23,6274
82,6273
2,6272
14,6271
-26,6270
59,6269
-61,6267
93,6266
76,6265
91,6263
-3,6262
-80,6261
-8,6259
-73,6258
4,6254
43,6251
-15,6250
-69,6249
-97,6247
-2,6246
96,6245
-73,6244
-97,6243
5,6242
65,6240
47,6239
56,6238
44,6237
-45,6236
83,6235
-66,6234
46,6233
83,6231
-98,6230
-74,6229
32,6228
-69,6227
58,6226
-28,6225
-22,6224
82,6222
-60,6221
-54,6220
57,6219
-72,6217
-46,6216
100,6215
-49,6214
-96,6213
-69,6211
-41,6210
-81,6209
-23,6208
55,6207
20,6206
-82,6205
-34,6201
-9,6200
-25,6199
91,6196
-15,6195
-47,6194
80,6191
-18,6188
26,6187
-37,6186
-55,6185
-26,6184
-53,6183
26,6182
62,6181
6,6179
66,6178
74,6176
47,6175
-49,6174
37,6172
8,6171
86,6168
-77,6167
21,6166
-2,6164
-13,6163
33,6161
19,6159
93,6156
67,6155
-71,6154
26,6152
-100,6151
-11,6150
-47,6149
30,6147
28,6145
-75,6144
-65,6143
-84,6142
-97,6141
-3,6140
-76,6139
50,6138
71,6137
-48,6135
13,6134
49,6130
83,6129
19,6127
-1,6126
23,6125
70,6123
-29,6121
77,6120
-15,6119
-40,6118
98,6117
50,6114
9,6113
93,6112
-88,6111
69,6110
11,6109
79,6108
47,6107
32,6106
58,6105
-25,6104
9,6103
-22,6101
-91,6100
-51,6099
37,6098
-61,6097
96,6096
20,6095
-84,6094
-51,6092
55,6091
47,6090
10,6089
50,6088
73,6086
27,6083
42,6082
59,6081
-30,6080
-21,6079
23,6078
-64,6076
-36,6075
90,6074
-21,6073
-33,6072
78,6070
-14,6069
-97,6068
90,6067
-85,6066
-35,6065
97,6064
40,6061
-34,6060
50,6059
-42,6058
100,6057
-56,6056
87,6055
-89,6054
95,6053
-72,6052
48,6051
37,6050
23,6049
26,6048
16,6046
-71,6044
-47,6043
0,6042
-40,6040
-77,6039
-28,6038
12,6037
12,6036
8,6035
29,6034
-62,6033
9,6031
-9,6030
-85,6029
8,6028
-72,6027
82,6026
70,6025
61,6024
35,6023
66,6022
18,6020
91,6019
-91,6018
24,6017
85,6014
-84,6013
-99,6012
-74,6010
-60,6009
-41,6008
99,6007
-26,6006
-31,6005
-20,6003
-20,6002
77,6001
-47,6000
-13,5998
-72,5997
84,5994
-9,5993
-22,5992
77,5990
96,5989
-90,5988
56,5987
-48,5986
84,5985
49,5984
88,5981
-65,5980
-79,5979
-40,5977
-58,5976
-36,5975
90,5974
-50,5973
69,5971
9,5970
76,5969
-95,5968
91,5967
-61,5966
-67,5965
-81,5963
-38,5962
69,5960
-16,5959
93,5958
75,5956
83,5955
-58,5954
33,5953
-81,5952
22,5951
-62,5950
-80,5949
39,5947
43,5946
68,5945
64,5944
66,5943
-82,5942
-52,5941
-65,5939
-56,5936
-89,5935
72,5932
48,5931
46,5930
34,5929
23,5928
-45,5927
66,5925
-20,5924
-28,5923
-52,5922
14,5921
-96,5920
-43,5919
-94,5916
-90,5915
-75,5911
76,5910
50,5909
33,5908
86,5907
-92,5906
16,5905
-80,5904
-86,5901
43,5900
-19,5899
64,5898
-50,5897
62,5895
15,5892
44,5890
-50,5889
-85,5888
-77,5887
30,5886
56,5885
-76,5883
-93,5882
-78,5881
-7,5880
24,5879
92,5878
-83,5877
68,5876
83,5875
-24,5874
37,5873
41,5871
-89,5870
-12,5869
-13,5868
-35,5867
22,5866
47,5865
20,5864
-2,5863
28,5862
-31,5861
33,5860
41,5858
-10,5857
-87,5856
23,5855
3,5854
19,5853
-77,5851
41,5849
-69,5848
5,5847
64,5846
-58,5844
2,5842
-47,5840
78,5839
-82,5838
22,5837
51,5834
-98,5833
-96,5831
68,5830
45,5829
0,5827
34,5825
79,5824
6,5823
-78,5822
-11,5821
-34,5820
-44,5819
-100,5818
61,5817
5,5816
19,5815
67,5812
34,5811
-62,5810
31,5808
-53,5806
48,5805
-11,5804
-94,5803
47,5802
-46,5801
-15,5800
-47,5799
-24,5797
83,5796
18,5795
-2,5794
45,5793
-82,5792
44,5791
-95,5790
30,5789
1,5788
-38,5787
27,5786
-51,5785
-25,5784
-84,5783
-38,5782
-48,5781
34,5780
-54,5779
-74,5778
38,5777
-48,5775
56,5774
49,5773
78,5772
32,5771
17,5769
-10,5768
-28,5767
-78,5765
-16,5764
-79,5761
62,5759
60,5758
32,5757
-97,5756
-78,5755
-57,5754
-43,5753
73,5752
-85,5751
21,5750
72,5749
90,5748
46,5747
11,5746
72,5745
47,5744
-72,5743
-24,5742
-32,5741
11,5740
51,5739
37,5737
-90,5736
11,5733
84,5730
-66,5729
-96,5728
-1,5726
9,5725
-13,5723
50,5722
75,5721
92,5720
-36,5719
-24,5716
-38,5715
-52,5714
-90,5713
-28,5712
4,5711
-4,5710
50,5709
-73,5707
-53,5706
39,5705
1,5704
85,5703
-27,5702
21,5701
2,5698
61,5697
5,5696
95,5695
-44,5693
-15,5692
59,5691
32,5690
96,5689
-87,5688
-5,5687
47,5686
53,5685
-85,5683
47,5682
67,5680
-46,5679
0,5678
-40,5671
-100,5670
-62,5669
-47,5667
-64,5666
-27,5664
6,5663
-41,5661
74,5660
9,5659
-31,5658
13,5657
75,5656
48,5655
-54,5654
71,5652
-36,5651
46,5650
76,5649
74,5648
1,5647
-93,5646
39,5644
-10,5643
-57,5642
-92,5641
-15,5640
-36,5639
-13,5636
-10,5635
-44,5634
-57,5633
97,5632
-87,5630
3,5627
64,5626
-90,5625
6,5624
67,5623
-2,5622
53,5621
10,5620
80,5619
27,5617
-44,5616
-34,5615
-38,5614
-93,5613
-32,5612
76,5610
-51,5609
-13,5608
-100,5607
53,5606
12,5604
-53,5602
-41,5601
-39,5599
-29,5598
-96,5597
58,5595
-41,5594
-34,5591
-87,5590
13,5589
68,5588
-43,5587
-71,5586
-63,5585
-45,5584
32,5583
-3,5582
33,5581
-59,5580
7,5579
69,5577
92,5575
-53,5574
78,5571
96,5569
-48,5568
31,5567
-71,5566
-51,5563
4,5562
62,5559
48,5558
46,5556
-29,5554
95,5553
20,5551
50,5549
32,5547
49,5544
76,5541
-70,5540
-89,5539
-43,5538
24,5537
24,5536
-15,5535
46,5534
21,5532
95,5530
25,5529
80,5527
-89,5526
84,5525
-42,5524
72,5522
70,5519
4,5518
-99,5517
23,5516
-36,5515
54,5513
22,5512
-41,5511
69,5510
33,5509
-86,5508
-18,5507
-16,5505
-67,5504
-67,5502
15,5501
38,5500
-94,5497
54,5496
-79,5495
36,5494
-3,5493
-17,5492
2,5491
85,5489
95,5487
-29,5486
52,5485
88,5484
94,5483
-42,5482
10,5481
-45,5480
-94,5479
85,5476
37,5475
-24,5474
-75,5473
-19,5472
69,5471
-100,5470
-5,5467
-67,5465
81,5464
68,5463
2,5462
3,5461
60,5458
30,5457
-16,5456
-31,5455
-30,5454
-61,5452
-7,5450
-61,5448
10,5446
79,5444
-28,5443
-35,5440
89,5439
68,5436
-5,5435
-14,5434
43,5431
22,5429
70,5428
-53,5427
67,5426
16,5425
-5,5424
53,5423
53,5421
-60,5419
84,5418
-87,5417
-47,5416
49,5414
-17,5413
-22,5412
2,5411
83,5409
23,5408
37,5407
-59,5406
11,5405
23,5404
20,5403
-67,5402
18,5401
11,5400
-42,5399
-81,5398
84,5397
55,5394
70,5393
4,5391
-28,5389
47,5388
32,5386
-18,5385
13,5384
35,5383
-74,5382
-11,5381
96,5380
-52,5379
-2,5376
-55,5375
34,5373
-17,5372
-82,5371
-84,5370
43,5368
-2,5367
81,5365
36,5363
36,5362
41,5360
-58,5359
37,5356
25,5355
31,5354
92,5353
-43,5352
91,5351
28,5350
74,5348
90,5347
63,5343
44,5342
85,5340
-50,5339
-95,5338
-64,5337
45,5335
86,5334
-44,5333
65,5332
61,5330
-41,5328
87,5327
66,5326
5,5325
89,5324
90,5323
-67,5320
-45,5319
-14,5318
65,5317
87,5316
3,5315
11,5313
2,5312
67,5311
93,5310
72,5308
-43,5307
-13,5306
55,5305
-35,5304
-72,5301
-67,5300
44,5299
37,5298
-96,5297
-38,5295
-29,5293
-59,5291
76,5290
45,5289
48,5288
-26,5287
88,5286
57,5285
96,5284
72,5282
-62,5281
69,5280
-76,5279
-78,5278
-98,5276
-31,5275
-36,5274
40,5273
-49,5272
62,5269
16,5266
-64,5265
-78,5262
-17,5261
-22,5259
98,5258
-1,5257
54,5256
13,5254
20,5252
-39,5247
-57,5246
74,5245
62,5243
37,5240
-97,5239
-67,5238
-69,5236
-37,5234
74,5231
-91,5230
-13,5229
68,5228
-57,5227
-84,5226
28,5224
29,5223
22,5222
14,5221
-65,5219
-71,5218
38,5216
9,5214
-34,5213
35,5212
-21,5211
93,5210
54,5209
-56,5207
44,5205
48,5204
8,5203
32,5202
-11,5201
-14,5200
42,5199
-83,5198
-63,5196
-29,5195
5,5194
-86,5192
-1,5191
16,5190
-57,5188
-41,5186
-4,5185
-20,5183
60,5180
75,5179
-53,5178
93,5176
-32,5175
38,5174
-85,5173
44,5172
67,5171
81,5170
4,5169
37,5168
-98,5167
37,5166
97,5165
-72,5164
94,5163
89,5162
-31,5161
-10,5160
2,5159
95,5158
-5,5157
-7,5156
31,5155
2,5154
-8,5152
9,5151
-48,5150
39,5149
59,5148
-9,5147
34,5146
-69,5145
-63,5144
-91,5142
67,5141
-7,5140
-33,5139
49,5137
-88,5135
-84,5134
13,5133
-39,5132
3,5129
31,5128
28,5127
75,5124
74,5123
39,5122
-31,5121
30,5120
4,5119
41,5117
70,5116
-9,5115
18,5114
-10,5113
-36,5112
-24,5111
-67,5109
-84,5108
-99,5107
79,5106
37,5105
-76,5104
71,5103
3,5102
-94,5101
36,5100
-6,5099
-88,5098
-61,5097
-35,5094
1,5093
-24,5091
54,5089
-92,5086
-24,5085
-74,5084
-91,5083
21,5082
69,5081
0,5080
38,5079
-64,5078
32,5077
63,5076
-47,5075
11,5073
-61,5072
-24,5071
37,5069
-14,5068
-32,5067
-74,5066
-50,5065
-54,5064
-14,5063
60,5062
-100,5061
96,5060
64,5059
-67,5056
28,5055
22,5053
13,5052
34,5050
-78,5049
62,5048
-95,5047
-62,5045
-77,5043
65,5042
-61,5041
-100,5040
-5,5039
-53,5035
-81,5034
-50,5033
49,5032
-48,5030
19,5029
-73,5028
-78,5025
7,5024
60,5022
78,5021
-31,5019
37,5018
55,5017
-84,5016
-34,5015
53,5014
52,5013
-55,5011
79,5009
-24,5008
25,5004
69,5003
38,5002
-72,5001
29,5000
46,4999
-47,4998
-72,4997
-97,4995
48,4994
93,4993
-31,4991
-90,4990
77,4989
-11,4988
18,4987
-26,4986
-99,4985
100,4984
22,4983
81,4982
67,4979
54,4978
-67,4977
16,4976
93,4974
-87,4972
-57,4971
-56,4970
-16,4969
68,4968
-35,4966
50,4965
78,4964
-15,4963
8,4962
13,4961
94,4960
55,4959
-52,4958
-48,4956
38,4955
89,4954
-87,4951
33,4949
-74,4948
39,4947
30,4946
65,4945
65,4944
80,4943
-53,4941
-8,4940
98,4939
-8,4937
-12,4936
6,4935
9,4934
40,4933
28,4932
-38,4931
-18,4930
22,4928
4,4927
84,4926
-11,4925
68,4924
97,4923
10,4922
65,4921
-22,4920
-38,4917
27,4916
10,4915
87,4914
84,4913
-38,4912
6,4911
64,4910
100,4909
-97,4908
-25,4907
-78,4906
-3,4905
-93,4904
-23,4903
-52,4902
16,4901
-35,4896
-25,4895
-84,4894
-53,4893
94,4892
58,4890
9,4889
-85,4888
-88,4887
95,4884
89,4883
-15,4882
46,4881
62,4878
3,4876
-6,4874
-40,4872
100,4871
-96,4870
22,4869
79,4867
15,4866
30,4865
-38,4864
76,4863
94,4860
-11,4859
50,4858
-83,4857
-70,4856
90,4855
7,4854
-86,4850
86,4849
-16,4847
76,4845
-59,4844
-57,4843
85,4842
-34,4841
-41,4840
-37,4839
8,4838
42,4837
-90,4836
90,4834
90,4833
-80,4832
99,4831
4,4830
67,4829
29,4826
-75,4825
-83,4824
-63,4823
69,4822
-48,4821
54,4820
-8,4819
-62,4818
-35,4816
-56,4814
93,4813
58,4811
-40,4808
12,4807
93,4804
-32,4803
34,4802
82,4800
89,4799
8,4796
23,4794
-16,4791
79,4790
-69,4787
77,4785
-65,4783
69,4782
-56,4781
89,4780
-53,4779
37,4778
-62,4777
-20,4776
-96,4775
-89,4774
-34,4773
12,4772
84,4770
-61,4769
25,4767
0,4766
45,4765
-7,4764
-80,4763
-33,4762
-73,4760
48,4759
51,4758
46,4757
95,4756
35,4754
-60,4753
99,4752
19,4751
20,4750
-66,4749
13,4748
70,4747
6,4745
92,4744
5,4742
-78,4741
-96,4740
-66,4738
-12,4737
79,4736
-36,4734
-39,4733
23,4732
-31,4731
-8,4729
-79,4728
72,4727
-96,4726
87,4724
-95,4721
-78,4719
-76,4718
37,4716
97,4715
27,4714
43,4713
6,4712
-60,4708
46,4705
89,4704
-31,4703
-33,4702
76,4701
42,4699
-70,4698
-43,4697
54,4695
89,4694
-39,4692
37,4690
36,4689
36,4688
-97,4687
4,4686
94,4684
-81,4683
48,4682
-51,4681
-89,4680
-67,4679
61,4678
-29,4677
-49,4675
-72,4674
83,4673
-24,4672
-16,4671
0,4669
-83,4668
33,4666
24,4665
77,4664
32,4663
43,4658
-86,4657
10,4656
72,4655
19,4654
-33,4652
62,4651
99,4650
77,4649
-61,4648
-89,4646
78,4644
17,4643
92,4641
-34,4640
4,4639
88,4638
98,4636
1,4635
-54,4634
77,4633
-97,4631
39,4630
-46,4628
55,4627
64,4626
11,4625
100,4624
-61,4622
-66,4621
2,4619
-40,4618
90,4617
-31,4616
49,4614
-53,4613
-26,4612
44,4610
-15,4609
10,4608
-18,4606
57,4605
24,4604
-70,4603
-52,4602
-58,4601
74,4600
-35,4599
-7,4598
77,4597
-64,4596
1,4595
-28,4594
-49,4593
-45,4592
44,4590
100,4589
15,4587
-61,4584
50,4583
-47,4581
31,4580
91,4579
-93,4578
-100,4577
68,4576
-5,4574
98,4573
34,4572
-12,4571
100,4570
55,4568
42,4567
25,4565
38,4564
49,4563
5,4560
43,4558
-48,4557
-87,4556
5,4555
-46,4554
-85,4553
-8,4552
70,4551
37,4550
-33,4548
31,4547
46,4546
12,4545
-23,4544
-43,4543
-100,4542
58,4541
-88,4537
-29,4536
-80,4535
43,4534
27,4533
-92,4531
-7,4530
3,4528
38,4526
-83,4524
-85,4522
-3,4520
72,4519
34,4518
-95,4517
-71,4516
63,4515
-87,4514
-8,4513
-6,4512
96,4510
46,4508
71,4507
94,4506
85,4505
96,4504
-24,4502
52,4499
13,4498
76,4497
10,4496
32,4495
-73,4494
-51,4493
83,4492
-52,4489
-61,4488
-40,4487
30,4486
45,4485
-96,4484
2,4483
27,4482
-98,4481
-77,4480
49,4479
82,4477
90,4476
2,4475
45,4474
76,4473
-71,4472
43,4471
-64,4469
-83,4468
-39,4467
-73,4466
94,4464
87,4463
61,4462
74,4461
70,4460
-59,4459
20,4458
80,4457
-29,4456
51,4455
32,4454
-83,4453
9,4452
89,4450
33,4448
-48,4447
31,4445
-31,4443
35,4442
-57,4441
85,4440
-83,4439
-81,4438
-35,4435
13,4433
99,4432
-90,4427
-94,4426
-19,4425
63,4424
21,4418
6,4417
75,4416
87,4414
-45,4413
-28,4412
75,4410
94,4409
53,4408
73,4407
-97,4406
-28,4405
14,4404
-12,4403
-69,4402
-54,4401
94,4400
44,4399
66,4398
11,4397
14,4396
-64,4395
29,4394
46,4393
-25,4392
22,4391
-48,4390
-64,4388
85,4387
-22,4385
66,4384
51,4383
-17,4382
-8,4381
-57,4379
6,4378
77,4377
23,4375
-38,4374
-20,4372
72,4371
58,4370
-49,4369
-38,4368
49,4367
-59,4365
-53,4364
91,4363
88,4359
-49,4358
-72,4356
-84,4355
-4,4353
-76,4350
53,4348
-92,4347
29,4346
90,4343
3,4342
73,4341
-32,4340
92,4339
3,4338
48,4337
33,4336
-15,4335
-59,4333
-20,4332
13,4331
96,4330
-70,4329
-85,4327
-90,4326
-79,4325
0,4322
-68,4321
20,4319
-22,4318
-82,4317
-65,4316
24,4315
-20,4314
-74,4313
22,4312
30,4311
26,4309
-47,4308
19,4307
14,4306
-96,4305
-34,4304
64,4302
98,4301
-8,4300
35,4295
-48,4294
4,4293
14,4292
-25,4291
52,4290
61,4289
46,4287
-11,4286
78,4284
-1,4282
41,4279
-16,4278
41,4277
33,4276
-32,4275
38,4273
-49,4272
49,4270
43,4269
84,4268
70,4267
-56,4266
24,4265
52,4264
-51,4262
26,4260
44,4259
69,4258
31,4255
14,4254
38,4253
3,4252
74,4250
-75,4249
99,4248
59,4247
-33,4243
-48,4242
51,4241
-87,4240
65,4238
-6,4237
-37,4233
-71,4232
8,4231
-7,4229
7,4228
87,4225
58,4223
61,4220
-7,4219
-44,4218
88,4217
11,4216
15,4215
40,4214
25,4213
28,4212
-56,4210
77,4209
-88,4207
56,4206
67,4204
97,4203
-30,4202
70,4200
-16,4199
50,4198
-91,4196
-95,4195
-27,4194
-14,4193
-40,4192
-94,4190
97,4189
67,4187
97,4185
-10,4184
91,4183
-58,4182
76,4181
20,4180
-97,4179
-11,4178
-97,4176
84,4175
-9,4174
85,4173
-14,4172
-19,4171
-98,4170
-50,4169
-33,4166
25,4165
-14,4164
-41,4163
-31,4162
-20,4161
-77,4160
88,4159
-7,4158
-37,4157
-91,4156
-96,4155
-41,4154
-49,4153
-77,4152
98,4151
20,4148
-20,4147
21,4146
8,4145
80,4144
72,4143
-53,4142
6,4141
48,4140
57,4139
11,4138
-100,4137
71,4136
-78,4135
23,4133
-87,4132
-77,4131
14,4130
70,4127
-58,4125
-29,4124
21,4122
24,4121
15,4120
-2,4119
70,4118
-30,4117
-50,4116
-97,4113
-17,4112
28,4111
33,4109
57,4108
55,4107
-69,4103
73,4102
26,4100
-61,4099
-20,4098
77,4097
-92,4096
7,4095
-10,4094
-63,4093
-11,4092
-55,4091
39,4090
-56,4089
12,4087
49,4086
55,4085
-37,4084
-70,4083
-83,4082
-48,4081
24,4080
-24,4079
-99,4078
-49,4077
-41,4076
5,4075
27,4073
63,4072
-15,4070
-25,4069
57,4068
79,4063
12,4062
65,4061
-95,4060
93,4059
-83,4058
-53,4056
42,4054
18,4053
-100,4049
20,4048
-75,4047
-75,4045
-7,4044
62,4043
-80,4042
7,4040
-45,4038
-57,4037
38,4036
-59,4035
87,4034
32,4032
17,4031
-17,4030
95,4029
-79,4028
8,4027
-18,4025
91,4024
-78,4023
44,4022
47,4021
-26,4018
96,4016
20,4015
77,4014
8,4013
-17,4012
-55,4011
86,4010
93,4008
-87,4007
-33,4006
-9,4005
-72,4004
-69,4003
55,4002
-48,4000
-45,3998
-17,3996
-17,3993
-6,3992
-65,3991
78,3990
95,3989
-24,3988
7,3987
-79,3986
44,3985
-87,3984
-93,3982
-13,3981
40,3980
-41,3979
-44,3978
-2,3976
23,3975
-58,3974
-43,3973
87,3972
-45,3970
-96,3969
2,3968
-93,3967
46,3966
61,3965
40,3964
95,3962
90,3961
83,3960
66,3959
-1,3958
23,3957
-40,3955
67,3954
-83,3953
46,3950
78,3949
-99,3947
51,3944
60,3943
10,3942
-86,3940
-44,3939
7,3938
79,3936
27,3935
57,3934
78,3933
-61,3930
-65,3929
-36,3927
-17,3926
17,3925
-38,3924
-33,3923
-78,3921
15,3920
-31,3919
-37,3918
31,3916
-88,3915
-89,3914
61,3912
57,3911
16,3910
27,3905
-73,3904
-41,3903
43,3902
43,3901
68,3900
-19,3898
-19,3897
-68,3896
-70,3895
-21,3892
-2,3891
30,3890
51,3889
32,3888
-66,3886
-80,3885
13,3883
-74,3882
34,3881
62,3880
-20,3879
57,3877
-82,3876
-22,3875
-1,3874
-93,3873
14,3872
-59,3871
-56,3870
54,3869
51,3867
-90,3866
-21,3865
38,3861
70,3860
-31,3859
81,3856
58,3854
-64,3853
-6,3852
46,3851
-7,3850
66,3848
60,3847
10,3845
96,3844
34,3839
-6,3837
-1,3836
75,3833
-14,3830
-55,3829
-13,3828
69,3827
6,3824
75,3823
-4,3820
57,3818
36,3817
-56,3816
-4,3815
-95,3814
-78,3812
-42,3811
-6,3810
12,3809
-80,3808
59,3806
-89,3804
-91,3802
50,3801
-85,3800
-84,3799
5,3798
-91,3797
65,3796
19,3795
-51,3793
-77,3792
31,3791
-13,3790
-92,3788
-5,3784
85,3782
17,3779
-59,3777
98,3776
40,3775
-74,3774
96,3773
7,3770
61,3769
41,3767
57,3766
-14,3765
43,3764
82,3763
-95,3762
72,3761
-72,3760
46,3759
49,3757
69,3756
-80,3755
47,3753
-49,3752
69,3751
-90,3750
-38,3749
44,3747
-36,3746
-70,3745
-8,3744
4,3742
71,3741
83,3738
-18,3737
54,3736
70,3733
79,3732
87,3731
-18,3730
-70,3729
-67,3728
33,3727
3,3726
-20,3724
42,3723
53,3721
16,3720
36,3719
-63,3718
11,3717
76,3716
5,3715
87,3714
-59,3713
16,3712
11,3711
31,3710
-7,3709
78,3708
-98,3704
-55,3703
2,3702
-56,3701
82,3699
61,3696
60,3695
-89,3694
68,3693
-68,3692
17,3691
-62,3690
-98,3689
97,3687
7,3686
83,3685
-32,3684
-100,3683
-92,3681
24,3679
-78,3677
19,3676
-40,3675
21,3674
-23,3672
44,3671
-58,3670
68,3669
-42,3668
-19,3667
28,3665
-9,3664
45,3663
-94,3662
-45,3661
83,3654
-91,3653
-76,3652
-17,3650
-55,3649
-48,3648
3,3647
18,3646
-42,3645
-58,3643
-21,3641
-73,3640
47,3638
-72,3637
15,3636
15,3634
-96,3633
38,3632
59,3630
-22,3628
-37,3625
-52,3624
-64,3623
-59,3621
-87,3619
91,3618
-30,3617
13,3616
-51,3615
-90,3614
30,3613
-41,3612
65,3611
55,3610
8,3609
-69,3606
-93,3605
-71,3604
7,3603
-3,3602
35,3600
77,3598
93,3596
-29,3595
-46,3594
-44,3592
-12,3591
-48,3590
-45,3589
-74,3588
36,3587
74,3586
85,3585
77,3584
-61,3583
-81,3582
65,3581
-21,3580
-19,3579
63,3576
72,3575
85,3574
-36,3573
34,3572
58,3570
-28,3568
-58,3567
-29,3565
-31,3564
-42,3563
-50,3562
58,3561
17,3560
56,3557
86,3556
98,3555
-58,3554
8,3553
-81,3551
-90,3550
-8,3549
59,3548
-4,3544
47,3543
-80,3542
16,3541
-51,3539
2,3535
-60,3534
100,3533
-4,3531
95,3529
40,3528
51,3527
44,3526
-19,3525
92,3524
25,3523
-6,3522
-58,3521
95,3520
-9,3519
76,3518
23,3517
-40,3516
-45,3515
-31,3514
16,3511
-32,3510
-32,3507
-36,3505
21,3504
77,3503
80,3502
77,3501
95,3500
-95,3499
57,3497
36,3496
-83,3495
37,3493
27,3492
-89,3491
-31,3490
14,3489
-37,3488
-78,3487
-38,3485
-39,3484
-98,3483
28,3482
-27,3481
31,3480
97,3478
-27,3477
-66,3474
-84,3473
13,3472
-40,3471
91,3470
-13,3469
63,3468
94,3467
38,3466
21,3465
87,3464
27,3462
-99,3461
-36,3460
61,3458
78,3457
-69,3456
67,3454
45,3453
57,3452
-47,3451
3,3449
-66,3448
71,3447
-47,3446
91,3445
-19,3444
65,3443
10,3442
88,3440
69,3439
-31,3438
16,3437
82,3436
68,3434
-80,3433
13,3432
35,3431
28,3430
41,3429
86,3428
-43,3427
-42,3426
43,3425
84,3424
13,3423
-8,3422
-11,3421
94,3420
-63,3418
-52,3417
90,3415
16,3414
-21,3410
-54,3409
-89,3408
-29,3407
-83,3405
-27,3402
-20,3401
-82,3400
5,3399
-100,3398
-44,3397
49,3396
-70,3392
-21,3391
11,3390
27,3389
-73,3387
-100,3386
81,3384
-48,3382
95,3380
-37,3379
15,3378
-29,3377
30,3376
68,3374
-53,3373
27,3372
64,3371
-50,3370
35,3369
-29,3368
-59,3367
14,3366
-62,3365
15,3364
62,3363
-53,3362
50,3361
9,3360
-27,3359
-85,3358
-63,3354
68,3351
56,3350
60,3348
1,3346
-52,3345
-23,3344
15,3343
19,3342
-20,3340
-7,3339
-61,3336
-52,3335
-87,3334
69,3332
47,3331
-47,3330
98,3329
68,3327
-84,3326
-15,3325
-97,3324
-43,3323
-99,3322
80,3320
-3,3316
94,3315
57,3314
17,3313
-99,3312
72,3311
-80,3310
-67,3309
-41,3308
46,3306
75,3305
16,3304
-90,3301
-10,3300
-85,3299
99,3298
-71,3296
92,3295
-82,3294
14,3292
-92,3291
3,3287
-95,3286
45,3284
75,3282
26,3281
-86,3280
72,3279
-91,3278
24,3277
82,3276
92,3275
-16,3274
87,3271
-44,3270
33,3268
-1,3267
-51,3266
-100,3265
-7,3264
45,3263
-46,3261
-57,3260
-9,3259
-72,3256
97,3255
79,3254
41,3253
12,3252
-4,3250
65,3247
84,3246
70,3245
-77,3242
-55,3241
-2,3240
-95,3239
4,3238
-74,3237
-65,3236
64,3235
32,3234
-17,3233
-62,3232
-37,3231
-9,3230
-25,3229
-94,3228
90,3227
-16,3226
-88,3225
31,3224
-91,3223
-68,3222
41,3221
18,3220
26,3219
8,3218
10,3217
28,3216
26,3215
23,3213
83,3212
-64,3210
11,3209
38,3208
11,3205
-88,3202
-26,3201
60,3200
-23,3198
62,3196
-42,3195
-69,3194
-78,3191
34,3190
65,3189
-9,3188
18,3187
71,3186
94,3185
12,3183
81,3178
39,3175
-41,3174
-10,3172
95,3171
-52,3170
-59,3169
69,3168
-55,3166
-72,3165
-20,3164
-78,3163
96,3162
-65,3160
-90,3159
0,3158
40,3157
-40,3156
-75,3155
32,3154
67,3152
-38,3150
-68,3149
-82,3148
-87,3147
-13,3146
-74,3145
-36,3144
-98,3142
-37,3139
69,3138
-18,3137
97,3136
20,3134
-96,3133
-19,3132
-54,3131
26,3130
37,3128
53,3126
29,3125
-76,3122
1,3121
-3,3120
22,3119
41,3117
-48,3116
-26,3114
-77,3113
13,3111
-41,3110
53,3109
83,3108
45,3106
16,3104
-42,3102
-90,3101
-51,3099
66,3098
-74,3096
-32,3095
-6,3094
96,3093
-98,3092
-1,3091
82,3090
100,3089
81,3086
-90,3085
-81,3084
72,3082
-34,3081
1,3079
78,3076
-24,3075
-40,3074
-99,3072
-78,3070
82,3069
5,3068
-92,3067
56,3066
-40,3065
-39,3064
-7,3063
49,3062
54,3061
-83,3059
94,3058
23,3057
-44,3056
-89,3054
-49,3052
36,3049
-53,3048
-2,3047
-41,3046
-42,3045
71,3043
21,3042
-80,3040
61,3037
-75,3036
80,3035
65,3034
52,3033
82,3032
-69,3031
-73,3030
-53,3029
-53,3028
49,3025
-26,3023
98,3022
-5,3021
85,3020
-83,3019
67,3018
-40,3017
8,3016
55,3015
-43,3013
2,3012
-28,3011
-97,3008
-18,3007
37,3006
0,3005
15,3004
-68,3003
-37,3002
-10,3001
-73,2999
98,2998
96,2997
95,2996
-95,2994
-97,2993
77,2991
-64,2989
-68,2988
9,2985
-88,2984
-37,2983
82,2982
-43,2981
71,2980
28,2979
-38,2978
-1,2977
-61,2976
-16,2975
74,2973
71,2972
-26,2971
-54,2970
-53,2969
-11,2968
48,2967
-77,2966
36,2965
36,2964
53,2963
-20,2962
50,2961
33,2960
-9,2958
68,2956
-76,2955
-28,2953
-97,2952
63,2950
-89,2948
-9,2946
38,2945
-28,2944
-93,2943
97,2942
-28,2941
16,2939
-30,2937
37,2936
-19,2935
-79,2934
-29,2933
97,2931
53,2930
84,2929
-45,2928
-57,2927
-87,2926
59,2925
27,2924
-68,2923
11,2921
-13,2920
39,2919
-25,2918
14,2916
92,2915
-94,2912
19,2911
21,2910
-90,2908
-86,2907
-15,2906
-64,2905
42,2904
96,2903
71,2902
-86,2901
-93,2900
62,2899
27,2897
-49,2895
66,2893
51,2892
-11,2890
86,2889
21,2888
-28,2887
68,2886
72,2885
19,2884
78,2883
62,2882
78,2881
34,2880
56,2879
-43,2878
7,2877
49,2876
87,2875
-46,2874
-36,2873
55,2872
-67,2871
50,2870
36,2869
28,2868
-91,2867
-72,2866
-39,2862
-42,2861
35,2857
-93,2856
-55,2855
65,2854
-43,2853
-26,2852
-45,2851
-37,2850
-36,2848
3,2846
-95,2844
83,2842
-2,2841
25,2839
-86,2838
18,2837
34,2836
5,2834
7,2833
-76,2832
35,2831
66,2830
76,2828
53,2827
75,2826
48,2825
-89,2822
96,2820
63,2819
-96,2818
49,2817
-46,2815
90,2814
-41,2813
67,2812
-32,2810
24,2809
48,2808
91,2807
-91,2806
14,2805
-53,2804
-77,2801
0,2800
-54,2799
84,2798
92,2796
39,2794
46,2793
54,2791
39,2790
-73,2789
-11,2788
40,2787
64,2786
-64,2784
87,2781
-30,2780
-29,2779
-17,2778
2,2777
-39,2776
-65,2774
39,2773
18,2772
49,2769
0,2767
75,2766
-78,2765
-60,2764
100,2763
37,2762
-91,2758
96,2755
84,2753
-13,2752
-74,2751
41,2750
-14,2749
72,2748
52,2747
37,2746
-67,2745
21,2744
76,2742
86,2741
-39,2740
-4,2737
92,2736
11,2735
14,2734
18,2733
2,2731
-65,2729
-100,2728
78,2727
-40,2724
-76,2723
-3,2720
66,2718
-28,2717
65,2716
-95,2715
84,2714
76,2713
-34,2712
-98,2711
50,2710
-64,2709
-99,2708
8,2707
-41,2705
-20,2703
-18,2702
-53,2701
0,2700
65,2699
71,2698
34,2697
-37,2696
-52,2695
91,2694
36,2693
77,2691
-15,2690
58,2687
-82,2686
-13,2685
-72,2684
-99,2683
-4,2680
50,2679
39,2678
-74,2677
-33,2674
-45,2673
58,2672
-3,2671
-79,2670
-83,2669
48,2668
24,2667
48,2666
71,2665
-33,2664
-88,2660
-32,2659
-37,2658
-16,2657
70,2656
-83,2655
14,2654
-31,2653
60,2652
85,2649
-82,2648
-23,2647
38,2645
64,2644
-42,2642
-55,2641
-12,2640
58,2639
19,2638
75,2635
-75,2634
-12,2633
84,2632
23,2631
28,2630
-57,2628
-60,2626
38,2625
97,2623
70,2622
-66,2620
88,2619
-72,2617
-76,2616
-39,2615
-19,2614
-49,2613
73,2612
-82,2611
-29,2609
10,2608
31,2606
-32,2602
88,2601
76,2600
-86,2599
17,2598
10,2597
73,2596
25,2595
0,2594
14,2593
-86,2592
-54,2590
80,2589
11,2588
21,2587
-96,2586
62,2585
-55,2584
-60,2582
38,2580
26,2579
21,2576
-83,2575
-41,2573
3,2572
32,2571
6,2568
22,2567
89,2566
97,2565
74,2564
-20,2563
-86,2562
-32,2561
35,2559
-54,2558
5,2557
74,2556
81,2555
-7,2554
-31,2550
98,2548
43,2546
-44,2545
-25,2543
-45,2542
-91,2539
57,2537
-7,2536
-59,2535
50,2534
18,2533
40,2532
-14,2531
57,2528
-65,2527
-54,2526
61,2524
52,2523
12,2522
97,2521
-21,2520
-6,2519
-63,2517
-17,2516
34,2515
59,2514
-45,2513
-28,2512
34,2511
65,2509
13,2508
19,2506
55,2504
-71,2502
0,2500
60,2499
62,2497
60,2496
-89,2495
67,2494
-98,2493
34,2492
-48,2491
23,2490
89,2489
96,2488
-23,2487
73,2486
4,2485
96,2484
-24,2483
-53,2482
58,2481
-38,2479
12,2478
74,2477
62,2476
-20,2474
-32,2473
68,2472
94,2471
-69,2470
-92,2469
-18,2468
-5,2467
36,2466
-9,2464
16,2462
80,2460
-64,2458
-5,2457
53,2456
90,2454
72,2452
-11,2451
34,2449
-95,2448
-15,2447
-64,2446
57,2445
-62,2443
89,2442
-88,2441
-35,2440
33,2439
-79,2438
-79,2437
13,2433
-58,2431
-51,2430
53,2429
88,2428
-78,2427
-61,2426
68,2425
14,2424
20,2423
29,2422
84,2421
-45,2420
27,2419
27,2418
-99,2417
-93,2416
7,2415
88,2414
55,2413
72,2412
89,2411
98,2410
-86,2409
-82,2408
-22,2407
-99,2406
-69,2405
-40,2403
-48,2402
84,2400
-21,2399
84,2398
55,2397
-99,2395
-44,2394
28,2392
80,2391
11,2390
-20,2388
96,2385
-75,2384
58,2383
-34,2381
88,2379
-25,2377
-27,2376
2,2373
-48,2372
-65,2371
68,2370
-2,2368
43,2367
-11,2366
36,2365
57,2363
2,2362
-41,2361
-63,2360
-50,2359
88,2357
41,2353
-50,2352
-7,2351
-14,2350
25,2348
-76,2347
57,2346
-55,2345
25,2343
27,2342
-52,2340
-59,2339
18,2337
11,2336
13,2335
-62,2333
24,2332
-96,2331
80,2329
45,2328
-55,2327
-37,2326
29,2324
-79,2323
10,2322
-97,2321
-20,2320
-8,2319
-64,2318
96,2317
-14,2316
-28,2315
26,2314
14,2313
-99,2312
43,2311
21,2310
-34,2309
-38,2308
18,2307
-66,2306
68,2305
-90,2304
-22,2303
-1,2302
-50,2301
-8,2300
-98,2299
-15,2298
-90,2297
-56,2296
59,2295
64,2294
38,2293
-26,2292
7,2289
-17,2288
-77,2286
16,2285
-97,2284
-14,2283
-85,2282
-73,2281
13,2280
79,2278
9,2276
45,2275
-30,2274
-86,2273
76,2272
-58,2271
-45,2270
27,2268
55,2266
-62,2265
-3,2262
-6,2261
-50,2260
-17,2257
92,2256
5,2255
60,2254
-48,2252
14,2251
67,2249
-60,2247
81,2246
18,2244
49,2243
-52,2240
-4,2239
-100,2238
73,2237
57,2236
11,2235
-75,2234
-2,2233
-84,2232
-31,2231
-46,2230
67,2229
-40,2227
89,2226
-100,2225
43,2224
51,2223
73,2222
11,2221
9,2220
3,2219
-12,2218
93,2217
-5,2215
-80,2214
42,2213
-4,2212
37,2211
-62,2210
46,2209
-26,2208
-59,2207
8,2205
-16,2204
46,2203
43,2202
30,2201
55,2200
83,2199
100,2198
29,2196
58,2195
-61,2194
-34,2193
-81,2190
71,2188
-29,2187
-53,2185
-30,2184
34,2183
3,2182
-18,2181
70,2180
-100,2179
-34,2178
10,2176
12,2173
7,2172
7,2171
68,2169
70,2168
-67,2167
-72,2166
65,2165
-96,2164
15,2162
12,2161
-68,2160
-13,2159
-42,2158
69,2157
8,2156
-53,2155
91,2154
-32,2153
-3,2149
-79,2147
83,2145
43,2144
100,2143
25,2142
-77,2140
-50,2138
-99,2137
-16,2136
-70,2134
70,2133
-25,2131
100,2130
-49,2128
-1,2127
-64,2126
49,2125
26,2124
-22,2123
12,2122
-69,2121
-96,2120
6,2119
5,2118
-39,2117
22,2116
-83,2113
3,2112
92,2111
-71,2108
-44,2106
61,2104
-6,2102
96,2101
80,2099
28,2098
-34,2097
-23,2096
-93,2095
63,2094
-18,2092
-40,2090
-17,2089
21,2088
-13,2087
-2,2086
-8,2084
-79,2083
28,2081
64,2080
-78,2078
47,2077
80,2076
16,2074
36,2072
-66,2071
69,2070
-21,2068
99,2067
37,2066
53,2065
95,2064
27,2062
-73,2061
76,2060
41,2058
-22,2057
-52,2056
-47,2053
87,2052
36,2050
-27,2048
23,2047
96,2046
-99,2045
-39,2044
82,2043
-81,2041
77,2040
77,2038
38,2036
23,2035
-48,2034
-63,2033
46,2032
-26,2031
-95,2030
-95,2029
-90,2027
30,2026
-21,2024
48,2023
43,2022
-22,2021
79,2020
-70,2019
44,2018
-95,2016
-80,2011
25,2010
55,2009
-88,2008
-28,2007
-75,2006
48,2005
90,2004
-19,2002
89,2000
-69,1999
-32,1998
-94,1994
-31,1993
-100,1992
-84,1991
81,1990
65,1989
100,1988
88,1987
92,1986
-83,1985
-68,1984
-34,1983
-41,1982
93,1981
17,1980
64,1979
67,1976
41,1975
79,1974
-97,1973
54,1972
62,1971
13,1970
38,1969
5,1968
-31,1966
-44,1962
98,1961
74,1960
-94,1958
25,1956
-14,1955
66,1953
94,1950
25,1949
89,1948
24,1947
20,1944
60,1943
61,1942
34,1940
-9,1939
39,1938
-90,1937
-40,1935
-74,1934
-76,1933
-56,1932
4,1930
66,1929
-9,1927
-51,1925
75,1924
96,1923
-53,1922
-3,1920
-85,1919
22,1918
27,1917
43,1914
7,1913
-53,1912
-65,1911
89,1910
-59,1908
91,1907
66,1906
21,1904
-73,1902
44,1901
-32,1900
80,1899
-42,1898
36,1897
-22,1894
-55,1892
-41,1891
84,1890
-81,1889
-48,1888
45,1886
-1,1884
-17,1883
77,1881
72,1880
-13,1879
32,1878
-30,1877
52,1875
18,1873
-32,1871
-66,1870
-91,1867
16,1865
25,1864
56,1861
46,1860
35,1858
-65,1856
-30,1855
-12,1854
-36,1853
13,1852
-16,1851
-44,1849
93,1848
57,1847
-73,1845
-64,1844
-90,1842
46,1840
100,1839
52,1837
-69,1835
51,1834
-59,1833
62,1830
-41,1828
-57,1827
48,1826
-55,1823
-72,1821
74,1820
-94,1818
92,1817
85,1816
-97,1814
-5,1811
55,1810
-81,1805
-3,1804
60,1803
69,1802
27,1801
88,1800
69,1799
-57,1797
-12,1796
-42,1792
-99,1789
-81,1788
72,1787
57,1786
49,1785
13,1784
-59,1783
35,1781
-46,1780
67,1779
-24,1778
41,1776
-40,1775
-94,1774
-81,1773
-61,1772
-56,1768
-2,1767
-65,1766
-15,1765
98,1764
-60,1763
-1,1762
-39,1761
63,1760
-60,1759
-29,1757
-20,1756
-27,1754
29,1753
-45,1752
13,1751
-33,1750
-94,1749
-11,1748
-55,1746
96,1745
6,1744
-68,1743
-21,1741
-46,1739
-82,1738
-22,1737
35,1736
29,1735
0,1731
-74,1730
-65,1729
81,1728
-90,1727
14,1725
99,1724
-68,1722
34,1721
61,1720
100,1719
-65,1717
-90,1716
-48,1714
97,1713
94,1711
-52,1709
-61,1708
27,1707
-89,1706
-71,1704
3,1703
-83,1702
68,1701
66,1699
32,1698
-51,1697
90,1696
58,1695
47,1694
-42,1692
-22,1690
-22,1689
5,1687
34,1686
-89,1684
92,1683
-66,1681
15,1680
52,1678
-73,1677
57,1676
90,1672
34,1671
100,1668
100,1667
-12,1666
-75,1664
52,1662
71,1661
25,1660
-28,1659
-54,1657
66,1655
28,1654
55,1653
-24,1652
95,1651
53,1650
-92,1649
48,1648
-79,1647
74,1646
14,1645
64,1644
64,1643
-38,1642
-37,1641
-100,1639
-9,1637
13,1634
94,1633
53,1632
-62,1631
-56,1630
-39,1629
52,1628
3,1625
-80,1624
64,1623
0,1619
-2,1618
-10,1617
-90,1616
89,1615
44,1614
4,1613
-48,1610
98,1609
10,1608
-67,1607
86,1606
44,1605
-87,1604
79,1602
-62,1600
-31,1599
33,1598
78,1597
-37,1596
-44,1595
-24,1593
-50,1592
38,1591
-87,1590
-20,1589
-54,1588
78,1586
-71,1585
15,1583
-80,1582
69,1580
-24,1579
-13,1576
82,1575
-85,1574
27,1573
64,1572
-100,1571
-40,1570
41,1569
-1,1568
16,1567
52,1566
-9,1565
23,1564
-71,1563
11,1562
-44,1561
48,1555
56,1552
19,1551
28,1550
78,1549
-88,1548
-85,1547
6,1546
100,1544
-60,1543
63,1542
-10,1540
79,1539
44,1538
-96,1537
-42,1536
22,1535
97,1534
92,1533
17,1532
-63,1530
-18,1529
-51,1528
74,1525
-39,1522
24,1521
-17,1520
28,1519
13,1518
29,1517
70,1516
77,1515
54,1514
-54,1512
4,1510
-76,1508
28,1506
-47,1505
-65,1500
25,1499
-47,1498
28,1497
-47,1496
-60,1495
6,1494
-69,1493
-86,1491
-34,1490
-7,1488
-37,1487
24,1486
50,1485
88,1484
-77,1483
44,1481
68,1480
74,1479
40,1478
76,1477
69,1476
-87,1475
-90,1474
40,1473
62,1472
81,1470
9,1468
25,1467
80,1466
39,1465
-86,1464
11,1463
-53,1462
42,1461
5,1460
63,1459
81,1458
10,1457
-72,1456
-73,1453
79,1452
27,1451
-54,1450
15,1449
60,1448
22,1447
50,1446
-92,1445
-82,1444
-25,1443
-91,1442
88,1441
79,1440
39,1438
-32,1437
-95,1436
-16,1435
35,1433
38,1432
-2,1431
24,1430
-65,1428
-27,1427
-24,1426
65,1425
81,1424
-37,1422
79,1421
-42,1420
-49,1418
-63,1417
-31,1416
61,1415
-13,1414
21,1413
-62,1412
-60,1410
13,1408
74,1406
-31,1405
32,1404
-58,1403
32,1402
-17,1401
81,1400
-30,1399
53,1398
-22,1397
12,1395
-80,1394
-31,1393
72,1392
-29,1391
27,1389
-35,1386
-87,1385
87,1384
-79,1383
-89,1382
-88,1381
68,1380
98,1379
62,1378
92,1377
-48,1376
-91,1374
-89,1373
30,1372
39,1370
-9,1368
23,1367
59,1366
1,1365
91,1364
58,1361
68,1359
-93,1358
16,1357
-21,1356
33,1355
-46,1354
-54,1352
-14,1351
65,1350
-77,1349
19,1345
-100,1342
-38,1341
-30,1340
-66,1337
2,1334
-11,1331
-82,1330
-21,1329
92,1327
-20,1326
12,1325
9,1324
3,1323
41,1322
-12,1321
-35,1320
-88,1318
82,1317
98,1315
-58,1314
-92,1313
-40,1312
-14,1311
21,1310
-69,1309
53,1307
-81,1306
-21,1305
17,1304
65,1303
33,1301
-92,1299
-8,1298
96,1297
53,1296
-78,1295
73,1294
62,1293
25,1292
75,1291
-80,1290
63,1289
-14,1288
18,1287
24,1286
56,1285
-23,1284
77,1283
82,1281
-21,1280
67,1279
2,1278
-63,1276
15,1275
85,1274
-70,1272
92,1271
70,1270
-6,1269
-7,1268
69,1267
-87,1266
63,1264
-74,1263
-24,1262
17,1261
44,1259
-52,1258
93,1257
-90,1255
56,1254
5,1253
77,1252
10,1251
-23,1249
75,1248
73,1247
41,1246
-52,1245
-16,1244
11,1243
22,1241
-47,1240
-43,1238
-29,1237
27,1235
-2,1234
-44,1233
66,1232
-22,1231
38,1230
-84,1228
-25,1227
74,1226
-89,1225
-53,1223
68,1222
23,1219
8,1218
50,1217
10,1214
5,1213
-41,1212
48,1210
51,1209
-93,1208
11,1207
79,1206
-26,1205
-88,1204
93,1203
-60,1202
61,1200
91,1199
-27,1198
39,1196
-94,1195
3,1194
-77,1193
-23,1192
-95,1191
-60,1190
32,1188
-8,1187
-30,1185
83,1184
-89,1183
-12,1182
43,1181
-14,1180
-95,1179
1,1178
39,1177
72,1176
-45,1175
81,1174
-7,1173
99,1172
50,1171
36,1170
90,1168
60,1166
-32,1165
-61,1164
29,1163
-42,1161
-13,1160
-10,1158
34,1156
-50,1153
63,1152
30,1151
-35,1149
87,1148
91,1147
-94,1146
-24,1145
-40,1144
91,1142
74,1141
43,1139
77,1138
71,1137
-20,1136
-79,1134
-29,1133
-53,1132
64,1130
-73,1128
68,1127
-31,1126
7,1125
89,1124
15,1123
-82,1122
40,1121
42,1120
-77,1119
-44,1118
28,1117
60,1116
61,1115
-2,1113
-15,1112
-94,1111
-52,1110
-6,1109
17,1107
-99,1105
-75,1104
-82,1103
49,1101
11,1099
81,1098
-68,1096
35,1095
-48,1094
-72,1093
19,1092
93,1091
26,1090
-43,1089
-42,1087
72,1086
61,1082
-69,1079
-8,1078
-96,1077
-2,1076
-63,1074
74,1073
-21,1072
56,1071
-70,1070
39,1069
30,1065
8,1064
73,1063
92,1062
34,1059
-78,1057
-29,1054
72,1053
-28,1052
87,1051
-9,1050
-4,1049
82,1048
-87,1046
98,1045
-82,1044
-15,1043
29,1042
60,1040
-91,1039
50,1038
-90,1037
85,1036
-15,1035
93,1034
-60,1033
89,1031
-55,1030
11,1029
-90,1027
-84,1022
74,1021
85,1019
-59,1017
-82,1016
-90,1014
82,1012
-21,1010
-3,1009
58,1008
70,1007
-25,1006
60,1005
86,1004
-3,1002
-72,1001
-44,1000
-11,999
17,998
81,997
-67,995
2,994
95,992
-63,991
-10,990
-53,986
-78,985
-39,984
55,983
71,982
-39,981
-49,979
-27,977
-12,975
-30,973
4,972
-74,971
-42,969
18,968
28,966
40,965
-33,962
93,960
-47,959
87,958
-23,957
-73,953
-39,951
-62,950
-36,949
16,948
-93,947
69,945
24,944
61,943
7,941
52,938
-38,937
2,936
-69,935
87,933
81,932
22,928
-53,927
2,926
-60,925
85,924
71,922
65,921
-12,920
-6,919
-57,918
84,917
14,916
57,915
19,914
-3,913
92,912
-48,911
72,910
56,909
-61,908
43,907
34,906
-59,905
46,903
-72,902
-33,901
91,900
-23,899
-76,897
-77,895
60,894
-83,893
41,892
-93,891
-80,890
50,889
40,888
24,887
83,885
11,883
69,882
34,880
-14,878
46,876
-39,875
-16,872
34,868
-8,867
-38,865
25,864
-13,862
38,860
90,858
-28,857
51,856
-69,853
46,852
-94,851
34,850
-74,849
-25,847
-53,846
-64,845
56,844
26,842
14,841
100,840
80,839
-86,838
-94,837
81,832
100,831
-32,830
-49,828
8,826
14,825
-68,824
43,823
2,822
-20,821
54,820
-10,819
-74,816
13,815
14,814
-4,813
76,812
-40,811
87,810
-92,808
-64,807
62,805
-85,804
92,803
65,802
-78,801
58,800
13,799
-74,798
31,796
70,794
10,793
-78,792
-75,791
-72,790
50,787
-84,786
-17,785
8,784
71,783
-68,781
31,780
-36,779
-23,777
-45,776
32,774
96,773
24,772
77,771
-98,768
-85,767
75,765
-26,764
-11,763
-80,762
74,761
-80,760
-20,758
-69,757
-8,754
35,753
83,752
38,751
3,750
91,749
-49,747
-32,745
-37,744
17,743
-40,742
54,740
-25,738
-24,737
-55,736
32,731
13,730
22,729
28,728
9,727
5,726
-74,725
37,724
50,723
-100,722
58,721
-72,719
-9,717
91,716
-17,715
65,714
-96,713
-77,711
-3,710
88,708
90,705
21,704
-32,703
-73,700
57,699
60,698
70,697
-44,696
-94,695
-59,694
26,692
39,690
60,689
-34,688
-94,687
-98,686
3,685
-88,684
-85,681
90,680
-1,679
-88,678
26,677
2,676
46,675
71,674
-79,673
41,672
-90,671
-91,670
17,668
-37,667
-19,666
65,665
-47,664
-42,663
29,662
-65,661
-46,659
68,658
80,657
46,656
13,655
-53,654
2,653
-12,652
75,650
-81,648
-12,647
2,646
-63,645
19,644
-52,643
68,642
-5,639
33,638
-11,636
-20,635
29,634
41,633
35,632
69,629
-90,628
-38,627
31,626
9,625
91,623
-64,621
20,620
58,619
-21,618
-85,617
89,616
-54,614
24,612
51,610
-17,609
-40,608
-41,607
-38,606
-32,605
-77,604
-15,603
52,600
9,599
46,598
86,596
91,595
-21,594
-24,593
-62,592
8,589
-46,588
-28,587
43,586
-86,585
41,584
31,582
83,581
-22,580
92,578
-41,577
97,574
-29,573
-62,572
-21,571
85,570
54,569
-9,567
-24,566
55,565
-71,564
-34,563
-90,561
35,560
-70,559
15,557
-84,556
90,555
-62,553
-100,552
-77,551
10,550
-12,549
-48,548
43,547
-31,545
54,544
-59,542
-6,541
-4,540
75,539
67,538
-62,537
-3,536
32,535
47,534
84,533
-94,531
-60,530
-86,528
-55,527
26,524
97,523
-89,522
-86,518
-16,517
53,516
-41,514
31,512
3,511
-52,510
-56,509
-21,508
58,507
62,506
15,505
-50,504
-63,503
87,502
-45,501
68,500
38,499
87,498
-5,497
96,496
-21,495
-2,494
15,493
17,491
-22,490
-7,488
-91,487
-82,486
-65,484
18,482
5,481
-56,480
-83,478
37,477
16,475
59,474
77,472
94,471
-81,470
-73,469
95,468
9,467
77,466
-81,464
-86,463
-100,462
23,461
-91,460
-84,459
62,458
-93,457
-77,456
93,455
-7,453
-62,452
71,451
-6,450
46,448
-1,447
78,446
36,445
33,444
-4,443
87,440
-50,439
-50,438
-41,436
-33,434
42,433
29,432
19,431
-30,429
-30,427
71,426
47,425
-18,423
-39,422
86,419
44,418
0,417
-30,416
-27,415
12,414
20,412
11,411
59,410
100,409
9,407
-46,406
36,405
-10,404
32,403
-77,402
-80,400
77,399
-87,398
-75,397
22,396
-3,395
13,392
28,389
100,388
-92,387
7,386
-21,385
-85,384
14,383
74,382
-42,381
29,380
16,379
39,377
65,376
-96,375
-20,373
22,372
69,371
-28,370
37,369
-95,367
-88,366
-8,365
53,364
28,363
-74,362
-79,361
15,360
73,358
-14,357
-28,356
-3,355
100,354
90,353
-95,352
-87,350
-88,349
-93,347
6,345
76,344
-36,342
-34,341
46,340
42,339
-38,338
-47,335
-33,334
51,333
-78,332
2,331
95,329
-90,328
24,327
-19,325
32,324
33,323
99,322
-15,320
9,317
10,315
74,314
-69,313
-11,312
1,311
36,310
-88,309
-58,308
-84,307
53,304
-52,302
-21,301
15,300
-26,298
-34,297
-88,296
-100,295
53,293
71,291
85,290
93,289
49,288
25,287
-31,286
-73,284
0,281
-80,280
57,279
-7,278
5,277
56,276
-80,275
76,274
-72,273
66,271
-79,270
-70,269
-15,268
6,267
27,266
7,265
-59,264
-51,263
-13,262
-98,261
-51,259
83,257
-54,256
-68,255
85,254
-73,252
36,250
91,249
13,247
94,246
40,245
18,243
-81,242
-80,241
69,239
-23,238
-14,237
6,236
76,235
63,234
4,233
-69,231
-22,229
85,225
-11,222
-94,221
-17,220
42,219
63,218
49,217
2,215
17,214
-93,213
-90,211
-30,210
-51,207
-66,206
-96,205
-53,204
4,203
0,202
82,201
1,197
38,195
36,193
-80,192
-1,191
67,190
11,189
-77,188
-78,187
-36,186
51,185
22,183
41,181
-11,180
-29,179
-54,177
20,175
64,174
-63,173
6,170
-69,169
91,168
40,167
-48,166
-47,164
14,162
65,161
-17,159
-90,154
-67,153
-60,146
53,144
-79,143
-77,142
-71,141
73,140
57,139
33,137
97,136
-62,133
51,132
51,130
85,129
63,128
-34,127
-62,124
98,123
75,122
-56,120
73,119
-61,118
-60,115
-19,114
56,113
21,110
-1,109
-84,108
-46,107
-41,106
30,104
-67,103
74,101
51,100
-99,98
69,97
-36,96
44,93
12,91
-2,90
-63,88
23,87
-83,86
60,85
-19,83
81,80
26,77
-1,75
25,74
20,73
-30,71
14,70
76,68
-96,67
2,66
-63,65
44,64
-29,59
-39,58
-72,56
-79,55
27,54
-48,53
80,52
-34,51
55,50
-6,49
-53,47
35,46
-21,45
-24,44
-2,42
16,41
54,39
68,38
-38,37
56,36
-78,35
-97,32
32,31
6,30
4,29
12,28
32,26
-78,25
12,24
1,22
-74,21
-21,19
31,18
-58,17
69,16
13,15
-89,13
20,12
-97,11
-76,10
86,9
-57,8
36,7
15,5
-36,3
-88,2
54,1
-83,0
