84,10000
-85,9998
12,9996
55,9995
52,9994
28,9992
-41,9990
-9,9989
31,9988
-34,9987
36,9986
-66,9985
72,9984
-65,9983
28,9982
-48,9981
-88,9980
98,9979
-28,9978
-95,9977
-2,9975
-77,9973
96,9972
-6,9971
23,9970
-74,9969
30,9968
24,9967
85,9966
63,9963
47,9962
75,9961
-45,9960
-92,9957
52,9956
42,9955
-59,9951
98,9948
-38,9947
-66,9946
48,9945
11,9944
-43,9943
80,9941
89,9939
29,9937
-3,9935
-79,9934
-62,9933
77,9932
10,9930
86,9928
71,9927
-43,9926
7,9925
-76,9924
-28,9920
-24,9918
31,9917
9,9916
53,9915
-9,9914
93,9913
32,9912
6,9911
-94,9910
50,9909
85,9907
55,9904
-85,9903
-49,9901
-6,9900
-86,9898
30,9897
-99,9896
-33,9895
18,9889
29,9888
15,9887
-32,9886
1,9885
70,9882
-6,9881
-34,9880
-38,9879
23,9878
35,9877
-59,9875
78,9873
-21,9872
60,9871
24,9870
-75,9868
-30,9867
86,9866
-33,9865
53,9863
-58,9862
-80,9858
32,9857
-70,9856
-71,9855
46,9854
-42,9852
-35,9850
59,9848
91,9847
92,9846
90,9845
-93,9844
-5,9843
-31,9842
-71,9841
83,9840
33,9838
-2,9835
61,9834
25,9833
73,9832
19,9831
-16,9830
-24,9829
-34,9828
94,9827
-83,9823
-43,9822
80,9821
-91,9820
37,9819
75,9818
26,9816
83,9815
-57,9813
-7,9812
13,9811
-74,9810
80,9808
-43,9807
67,9806
48,9805
-41,9804
20,9800
-59,9799
32,9798
93,9797
80,9796
-27,9794
-12,9793
-73,9790
92,9789
42,9788
84,9787
43,9786
19,9784
60,9783
-22,9782
-86,9781
-78,9780
45,9779
95,9778
48,9777
-5,9775
27,9774
29,9773
42,9772
80,9771
-98,9770
24,9768
27,9767
-67,9766
51,9765
-13,9764
-66,9763
-76,9762
-79,9761
17,9760
82,9758
49,9757
50,9756
69,9755
77,9754
44,9753
-98,9752
-51,9751
8,9750
1,9749
12,9748
-1,9747
95,9746
-22,9744
-36,9743
-50,9742
-80,9741
75,9740
-68,9739
64,9738
-69,9736
20,9735
-68,9734
-55,9733
-47,9732
51,9731
54,9729
-21,9728
53,9727
93,9726
-54,9725
-10,9722
-76,9721
-5,9720
-35,9718
15,9717
72,9716
45,9715
12,9714
-63,9711
-70,9710
-66,9709
8,9708
-45,9707
-60,9706
39,9705
-39,9704
86,9703
-2,9702
99,9700
54,9699
53,9698
94,9697
-13,9695
-1,9694
-66,9692
-100,9691
5,9690
51,9689
92,9687
-55,9686
9,9685
-58,9684
98,9683
-58,9682
91,9681
-87,9680
17,9679
91,9678
-97,9676
-36,9675
35,9674
-77,9673
-68,9672
-12,9671
-50,9670
-8,9669
-50,9668
-26,9667
-69,9666
-38,9665
37,9663
-12,9662
-52,9661
0,9660
-29,9659
44,9658
99,9657
-87,9656
3,9655
100,9654
50,9652
-9,9651
45,9650
-87,9649
71,9647
30,9644
79,9643
-79,9642
-54,9639
-35,9638
-16,9637
-64,9636
20,9634
-98,9633
-98,9632
25,9630
34,9629
-48,9627
75,9626
-85,9625
-37,9621
-7,9620
-28,9618
14,9616
-28,9615
8,9614
-76,9613
8,9612
-45,9609
52,9606
58,9605
-89,9604
-15,9603
16,9602
62,9600
64,9599
-61,9596
7,9595
64,9594
92,9593
-92,9591
29,9590
-93,9589
64,9588
-16,9585
97,9582
-72,9580
-33,9579
77,9578
-35,9577
2,9576
-82,9575
53,9574
-46,9573
-56,9572
-39,9570
-93,9567
91,9566
16,9565
16,9564
81,9563
-26,9562
-50,9561
-73,9560
52,9559
-21,9558
-32,9556
38,9555
-1,9554
-24,9553
-59,9552
17,9551
55,9550
-41,9548
-83,9547
84,9546
-9,9544
-8,9542
8,9541
-29,9540
85,9538
52,9537
-66,9535
3,9534
-13,9531
-84,9530
35,9528
-70,9527
73,9525
-75,9524
-12,9523
-46,9521
-24,9520
50,9518
62,9514
53,9513
4,9511
84,9510
-85,9509
100,9508
20,9507
40,9505
83,9504
60,9502
-47,9501
-89,9500
23,9498
-79,9496
84,9495
-94,9493
-3,9491
-15,9490
91,9488
47,9486
-22,9484
-95,9483
-2,9479
5,9478
10,9476
0,9475
62,9474
54,9472
-1,9471
-48,9468
-50,9467
81,9465
84,9464
-30,9463
-10,9462
99,9460
95,9459
-61,9458
63,9457
-15,9454
-30,9450
-72,9448
-23,9447
-78,9446
38,9445
-88,9444
53,9443
-24,9442
12,9441
-23,9440
-65,9438
-23,9437
-58,9436
93,9435
-40,9434
-11,9433
77,9432
-60,9429
94,9427
61,9426
-10,9423
-56,9422
-93,9420
33,9419
82,9418
90,9417
-13,9416
-81,9414
71,9413
-36,9412
-31,9411
-89,9410
-67,9409
-19,9407
10,9406
51,9405
9,9404
71,9403
-10,9401
-41,9400
12,9399
91,9398
-30,9397
-87,9395
25,9393
-50,9392
-90,9391
-98,9390
54,9389
5,9388
-49,9387
-39,9385
-89,9383
-61,9382
-50,9381
-91,9377
25,9376
-17,9374
-91,9373
-84,9372
-40,9371
24,9370
-73,9369
-18,9368
66,9365
-64,9364
64,9363
-4,9362
30,9359
-37,9358
-20,9357
61,9354
-24,9353
-73,9352
-98,9351
43,9350
-79,9349
97,9348
-71,9347
-83,9344
-28,9343
-50,9339
59,9338
14,9336
-86,9334
-69,9332
64,9331
25,9330
48,9328
79,9327
-52,9326
68,9324
22,9323
81,9320
89,9319
22,9318
-28,9317
89,9316
1,9315
1,9314
-59,9313
24,9312
-81,9310
-85,9309
-56,9308
-16,9307
99,9306
-44,9305
24,9304
95,9303
-25,9302
-31,9301
3,9298
-37,9297
40,9296
20,9294
27,9292
-57,9291
35,9290
69,9289
16,9288
70,9287
14,9286
-15,9285
-79,9283
-94,9282
-59,9281
82,9279
-50,9278
36,9276
-76,9275
-8,9274
90,9273
24,9271
24,9270
-69,9269
-11,9268
-72,9267
-14,9266
-37,9264
98,9263
-84,9262
-36,9261
-44,9259
-70,9258
-5,9257
23,9256
-38,9255
88,9254
13,9253
-90,9252
-90,9250
30,9249
22,9247
-94,9246
-33,9245
-78,9243
-64,9242
38,9241
-62,9240
-16,9239
-48,9238
7,9237
99,9236
2,9234
2,9233
55,9231
1,9230
-44,9229
0,9228
-61,9227
9,9226
64,9225
67,9224
19,9222
-74,9219
81,9218
70,9216
76,9215
21,9214
79,9210
69,9208
49,9207
-6,9206
-71,9205
-51,9203
-41,9202
61,9201
-34,9200
-64,9199
72,9198
-91,9197
39,9196
66,9194
-34,9193
-73,9192
46,9191
30,9189
-63,9187
32,9185
-69,9183
45,9182
76,9181
32,9180
-21,9179
37,9178
-6,9177
88,9176
14,9174
-15,9172
-69,9171
-25,9170
-1,9169
62,9168
-3,9167
-3,9166
-45,9165
64,9161
-54,9160
-99,9159
50,9156
30,9155
-31,9154
-33,9153
-45,9151
40,9150
-89,9149
-56,9147
-41,9146
-3,9145
66,9144
54,9142
-46,9140
56,9138
-59,9136
63,9135
66,9134
-83,9131
-69,9130
13,9128
-88,9127
-15,9126
79,9125
-18,9124
93,9123
-61,9120
54,9119
22,9118
37,9116
-47,9115
-86,9114
-86,9113
-53,9112
-82,9111
-18,9110
-52,9109
-2,9106
79,9105
-47,9104
7,9101
28,9100
79,9099
92,9098
-52,9097
38,9095
-62,9094
14,9092
75,9091
-23,9090
-27,9089
-26,9088
-54,9087
79,9086
69,9084
0,9082
-6,9081
-94,9079
-92,9077
-42,9075
20,9074
29,9073
-77,9072
93,9071
-21,9070
-11,9069
-77,9067
73,9066
-80,9064
-94,9062
-84,9061
88,9060
-34,9059
-24,9058
93,9057
77,9056
-32,9054
-94,9053
16,9052
91,9050
-75,9049
63,9048
-90,9045
52,9044
-51,9043
-48,9042
18,9040
-30,9039
16,9038
-13,9036
4,9035
43,9032
84,9031
12,9030
-72,9029
-88,9028
96,9026
-36,9024
99,9023
-24,9022
93,9021
84,9020
-53,9019
65,9017
-22,9016
3,9014
-89,9013
-33,9010
24,9007
15,9006
66,9004
86,9002
-46,9001
31,9000
-49,8999
40,8998
27,8997
-58,8996
73,8995
90,8993
-71,8992
16,8989
1,8987
72,8986
-6,8984
-39,8983
16,8981
-69,8980
7,8979
-85,8978
-65,8977
-88,8976
-73,8974
-12,8973
-40,8972
-80,8970
-23,8969
-55,8968
-83,8967
50,8965
-90,8964
-89,8963
32,8961
-15,8958
-51,8957
21,8956
-5,8955
-12,8954
-47,8953
-69,8951
-56,8949
-28,8948
-33,8946
-75,8945
7,8944
34,8943
50,8942
-84,8941
19,8940
78,8939
-46,8938
93,8937
-27,8936
-11,8935
90,8934
17,8932
-34,8931
98,8930
63,8929
37,8927
18,8926
13,8925
-93,8924
-38,8923
-52,8921
49,8920
13,8918
57,8917
41,8915
12,8914
86,8910
31,8909
78,8908
55,8907
70,8906
-31,8905
-73,8903
-60,8902
-87,8901
-31,8900
-13,8898
-10,8897
67,8896
42,8895
-37,8893
-65,8892
-35,8891
-94,8890
-59,8888
23,8887
50,8886
76,8885
51,8883
45,8882
-33,8881
66,8880
27,8879
87,8878
-36,8877
75,8876
-6,8875
-56,8874
-49,8873
-7,8871
-14,8869
-90,8868
-94,8866
80,8862
11,8861
-35,8860
85,8859
50,8858
-65,8857
-9,8856
70,8855
28,8854
-74,8853
39,8852
93,8851
-56,8850
-74,8849
-82,8848
-71,8847
-15,8846
28,8845
34,8844
17,8843
-57,8842
-72,8841
-63,8839
51,8838
17,8837
44,8836
64,8835
5,8833
82,8832
89,8831
-76,8829
-29,8827
82,8825
-58,8824
-61,8823
30,8822
59,8821
24,8818
-28,8817
4,8816
75,8815
49,8814
-43,8813
16,8811
31,8810
-66,8809
-49,8808
-56,8807
19,8806
-47,8804
-78,8800
74,8799
74,8798
93,8797
87,8795
47,8793
87,8791
-97,8789
95,8787
-4,8785
93,8784
46,8783
-3,8781
-24,8780
-7,8779
51,8778
-58,8776
0,8774
22,8773
21,8772
-19,8771
-63,8770
10,8769
-28,8768
42,8766
92,8765
-38,8764
-69,8763
-8,8761
-29,8760
-98,8759
37,8758
-73,8757
-66,8756
10,8755
-21,8753
-27,8752
1,8751
20,8749
-2,8748
-28,8744
5,8743
-17,8741
63,8740
56,8739
-15,8738
-2,8737
-41,8736
-67,8735
57,8734
63,8733
-90,8732
87,8731
28,8730
88,8729
-20,8728
-24,8727
29,8726
47,8725
44,8724
-56,8723
31,8722
-17,8721
76,8720
-62,8719
-24,8717
14,8716
8,8714
-70,8713
-68,8712
-73,8710
20,8709
-56,8708
-26,8707
88,8706
-47,8704
52,8703
-64,8701
-13,8700
65,8699
35,8696
92,8695
-10,8694
69,8693
-39,8692
96,8691
4,8690
1,8689
13,8688
-56,8687
55,8686
-86,8684
68,8683
-13,8682
92,8681
-86,8679
-34,8678
85,8677
-6,8676
-24,8675
-25,8674
61,8673
62,8671
-76,8670
5,8668
75,8667
-24,8666
-68,8665
91,8664
75,8663
-33,8661
-30,8660
10,8658
-94,8657
-28,8656
41,8654
68,8652
82,8650
71,8648
-84,8645
50,8644
19,8643
-97,8642
32,8641
28,8640
-88,8639
45,8638
4,8637
41,8636
43,8635
-14,8634
-26,8632
21,8631
18,8629
-56,8628
73,8627
13,8624
-75,8623
17,8622
-52,8619
-69,8618
-74,8617
-87,8615
-14,8614
13,8612
70,8609
-67,8608
100,8606
-73,8605
-14,8604
46,8603
-42,8602
-7,8600
8,8597
59,8595
89,8593
-5,8592
-95,8591
-19,8590
36,8589
-84,8588
-81,8587
-78,8585
52,8584
-3,8582
-23,8581
-56,8580
-14,8578
-6,8576
39,8574
-9,8573
38,8572
72,8571
73,8570
-13,8569
73,8567
100,8566
4,8564
-86,8561
-57,8559
17,8558
65,8557
-13,8556
-64,8555
-19,8554
-75,8552
-26,8550
-36,8548
85,8547
-65,8545
6,8544
55,8543
9,8541
-26,8540
-5,8538
23,8536
-43,8535
47,8534
-8,8531
95,8530
30,8529
57,8528
69,8527
87,8525
6,8524
6,8523
70,8521
40,8519
13,8518
70,8517
-67,8516
86,8514
-30,8513
-57,8512
-60,8511
47,8510
-84,8509
84,8508
-28,8506
62,8505
-24,8504
47,8502
-91,8501
-71,8500
76,8499
-55,8498
62,8496
-96,8495
-78,8493
-44,8490
-85,8488
92,8487
-18,8486
91,8485
-28,8484
-24,8483
-87,8481
10,8479
48,8478
-30,8476
-50,8474
95,8473
96,8472
9,8471
21,8470
5,8469
-76,8468
24,8467
68,8465
-31,8462
10,8461
59,8460
38,8459
-62,8458
50,8457
-20,8456
-70,8455
-79,8454
55,8453
2,8452
-15,8451
93,8450
59,8449
95,8448
-98,8446
25,8444
42,8443
-83,8441
-13,8440
4,8439
-95,8438
-12,8437
88,8436
-2,8432
50,8431
21,8430
25,8429
-21,8428
-56,8426
-93,8425
-82,8424
25,8423
33,8421
91,8420
-38,8419
48,8418
2,8417
-37,8416
93,8415
89,8413
-47,8412
-9,8411
-6,8410
-35,8409
4,8408
-60,8407
30,8406
92,8405
-28,8403
84,8402
-89,8401
-98,8400
13,8399
78,8398
52,8397
64,8395
-42,8394
-48,8393
-63,8391
61,8390
66,8389
83,8388
-79,8387
29,8384
76,8383
57,8382
-66,8381
39,8380
20,8379
-88,8378
6,8377
-9,8374
70,8371
41,8370
99,8369
56,8368
58,8367
88,8366
9,8364
-7,8363
-90,8362
91,8361
-49,8360
28,8359
-38,8358
-91,8357
55,8356
-47,8355
80,8354
-36,8353
-88,8352
34,8351
93,8349
32,8345
-28,8343
-18,8342
92,8339
-74,8338
-23,8336
-68,8334
-41,8333
5,8331
22,8330
-23,8329
-52,8328
62,8326
-11,8325
-49,8323
18,8322
84,8321
76,8320
67,8319
-46,8318
-34,8317
50,8315
-79,8313
-2,8312
63,8311
53,8310
98,8306
-79,8305
-1,8304
36,8303
59,8302
86,8300
80,8299
-21,8297
-66,8296
3,8295
18,8294
16,8293
-100,8292
89,8290
-61,8289
-12,8288
-9,8287
32,8286
-86,8283
26,8281
74,8280
10,8279
-68,8278
21,8277
74,8275
63,8274
-95,8273
-53,8272
51,8271
13,8270
-55,8269
88,8268
17,8266
-3,8264
80,8263
56,8262
-47,8261
11,8260
4,8259
61,8258
-67,8257
99,8256
-39,8255
-5,8254
28,8252
-29,8250
9,8249
64,8248
14,8247
-2,8245
-72,8244
-83,8241
-17,8240
-47,8239
61,8238
78,8236
-58,8234
27,8233
64,8231
69,8230
-100,8228
52,8227
-93,8226
78,8225
-42,8224
-81,8223
-18,8222
7,8221
-49,8219
26,8218
-60,8217
63,8216
11,8215
60,8214
-10,8212
65,8211
51,8210
100,8209
82,8206
-50,8205
-59,8204
86,8199
-99,8198
23,8197
-95,8196
73,8195
35,8193
-85,8192
-18,8191
89,8190
-99,8189
-95,8187
14,8185
41,8183
32,8182
89,8181
-31,8180
95,8179
14,8177
-77,8176
-35,8175
-1,8174
22,8172
-45,8171
-7,8170
49,8169
-11,8167
46,8166
-98,8164
90,8163
-60,8161
-17,8160
57,8159
-23,8157
-23,8155
99,8154
-6,8153
47,8152
44,8151
-19,8149
-6,8148
-39,8147
27,8146
42,8145
2,8142
-48,8140
-56,8139
-11,8137
-100,8136
85,8135
-10,8133
60,8132
-44,8129
-20,8128
62,8127
-83,8125
6,8124
-70,8123
9,8122
-41,8121
-88,8117
-41,8116
-100,8115
87,8114
70,8113
36,8112
-51,8111
64,8110
-2,8107
12,8106
34,8105
-86,8104
9,8103
17,8102
-1,8100
-94,8099
80,8098
16,8096
45,8095
84,8093
67,8092
82,8091
-12,8090
-7,8089
-87,8086
14,8085
-71,8084
63,8083
3,8082
16,8081
-24,8080
60,8079
-90,8077
8,8074
-30,8072
19,8070
99,8069
-82,8068
-77,8067
-23,8066
-93,8065
-93,8064
65,8063
-78,8062
46,8060
42,8059
67,8058
-44,8056
95,8055
-14,8054
-70,8053
-3,8052
31,8051
20,8050
35,8049
37,8048
47,8047
-94,8046
-65,8045
88,8044
11,8043
-5,8042
53,8041
-82,8040
60,8039
-69,8037
41,8036
83,8035
61,8033
-83,8032
8,8030
-92,8029
68,8028
-39,8027
-42,8025
-16,8022
16,8020
-19,8019
2,8018
-77,8016
-82,8015
-12,8014
-64,8013
-12,8012
-79,8011
38,8010
-36,8008
-74,8007
34,8006
-50,8004
-77,8003
-52,8000
31,7999
31,7997
-77,7995
13,7994
92,7993
91,7991
8,7990
-12,7989
-92,7988
5,7987
75,7986
-66,7984
-99,7982
-59,7981
-49,7979
62,7978
24,7977
-39,7976
-61,7975
71,7973
46,7971
-99,7970
-5,7968
63,7967
68,7966
57,7965
-95,7964
-98,7963
27,7962
-96,7961
-58,7960
-42,7959
-37,7958
-49,7957
-68,7956
-28,7954
4,7953
42,7951
-51,7950
96,7949
-61,7948
18,7947
-78,7946
20,7945
40,7943
-6,7942
54,7941
5,7940
62,7938
92,7937
19,7936
-80,7934
-10,7933
72,7932
-99,7931
-76,7930
18,7929
-53,7928
1,7925
-53,7922
-49,7921
40,7917
-41,7915
22,7914
-93,7912
-75,7911
-60,7909
-25,7908
-9,7907
89,7905
-93,7904
79,7903
-27,7901
-95,7899
41,7894
21,7893
38,7892
-78,7891
72,7889
45,7887
87,7886
-97,7885
-39,7884
91,7883
-64,7882
97,7881
97,7880
36,7879
-29,7878
-46,7877
-3,7876
15,7875
-10,7874
-100,7873
20,7870
93,7868
96,7865
-94,7864
61,7863
-31,7862
-78,7861
80,7860
-30,7859
5,7858
81,7856
-60,7855
-52,7853
1,7851
100,7850
-91,7849
-65,7848
6,7847
57,7846
21,7845
-6,7844
-91,7843
77,7841
24,7840
-9,7839
-34,7837
-32,7836
58,7835
-77,7834
-53,7833
-27,7832
-82,7830
2,7829
29,7827
-21,7826
-90,7825
-41,7824
68,7823
65,7822
54,7821
78,7820
-9,7819
-41,7818
-22,7817
-42,7816
43,7814
-76,7813
68,7812
-20,7811
-77,7810
-44,7808
-74,7807
-70,7806
-31,7805
-36,7804
-3,7803
-56,7802
57,7799
-84,7798
-79,7796
-80,7794
95,7793
-23,7791
-44,7790
-16,7789
99,7788
98,7787
-33,7786
-61,7785
37,7783
0,7782
56,7781
-19,7779
38,7777
81,7775
0,7772
15,7771
-23,7770
58,7768
-97,7767
-28,7766
60,7764
82,7763
-89,7762
98,7761
100,7759
35,7758
-37,7757
-24,7756
-3,7754
83,7753
36,7751
19,7750
96,7749
-98,7748
11,7747
15,7745
1,7744
5,7743
38,7742
19,7739
86,7738
53,7737
-42,7736
-9,7735
-33,7734
-10,7733
45,7732
5,7731
-75,7730
-3,7729
-15,7727
88,7726
21,7724
62,7723
-85,7722
-47,7721
-85,7720
53,7719
5,7717
-70,7716
38,7714
37,7713
-36,7712
86,7710
49,7709
-100,7708
-2,7707
21,7706
-30,7704
71,7703
-29,7701
29,7700
12,7696
73,7695
-9,7694
-83,7693
44,7691
49,7690
43,7688
-73,7687
64,7686
-49,7685
50,7684
13,7683
79,7682
-12,7680
3,7679
45,7678
6,7675
63,7674
-42,7673
75,7672
-86,7671
40,7670
46,7669
77,7668
70,7667
37,7666
74,7665
38,7664
33,7662
-67,7661
42,7660
-83,7658
-41,7657
5,7656
-23,7655
35,7653
55,7652
-46,7650
-2,7649
36,7648
-81,7647
-77,7646
-12,7645
-79,7644
68,7643
-12,7642
58,7641
100,7640
-98,7639
70,7637
-93,7635
92,7633
-97,7631
-75,7629
26,7627
99,7625
-88,7624
83,7623
-33,7622
-92,7620
-95,7619
61,7618
10,7616
61,7615
99,7614
-63,7612
7,7611
93,7610
75,7609
91,7608
-35,7607
23,7606
41,7605
15,7604
26,7603
50,7602
-24,7601
-29,7600
57,7598
89,7597
22,7595
-23,7594
-36,7593
16,7592
-49,7591
-45,7590
42,7589
-94,7588
-11,7585
46,7584
84,7583
15,7582
21,7581
20,7580
-70,7579
23,7578
82,7577
-39,7576
-11,7575
-38,7574
-62,7573
-77,7571
73,7570
-76,7569
91,7568
33,7567
-62,7566
80,7564
20,7563
-97,7562
-47,7561
67,7560
39,7559
-50,7558
55,7557
-1,7556
-66,7555
-79,7554
5,7551
-80,7550
33,7549
58,7548
-4,7547
-16,7546
-77,7544
-58,7543
-61,7542
61,7538
72,7537
38,7535
-50,7532
77,7531
32,7528
64,7525
84,7524
41,7522
33,7519
7,7518
-33,7513
-26,7511
94,7510
-45,7509
-37,7508
42,7507
1,7506
67,7505
66,7503
-4,7502
-65,7501
80,7500
-19,7499
36,7498
-70,7497
-47,7496
-56,7495
77,7494
-66,7493
14,7492
-48,7491
-100,7490
-55,7489
-37,7487
-71,7486
99,7485
-40,7483
96,7482
50,7480
-5,7479
-86,7478
81,7477
-28,7476
-52,7475
-73,7474
-38,7473
22,7471
49,7469
53,7468
-62,7465
58,7463
-60,7462
-81,7461
-45,7460
-84,7458
-35,7456
-18,7455
46,7453
-52,7452
-18,7451
-14,7449
-41,7447
-42,7446
-56,7445
-71,7444
41,7443
-16,7441
-15,7440
-7,7439
-57,7438
-92,7437
-56,7436
87,7435
-86,7434
91,7433
6,7432
67,7431
82,7430
17,7429
34,7426
-9,7425
2,7423
-37,7422
-56,7421
-74,7420
-89,7419
-41,7418
-96,7416
28,7413
57,7412
-88,7411
-59,7409
-26,7407
29,7405
-20,7403
-72,7402
-70,7401
-68,7400
65,7398
-99,7397
2,7396
2,7395
-13,7394
75,7391
82,7390
10,7389
72,7388
55,7387
42,7386
46,7384
21,7383
84,7382
62,7381
-98,7380
48,7379
59,7378
-17,7377
-50,7376
65,7370
-66,7368
-32,7366
-62,7364
-10,7363
72,7362
37,7361
-54,7360
76,7358
18,7357
90,7355
-61,7354
-76,7353
94,7349
18,7348
-40,7343
74,7341
76,7340
81,7338
50,7334
-79,7332
-92,7331
17,7330
-21,7329
11,7328
73,7327
-79,7326
90,7323
34,7322
90,7320
83,7319
-39,7317
-7,7316
43,7315
-92,7314
42,7313
-71,7312
83,7310
50,7309
97,7308
20,7306
-90,7305
-28,7304
-41,7303
-77,7302
-83,7299
-89,7298
-87,7296
23,7295
96,7294
23,7291
-38,7290
-98,7289
49,7287
-75,7286
61,7284
70,7281
37,7280
-70,7279
-83,7278
23,7277
59,7276
-12,7274
26,7273
86,7272
-38,7271
88,7267
16,7266
61,7265
-58,7263
2,7262
-46,7261
-90,7260
-16,7257
82,7256
16,7254
93,7252
-78,7251
67,7250
30,7249
47,7247
-8,7246
-49,7245
62,7244
11,7242
82,7241
50,7240
47,7239
99,7238
-100,7237
-87,7235
-48,7234
99,7232
-18,7231
92,7230
-69,7229
100,7226
-64,7225
73,7224
30,7223
5,7222
55,7221
73,7219
-33,7217
-62,7215
-57,7214
98,7212
57,7211
35,7210
17,7209
-23,7208
-59,7207
67,7206
-55,7205
-22,7204
-92,7200
-2,7199
-14,7198
-96,7197
-2,7196
20,7191
36,7189
-36,7188
96,7187
38,7185
66,7184
-2,7183
-50,7182
-60,7181
-47,7180
79,7179
-63,7178
-29,7177
35,7176
-28,7175
-88,7174
90,7173
-33,7172
5,7171
29,7170
51,7169
56,7168
-72,7166
69,7165
-91,7164
75,7163
-20,7162
58,7161
75,7158
65,7157
90,7156
70,7155
57,7152
18,7151
-83,7150
-2,7149
94,7148
-18,7147
63,7146
31,7145
88,7144
-20,7143
-96,7142
-59,7141
-30,7140
68,7139
-48,7138
46,7137
-23,7136
82,7134
56,7132
-44,7131
-55,7130
35,7128
81,7127
-61,7125
18,7124
-35,7122
60,7121
-81,7120
-86,7119
65,7117
75,7116
-1,7115
-4,7114
-8,7113
45,7111
-58,7109
-89,7108
-31,7107
71,7106
21,7105
-91,7104
-100,7103
87,7102
-75,7100
36,7099
-92,7098
-33,7097
44,7096
-86,7095
44,7093
-93,7092
79,7091
81,7088
80,7086
-52,7085
-3,7084
92,7083
-94,7082
-89,7081
77,7080
-98,7078
8,7077
-45,7076
1,7075
21,7074
-93,7072
-63,7071
48,7070
-91,7068
81,7066
50,7065
99,7064
-33,7063
-50,7062
35,7061
55,7060
48,7058
-26,7057
16,7056
69,7055
5,7054
77,7053
-51,7052
-71,7051
-42,7050
-39,7048
92,7047
86,7046
-38,7045
-81,7044
-100,7043
20,7042
-60,7041
23,7040
-94,7039
-60,7038
-5,7036
14,7034
-29,7031
86,7030
33,7029
70,7028
7,7027
-90,7026
38,7025
75,7023
5,7021
32,7020
77,7019
18,7018
-23,7017
-10,7016
20,7015
-52,7013
41,7012
-23,7011
97,7010
-23,7009
33,7008
-46,7006
-45,7005
-23,7004
44,7003
94,7001
-80,7000
-94,6999
6,6998
-1,6996
-3,6995
17,6994
29,6992
-4,6991
-71,6990
14,6987
56,6986
-21,6985
-23,6984
-26,6983
-47,6982
12,6980
28,6979
7,6978
-15,6977
15,6976
-21,6975
-13,6973
-21,6970
71,6967
-73,6966
-48,6965
-36,6962
66,6961
-71,6960
99,6959
40,6958
-37,6957
28,6955
-73,6952
-55,6951
-10,6949
76,6948
-94,6947
-51,6946
-57,6945
-37,6944
35,6943
59,6942
-12,6941
-86,6940
30,6939
44,6937
34,6936
-45,6935
32,6934
53,6931
9,6930
-38,6929
-47,6928
-93,6927
36,6925
80,6924
55,6923
-75,6922
-23,6921
38,6920
-87,6918
-66,6917
-74,6915
21,6914
29,6913
59,6911
-35,6910
59,6909
54,6908
-93,6907
42,6906
15,6905
-22,6902
-52,6901
53,6900
52,6899
-74,6897
-68,6895
-47,6894
-18,6893
-64,6892
-11,6890
84,6889
57,6887
-90,6886
29,6885
-3,6884
74,6882
28,6881
-31,6880
90,6879
-3,6877
-4,6876
19,6874
49,6872
8,6871
-88,6870
-75,6868
-10,6867
43,6866
-91,6865
58,6863
31,6861
95,6860
32,6859
99,6858
37,6856
83,6855
-32,6854
80,6853
-60,6852
87,6851
-23,6849
-98,6847
87,6846
-87,6844
83,6842
-84,6840
-54,6839
-26,6838
-27,6837
51,6836
77,6835
-29,6834
95,6833
17,6832
6,6831
12,6830
4,6827
1,6824
27,6823
95,6821
76,6820
10,6819
-97,6818
-88,6816
-66,6815
67,6814
52,6812
-71,6811
31,6810
11,6809
57,6808
-7,6806
54,6802
-81,6801
27,6800
-44,6799
67,6798
3,6797
56,6796
-93,6794
41,6792
9,6790
84,6788
2,6787
-87,6785
78,6784
46,6783
91,6782
-86,6780
-47,6779
-8,6777
76,6776
23,6774
-80,6773
90,6772
61,6771
-53,6770
74,6769
59,6768
48,6767
-77,6766
-29,6764
-17,6763
82,6761
84,6759
29,6757
35,6756
-42,6755
32,6754
-59,6753
-63,6751
96,6747
-20,6746
-46,6745
33,6744
-54,6743
10,6741
-50,6740
61,6739
43,6737
9,6736
5,6735
-66,6734
28,6730
-56,6729
-72,6728
23,6727
-20,6726
-86,6723
57,6722
88,6721
-31,6720
76,6719
96,6718
34,6717
-89,6715
75,6714
62,6713
-78,6711
59,6709
-21,6707
-64,6706
-12,6705
-36,6703
-38,6700
-36,6699
-61,6696
75,6695
100,6694
27,6693
-10,6691
82,6690
-35,6689
15,6688
-9,6687
10,6686
46,6685
51,6684
-3,6683
59,6682
-48,6680
88,6679
8,6678
-10,6677
-67,6676
20,6674
-27,6672
-89,6670
68,6669
93,6668
37,6666
80,6664
80,6663
-58,6662
-74,6661
-33,6660
43,6659
98,6658
-21,6657
-48,6656
-97,6655
-10,6653
91,6652
-50,6651
-94,6650
13,6649
-41,6648
22,6647
78,6646
80,6644
92,6642
-96,6639
-23,6638
-73,6636
9,6635
71,6633
-63,6631
-10,6630
-71,6628
74,6627
60,6626
34,6625
94,6624
59,6622
47,6620
-7,6619
81,6618
-18,6617
-6,6615
24,6614
100,6613
-42,6612
-19,6611
-27,6610
-21,6608
-41,6606
32,6604
43,6603
12,6601
-17,6600
31,6599
65,6597
67,6596
-82,6595
-21,6593
31,6592
61,6590
88,6588
73,6587
-27,6586
67,6583
-81,6581
-86,6580
-76,6579
83,6578
-91,6576
18,6574
-34,6573
30,6572
-6,6571
55,6570
-81,6569
-52,6568
88,6566
11,6565
-82,6564
16,6563
63,6562
90,6561
-21,6559
44,6558
36,6557
-23,6556
-73,6554
1,6553
27,6551
84,6550
93,6548
1,6547
-81,6546
-44,6545
-11,6544
-82,6541
-71,6540
-58,6539
19,6538
24,6537
-66,6536
-23,6534
-28,6533
27,6532
62,6531
-93,6530
-32,6528
44,6527
11,6526
14,6524
-2,6523
79,6521
-43,6520
-16,6519
-8,6516
21,6515
-35,6514
55,6513
48,6512
36,6511
-5,6510
-46,6508
-9,6507
-25,6506
20,6505
-83,6503
-74,6502
77,6501
27,6500
-23,6499
4,6498
87,6497
-29,6496
-89,6494
80,6493
15,6492
-38,6489
84,6486
-98,6484
19,6483
-71,6481
57,6480
-58,6479
4,6478
17,6475
69,6474
76,6473
-4,6470
-80,6466
-17,6465
-30,6464
-49,6463
-80,6461
26,6460
16,6459
-82,6457
-86,6455
-54,6454
-52,6453
-92,6452
-91,6450
-74,6449
84,6448
31,6447
-38,6445
78,6443
-95,6442
48,6441
-80,6438
-88,6437
18,6435
52,6434
-24,6433
-85,6432
85,6430
-88,6428
41,6427
77,6426
-98,6424
88,6422
13,6420
-4,6419
-100,6418
36,6417
-67,6416
90,6415
16,6414
3,6413
56,6412
88,6411
-96,6410
-79,6408
42,6407
88,6406
61,6405
-23,6402
-34,6400
82,6399
57,6398
18,6397
23,6396
-27,6395
83,6394
54,6393
86,6392
-7,6391
61,6390
-15,6388
5,6385
-77,6383
88,6382
67,6381
29,6380
41,6379
-9,6378
13,6377
47,6376
-68,6375
8,6373
33,6372
68,6370
-13,6369
94,6368
44,6367
55,6366
-56,6365
-83,6364
-48,6363
65,6362
83,6361
-19,6360
87,6358
41,6356
-17,6355
38,6354
89,6351
-46,6349
-99,6348
33,6347
-85,6346
61,6345
-25,6344
88,6343
49,6342
-8,6341
35,6338
57,6336
18,6335
-77,6333
48,6331
55,6330
52,6329
33,6328
19,6327
-81,6326
-64,6325
87,6322
61,6321
97,6320
-38,6319
-23,6317
-50,6316
63,6315
-28,6313
36,6312
-47,6311
11,6309
22,6308
-35,6307
51,6305
-73,6304
-89,6302
-48,6300
-44,6299
-37,6298
-6,6297
14,6296
52,6295
89,6294
-56,6292
-59,6291
-89,6290
-58,6289
-14,6288
-28,6286
65,6285
85,6284
27,6283
40,6282
86,6281
-56,6280
-82,6279
-30,6278
-49,6275
16,6274
9,6273
48,6272
-9,6271
35,6269
-77,6268
-88,6266
-74,6265
16,6263
-95,6262
-85,6261
-45,6258
-71,6257
-92,6256
-99,6255
-64,6254
-60,6252
7,6251
22,6250
84,6249
-54,6248
-58,6246
16,6245
41,6243
-3,6241
66,6240
59,6237
-57,6236
21,6235
-97,6234
-47,6232
-96,6230
-38,6229
-84,6228
-30,6227
69,6226
63,6225
7,6224
-83,6223
-19,6222
88,6221
16,6220
36,6219
60,6218
11,6217
26,6216
83,6214
99,6213
-33,6212
-91,6211
62,6210
78,6209
-21,6208
75,6207
49,6205
54,6204
-10,6203
0,6202
44,6201
64,6200
34,6199
-99,6197
100,6196
52,6195
-17,6194
-80,6193
94,6192
21,6190
-23,6189
-72,6188
-88,6185
-26,6184
-25,6183
-73,6182
-7,6180
17,6179
22,6178
24,6177
66,6176
61,6174
-73,6173
-97,6172
41,6171
65,6168
-69,6167
73,6166
-84,6165
87,6164
95,6162
-21,6161
-80,6160
88,6159
32,6158
-4,6157
-65,6156
40,6155
7,6154
52,6152
-68,6151
-30,6150
86,6149
-96,6148
3,6147
-32,6146
38,6145
3,6144
-99,6143
47,6140
-23,6139
61,6137
-28,6135
-66,6134
-28,6133
-82,6132
-66,6130
-73,6128
-94,6126
60,6125
-91,6122
47,6121
-79,6119
-52,6118
79,6117
-4,6116
88,6114
47,6113
-84,6112
-75,6111
76,6110
-20,6109
-69,6108
-25,6107
-3,6105
-38,6104
100,6103
98,6102
-38,6100
-23,6099
81,6098
-75,6097
-80,6095
71,6094
-90,6093
-46,6092
26,6091
-51,6090
-12,6088
-39,6085
-4,6084
-70,6083
99,6081
-9,6080
-87,6078
-50,6077
34,6075
-8,6074
35,6072
34,6071
14,6070
69,6069
0,6068
-55,6067
42,6064
-65,6063
-18,6062
-9,6061
8,6058
-87,6057
-54,6056
87,6055
92,6054
40,6053
-59,6052
20,6051
-91,6049
-12,6048
-61,6047
-76,6046
6,6045
-54,6044
-23,6042
96,6041
-80,6040
-48,6039
20,6035
-70,6034
35,6033
16,6032
2,6031
-8,6030
-87,6027
40,6026
-48,6022
-40,6019
-85,6018
-49,6017
36,6015
33,6014
73,6013
-37,6012
80,6011
-91,6010
-9,6009
-31,6008
61,6007
-43,6006
-42,6004
-17,6003
86,6002
16,6001
-97,6000
0,5999
92,5998
23,5997
76,5996
0,5993
4,5992
88,5991
83,5990
-67,5989
-10,5988
-78,5986
63,5985
50,5984
64,5983
31,5981
93,5980
-86,5975
-53,5973
19,5972
-26,5971
2,5970
98,5969
-52,5968
-3,5967
-16,5966
48,5965
-58,5964
-16,5962
18,5960
-83,5955
-94,5953
-34,5952
-68,5951
90,5950
10,5949
-19,5947
-75,5946
-90,5944
65,5943
-12,5942
-83,5941
7,5939
-96,5938
89,5937
78,5936
81,5934
-6,5933
84,5932
-32,5930
19,5928
-53,5927
-26,5925
75,5922
35,5921
-40,5919
-43,5918
99,5916
-2,5915
-73,5914
12,5912
-74,5911
28,5906
-41,5905
36,5904
70,5903
93,5900
-44,5899
8,5898
66,5897
-92,5896
-97,5894
-56,5893
25,5892
-77,5891
61,5889
-22,5885
-34,5884
96,5883
-92,5882
-41,5881
98,5880
-1,5879
25,5878
-29,5877
-17,5876
-55,5875
90,5870
37,5869
-68,5868
41,5867
-91,5866
68,5865
39,5864
-75,5863
7,5861
-98,5860
-58,5859
-91,5858
-86,5857
-61,5856
1,5855
-21,5850
-18,5849
90,5848
-81,5846
-74,5845
79,5843
-73,5842
-20,5841
-98,5838
-8,5837
12,5836
32,5835
82,5833
72,5832
94,5829
-57,5828
-59,5827
98,5826
-70,5825
19,5824
20,5822
15,5821
-87,5820
-81,5819
71,5818
26,5817
97,5816
15,5815
-26,5813
82,5812
-38,5811
-17,5810
12,5809
-92,5808
-21,5807
54,5806
9,5805
-26,5802
15,5801
12,5800
76,5799
38,5798
55,5797
28,5794
45,5793
-80,5791
60,5790
41,5787
14,5786
21,5785
-61,5784
-96,5782
-49,5781
-29,5779
66,5778
5,5776
-63,5773
37,5772
26,5771
98,5770
-54,5769
-42,5767
82,5766
72,5764
-34,5763
10,5762
85,5760
49,5759
58,5758
80,5757
10,5756
81,5755
68,5754
-55,5753
84,5752
88,5751
89,5750
-64,5749
-73,5747
-23,5746
48,5745
-45,5743
-63,5742
-34,5739
-17,5737
-49,5736
75,5735
-27,5734
0,5733
6,5732
-23,5731
-89,5730
86,5728
-7,5727
2,5726
1,5725
45,5724
85,5723
93,5722
77,5721
22,5719
97,5718
54,5717
-58,5716
-82,5714
-23,5713
87,5712
26,5711
36,5710
-4,5709
-73,5708
56,5707
58,5706
87,5704
-45,5702
-37,5699
-46,5697
-33,5696
49,5691
-56,5689
32,5688
54,5687
-99,5684
-67,5681
-55,5679
76,5678
100,5677
53,5675
-37,5673
5,5672
-58,5671
45,5669
81,5668
68,5667
-12,5666
79,5665
-64,5664
-83,5662
66,5661
-28,5660
-38,5659
-82,5658
99,5657
-85,5656
-81,5655
61,5653
-25,5652
26,5651
46,5650
19,5649
-97,5648
0,5647
11,5646
65,5645
-11,5642
-78,5641
-59,5640
7,5639
14,5637
27,5636
-7,5632
-85,5631
4,5630
31,5628
20,5627
37,5625
29,5624
14,5623
-40,5622
80,5621
-35,5620
-14,5619
-28,5618
-39,5617
54,5616
-32,5613
-49,5611
-92,5610
5,5609
-14,5607
16,5605
83,5603
7,5602
54,5601
-4,5599
75,5598
-76,5597
-18,5596
-82,5595
23,5594
-24,5593
21,5589
71,5588
-13,5587
94,5585
32,5584
92,5583
-97,5581
-22,5580
-4,5579
18,5577
-58,5576
54,5575
-44,5573
31,5572
48,5571
-30,5570
74,5569
-98,5568
66,5566
-73,5565
47,5562
29,5560
-71,5559
-80,5557
-57,5556
-13,5555
-88,5553
-23,5552
-54,5551
37,5550
66,5549
-21,5548
-86,5547
-2,5546
-72,5545
-46,5543
18,5542
24,5541
1,5540
5,5539
-79,5538
-45,5537
46,5536
-59,5534
51,5533
-17,5532
16,5531
22,5530
-71,5529
39,5528
37,5526
-40,5525
2,5524
77,5521
-15,5520
-25,5519
-41,5517
47,5513
-4,5512
-24,5511
62,5510
-29,5509
-34,5508
1,5507
63,5505
-79,5504
0,5503
-4,5501
-11,5500
-31,5499
10,5498
-29,5497
-86,5495
18,5494
69,5491
45,5490
49,5489
82,5488
69,5486
25,5485
33,5484
22,5482
-38,5481
99,5480
-59,5479
100,5477
-62,5476
34,5475
61,5474
66,5473
58,5472
-26,5471
-30,5470
-82,5469
8,5468
24,5467
63,5464
-18,5463
-1,5461
-82,5460
-35,5458
39,5456
80,5455
-90,5454
86,5453
-91,5452
-26,5451
19,5449
80,5448
-89,5447
20,5445
-47,5444
24,5443
43,5441
-89,5440
-90,5436
82,5435
-36,5434
-99,5433
-16,5432
14,5431
4,5429
-53,5428
89,5427
-11,5426
-18,5425
60,5424
-99,5423
66,5422
20,5421
17,5420
-39,5419
-48,5418
29,5417
-96,5415
80,5412
8,5411
95,5409
12,5408
97,5407
26,5406
-22,5405
-4,5404
15,5403
-23,5402
-20,5401
-69,5400
-15,5398
6,5397
25,5396
16,5395
100,5394
-85,5393
86,5392
-97,5391
-4,5389
-23,5388
13,5387
-75,5386
-100,5385
90,5384
-18,5383
20,5382
-61,5381
66,5380
-46,5378
-91,5377
-93,5376
-69,5375
79,5374
-76,5373
9,5372
91,5370
1,5369
28,5368
19,5366
-29,5364
55,5363
-73,5362
-1,5361
-99,5360
43,5358
-83,5355
-46,5354
-77,5351
4,5350
-63,5349
35,5347
69,5346
3,5345
-17,5344
18,5343
-75,5341
86,5339
56,5338
80,5336
-35,5335
21,5334
48,5333
41,5331
73,5329
-42,5326
25,5325
-30,5323
74,5322
86,5320
-10,5318
-20,5316
86,5315
-72,5314
28,5313
-73,5312
7,5311
77,5309
39,5308
-23,5307
-4,5305
32,5304
97,5303
24,5302
-82,5301
-18,5300
-34,5299
45,5298
66,5295
9,5294
13,5293
-78,5292
-91,5291
-73,5290
71,5288
50,5287
75,5285
6,5282
-87,5281
-58,5280
-78,5278
35,5277
58,5276
98,5275
60,5274
14,5272
9,5271
-42,5270
52,5269
-75,5268
89,5267
96,5266
53,5264
50,5262
57,5261
86,5260
-50,5259
10,5257
-41,5255
86,5254
-39,5253
-27,5249
-70,5247
-61,5246
-49,5244
-96,5243
95,5242
60,5241
-48,5240
-47,5239
41,5236
-54,5234
-46,5233
82,5232
34,5231
-54,5229
75,5227
84,5226
39,5225
2,5224
-20,5222
-21,5221
-93,5220
70,5219
-41,5218
51,5217
98,5216
-97,5215
39,5213
45,5210
-65,5209
-58,5208
-13,5207
93,5206
-81,5205
49,5203
-63,5202
1,5201
18,5200
58,5199
94,5198
-22,5197
-22,5196
-22,5192
15,5191
76,5190
27,5189
-41,5186
-42,5185
-97,5184
31,5183
43,5182
22,5181
-25,5179
-92,5177
21,5176
43,5175
40,5174
-42,5173
50,5172
-69,5171
82,5169
-44,5168
79,5167
-87,5166
3,5165
-89,5164
-71,5163
-52,5162
28,5161
35,5160
16,5159
84,5158
-56,5157
-69,5155
-77,5154
-71,5153
-3,5151
58,5150
-8,5147
78,5146
5,5145
62,5144
-81,5143
64,5142
-81,5141
-86,5140
12,5139
81,5138
-20,5136
31,5135
54,5134
-55,5133
85,5132
18,5130
44,5129
57,5128
10,5126
-9,5125
63,5124
-42,5122
74,5119
-67,5118
-65,5117
29,5116
-61,5115
57,5114
-11,5113
-31,5112
62,5111
69,5110
51,5109
8,5107
20,5106
-50,5105
12,5104
87,5103
-1,5102
79,5101
55,5100
-86,5099
67,5098
-69,5097
-52,5096
-33,5095
89,5093
-58,5091
-67,5090
-14,5089
10,5088
-40,5086
-60,5085
-91,5084
9,5083
-71,5082
-47,5080
-88,5079
-4,5078
11,5077
-84,5076
32,5075
-100,5074
-81,5073
61,5072
-73,5071
53,5070
-47,5068
66,5067
4,5064
85,5063
-69,5062
8,5061
85,5060
37,5056
-43,5055
86,5051
-4,5050
14,5049
-58,5047
6,5046
-66,5045
-74,5044
0,5041
14,5040
-8,5039
-54,5037
26,5036
-54,5035
42,5034
-14,5033
79,5032
18,5031
-77,5029
-26,5028
-99,5027
-88,5026
8,5024
-13,5023
-85,5022
-30,5021
-41,5020
42,5019
-15,5018
9,5017
3,5016
-72,5015
-21,5011
29,5010
18,5009
5,5007
11,5006
-37,5004
-64,5003
94,5001
-59,5000
6,4999
41,4996
4,4995
-15,4994
-97,4993
44,4992
-16,4991
82,4990
-26,4989
23,4987
-72,4985
34,4984
-84,4983
98,4981
-71,4980
32,4979
-11,4978
53,4977
69,4975
86,4972
84,4971
-77,4969
-24,4968
-23,4967
17,4966
66,4965
27,4963
-41,4962
75,4961
14,4959
-3,4958
90,4957
-20,4956
43,4955
62,4954
-6,4951
-67,4949
74,4947
27,4945
80,4944
80,4941
-63,4940
62,4939
91,4938
36,4936
59,4935
48,4934
55,4933
-73,4930
33,4929
-85,4928
24,4927
-64,4926
-36,4925
16,4924
-68,4923
72,4922
33,4921
-71,4918
-76,4917
-90,4916
57,4914
-47,4908
87,4907
49,4906
92,4905
-79,4904
65,4903
-38,4902
16,4901
5,4900
58,4899
-14,4897
67,4896
-61,4895
-21,4894
22,4893
11,4892
-100,4891
-68,4890
-95,4889
42,4888
8,4883
89,4881
81,4880
77,4878
6,4877
64,4876
45,4873
-8,4870
72,4869
68,4866
-27,4865
47,4864
-3,4863
-86,4862
-85,4861
95,4860
-93,4858
-31,4857
31,4856
-81,4855
-82,4854
-34,4853
-76,4852
-73,4851
78,4849
-51,4847
1,4846
-28,4845
65,4844
5,4843
-42,4841
-48,4840
95,4838
44,4837
-96,4836
97,4835
22,4834
-86,4832
-12,4831
-33,4830
17,4829
67,4828
20,4825
74,4823
88,4822
51,4821
5,4818
17,4817
-87,4815
64,4814
100,4812
3,4811
-60,4810
39,4809
-73,4808
-82,4806
-57,4805
76,4803
35,4802
70,4801
-56,4800
37,4799
-18,4798
96,4797
95,4796
-59,4795
-76,4794
-4,4793
14,4791
-94,4790
51,4788
46,4787
-76,4786
17,4785
-9,4784
-43,4782
-62,4781
-38,4780
94,4779
88,4778
94,4777
96,4776
37,4774
3,4773
-14,4772
-44,4771
-22,4770
32,4769
-30,4768
86,4767
10,4766
55,4765
73,4764
82,4763
17,4762
38,4761
56,4759
56,4758
79,4757
68,4756
73,4755
-27,4754
-52,4753
46,4752
33,4751
-11,4750
60,4749
-61,4747
2,4746
31,4745
19,4743
13,4739
-43,4738
-6,4735
74,4734
-29,4733
-28,4731
14,4729
18,4728
84,4727
29,4723
-80,4722
36,4720
-73,4719
57,4718
59,4716
-45,4715
62,4712
87,4711
43,4710
-59,4708
-35,4707
-40,4705
44,4704
33,4703
42,4699
-63,4698
94,4697
-59,4696
-75,4695
2,4694
4,4693
-51,4692
-24,4691
-4,4690
56,4689
35,4688
1,4687
-29,4685
-80,4684
-25,4683
100,4682
79,4680
19,4678
-49,4677
-39,4676
87,4675
-28,4673
-58,4672
-28,4669
-22,4668
-49,4667
-61,4665
54,4664
-86,4663
17,4661
-23,4660
-59,4659
65,4658
44,4657
-29,4656
-84,4655
-78,4654
-94,4653
-77,4651
23,4649
-35,4648
-45,4647
-67,4645
56,4643
-98,4641
-8,4640
-21,4637
23,4636
50,4634
-41,4632
-7,4630
91,4629
86,4628
-72,4627
-28,4626
82,4625
-87,4624
-29,4623
4,4621
-38,4620
96,4618
21,4616
-76,4615
-63,4614
-89,4610
29,4609
-37,4608
-23,4607
20,4606
29,4600
85,4599
25,4598
65,4597
13,4596
-62,4593
-99,4592
-81,4591
39,4589
-22,4588
-93,4587
-12,4585
-61,4583
52,4581
-45,4578
59,4577
-64,4576
3,4575
13,4574
5,4573
79,4571
73,4570
-33,4568
-75,4567
68,4566
-19,4565
6,4564
36,4563
34,4561
-96,4560
28,4559
-83,4556
-70,4555
-54,4554
76,4553
-27,4552
69,4551
74,4550
35,4549
-83,4548
-96,4547
-27,4545
14,4543
-100,4541
80,4540
-91,4539
76,4538
-33,4537
37,4536
70,4535
95,4533
-46,4532
-25,4530
79,4529
-63,4528
-4,4527
-56,4526
15,4525
-77,4524
86,4523
-39,4521
-33,4520
18,4519
49,4518
25,4517
27,4515
43,4514
53,4513
33,4512
49,4510
-21,4507
-21,4506
37,4505
-63,4504
13,4503
-63,4502
-83,4501
-41,4499
52,4498
47,4497
99,4495
88,4494
81,4493
-97,4491
-63,4489
55,4486
9,4485
68,4484
83,4482
49,4481
-37,4480
12,4478
16,4476
-4,4475
79,4472
0,4471
78,4470
88,4468
-41,4465
-37,4464
52,4463
32,4462
0,4459
-28,4458
10,4457
-84,4456
94,4455
-57,4454
72,4453
-30,4452
-38,4451
-81,4450
-28,4449
29,4448
-48,4445
55,4444
-16,4443
-44,4441
54,4439
98,4438
9,4437
-4,4436
82,4435
-64,4434
-30,4433
60,4432
67,4428
73,4426
22,4425
-36,4424
-3,4423
88,4422
-70,4421
-3,4420
85,4419
-29,4418
27,4417
100,4416
85,4415
41,4413
-7,4412
44,4411
-3,4410
-55,4409
46,4408
-72,4407
20,4406
-9,4405
81,4404
-83,4403
-41,4400
5,4399
-48,4398
88,4397
64,4396
50,4394
-48,4393
19,4391
-37,4390
-8,4389
53,4388
-73,4386
-44,4385
92,4384
-82,4383
50,4382
0,4381
48,4379
-45,4376
-6,4375
27,4374
70,4373
-5,4372
39,4371
-44,4370
67,4369
49,4368
-36,4366
-81,4364
-70,4363
-21,4362
-21,4361
28,4360
-62,4358
21,4357
-3,4356
14,4355
5,4354
-59,4353
-42,4351
66,4350
-87,4348
-47,4347
77,4346
54,4345
5,4344
-71,4343
-58,4342
27,4341
67,4340
44,4339
58,4338
-3,4337
-65,4336
62,4335
23,4334
-44,4333
-26,4332
79,4331
92,4328
13,4327
21,4325
57,4324
-2,4322
-89,4321
17,4320
79,4318
-44,4317
63,4316
-57,4315
-33,4314
100,4313
5,4309
10,4308
90,4307
68,4306
-22,4305
20,4304
40,4303
-64,4301
-27,4300
-77,4299
17,4298
42,4297
-70,4295
45,4294
-42,4293
-22,4292
-57,4290
-3,4288
47,4287
-9,4286
-73,4284
-96,4283
-33,4282
73,4281
18,4279
94,4278
-1,4276
-8,4275
42,4274
23,4273
70,4272
-85,4269
90,4268
-42,4267
13,4266
-90,4264
34,4263
-9,4262
82,4261
22,4260
-12,4259
29,4258
-69,4257
16,4256
29,4254
60,4253
56,4252
97,4251
-55,4249
-93,4248
75,4246
40,4245
-7,4244
-60,4243
3,4240
95,4239
-32,4238
13,4237
20,4236
62,4233
31,4232
-73,4231
-44,4230
12,4228
-23,4227
-37,4226
73,4225
17,4222
-20,4220
-68,4219
29,4217
50,4216
-35,4215
8,4213
42,4212
96,4211
-49,4210
-26,4209
-13,4208
83,4206
26,4202
-80,4200
-11,4199
30,4196
92,4195
-51,4194
25,4193
-46,4192
25,4191
-76,4190
-19,4189
-56,4187
-94,4185
-5,4183
31,4180
-65,4178
-39,4177
55,4176
-43,4175
55,4174
-52,4173
35,4172
-30,4171
40,4170
-41,4169
-33,4168
-86,4167
-86,4166
72,4165
99,4163
-10,4162
-47,4161
-3,4158
9,4155
67,4154
4,4152
-17,4151
92,4150
33,4149
31,4148
-20,4147
-30,4146
-73,4145
-4,4144
-55,4140
26,4139
96,4138
19,4137
-54,4133
36,4130
16,4129
-63,4127
-48,4122
47,4121
-68,4120
2,4119
88,4118
82,4117
-22,4116
97,4114
-33,4113
63,4112
77,4109
-30,4108
34,4106
91,4105
-69,4104
-62,4103
86,4102
-31,4101
-44,4100
-5,4098
90,4097
13,4096
-59,4095
-86,4094
-79,4093
14,4091
-84,4090
-72,4089
-35,4087
88,4086
-81,4085
-11,4084
42,4083
-52,4082
43,4081
41,4080
-54,4077
-7,4076
-86,4075
18,4073
-67,4072
52,4071
-21,4070
73,4069
2,4068
89,4066
-76,4065
40,4064
-7,4062
-49,4060
19,4059
28,4057
-7,4056
13,4055
70,4054
-68,4051
-44,4050
72,4049
-5,4048
11,4047
2,4046
-39,4044
-99,4043
57,4042
76,4040
-60,4039
19,4038
97,4037
-90,4036
-89,4034
-54,4032
75,4031
46,4030
-76,4028
18,4027
49,4026
12,4025
-72,4023
-89,4021
-36,4020
25,4019
52,4018
11,4017
90,4015
62,4014
37,4013
97,4012
-99,4011
37,4008
76,4006
83,4005
-80,4002
-34,4001
25,3999
-8,3998
-96,3997
-90,3996
100,3995
-16,3994
-13,3993
-59,3992
-40,3991
51,3989
34,3988
-75,3987
70,3985
-15,3984
-42,3983
-56,3982
96,3981
-35,3979
-39,3978
-34,3977
57,3976
-32,3975
84,3973
36,3972
-16,3971
0,3969
-33,3968
-48,3967
81,3965
-60,3964
-27,3963
-97,3962
18,3961
86,3960
91,3957
-59,3955
-10,3953
37,3951
-77,3950
51,3949
-23,3948
-65,3947
0,3946
-85,3941
-70,3940
-92,3939
-93,3938
39,3936
-78,3935
52,3934
-80,3933
74,3932
71,3930
28,3928
-22,3927
-15,3925
9,3924
-34,3923
-27,3922
-44,3921
-86,3920
-14,3919
-64,3918
35,3916
95,3914
24,3913
-23,3912
45,3911
9,3910
-82,3909
-95,3908
69,3906
37,3905
22,3904
-41,3903
-3,3901
-32,3900
16,3899
49,3898
-72,3896
77,3895
-92,3894
-94,3892
26,3890
-34,3889
-25,3886
13,3885
55,3884
-90,3883
87,3882
-43,3881
47,3879
-43,3878
25,3877
-41,3876
-58,3875
69,3874
49,3873
-55,3872
-85,3871
9,3868
-11,3867
71,3866
-62,3864
-48,3863
-53,3862
-73,3860
70,3859
51,3857
-5,3856
38,3855
5,3853
-8,3852
10,3850
-72,3849
56,3848
-53,3846
-70,3845
-56,3844
-38,3842
-67,3840
-86,3839
77,3838
-83,3836
-65,3835
70,3831
-26,3830
8,3828
-75,3826
-24,3825
95,3824
-62,3823
-40,3822
-21,3819
93,3818
-49,3816
-70,3815
-90,3814
2,3812
37,3810
-40,3809
-48,3808
-95,3807
11,3806
-69,3805
59,3804
95,3803
68,3800
-15,3798
78,3797
-51,3795
67,3794
-44,3793
-44,3792
52,3791
98,3790
-57,3789
94,3788
9,3787
86,3786
26,3785
59,3784
46,3783
-58,3782
-80,3781
47,3780
-48,3776
0,3774
-31,3772
38,3771
-58,3769
-70,3766
100,3765
-9,3764
-85,3763
52,3762
21,3761
-23,3760
70,3759
-68,3758
-25,3757
29,3756
-72,3755
60,3754
13,3753
-71,3752
-87,3751
96,3750
-39,3748
49,3746
-32,3745
68,3743
99,3742
36,3741
54,3739
-83,3738
0,3734
-21,3733
79,3731
52,3730
89,3729
46,3728
94,3724
-63,3723
-31,3722
-67,3721
92,3720
24,3719
52,3718
25,3717
32,3715
-77,3714
-40,3713
7,3712
-41,3711
-99,3710
-81,3709
-97,3708
-100,3706
-27,3705
99,3704
-93,3703
-63,3701
90,3700
-100,3699
-65,3698
98,3697
-95,3696
-62,3695
-14,3693
19,3692
-11,3690
-8,3689
43,3687
24,3686
95,3684
-97,3683
10,3681
49,3679
-66,3678
35,3677
60,3676
-42,3674
-28,3673
27,3672
-71,3670
83,3669
81,3667
100,3666
55,3665
-62,3664
-63,3663
-45,3662
-6,3660
-51,3658
-36,3657
-65,3656
-20,3655
-70,3653
-58,3652
93,3651
-45,3649
-28,3648
-14,3647
30,3646
100,3645
13,3643
-70,3642
-38,3641
-58,3640
-67,3639
-7,3638
-64,3637
-32,3633
26,3632
-52,3631
-63,3630
-54,3629
18,3626
-57,3625
6,3624
-79,3623
-85,3621
-41,3620
38,3617
-94,3616
-47,3615
6,3612
-61,3610
-14,3607
0,3605
83,3604
-9,3603
16,3602
-95,3600
90,3599
98,3598
-1,3597
-12,3596
60,3595
-64,3594
-37,3592
48,3591
-76,3590
19,3589
-8,3588
-1,3587
-32,3586
0,3585
-98,3584
55,3582
-63,3581
-28,3580
64,3579
45,3578
4,3577
-77,3576
-52,3574
-56,3573
-94,3572
58,3571
-70,3570
-85,3569
19,3568
-18,3566
19,3565
69,3564
-88,3563
-82,3562
25,3561
-84,3560
24,3559
54,3558
42,3555
78,3554
-16,3553
-4,3551
-95,3549
49,3548
-44,3547
-82,3546
40,3544
100,3541
22,3540
-43,3539
-54,3537
46,3535
-34,3534
49,3533
29,3532
54,3531
-26,3530
-6,3529
22,3527
48,3526
90,3525
19,3524
-32,3522
79,3521
38,3520
74,3518
-78,3517
36,3516
-72,3515
-48,3514
20,3513
63,3512
-40,3511
72,3510
56,3509
83,3508
95,3507
-25,3505
-83,3504
-16,3503
18,3502
-24,3501
78,3500
59,3499
-12,3498
-31,3497
-79,3496
80,3495
-50,3494
-80,3493
80,3492
-56,3491
11,3490
4,3489
20,3487
25,3486
-58,3485
-60,3484
-32,3482
17,3481
-5,3480
40,3479
11,3478
42,3476
-99,3474
86,3473
15,3472
8,3471
-64,3470
-1,3468
16,3466
47,3465
14,3464
-11,3463
84,3462
-66,3461
-18,3460
-71,3459
94,3456
-5,3455
-51,3453
38,3451
-22,3450
76,3449
-23,3448
-59,3447
-91,3446
-49,3445
-12,3444
-59,3443
86,3442
75,3440
-17,3438
26,3437
15,3436
-45,3435
-55,3434
-40,3433
75,3432
-87,3430
91,3429
-29,3427
95,3426
-58,3425
-31,3423
79,3421
54,3420
13,3417
-1,3416
-6,3415
90,3413
-2,3411
71,3408
6,3407
-62,3406
29,3404
-26,3403
77,3402
-68,3401
57,3400
39,3399
-3,3398
-32,3397
-71,3396
-13,3395
98,3394
69,3393
9,3392
-35,3391
-91,3390
72,3389
94,3388
34,3387
-96,3386
5,3385
38,3383
78,3381
76,3380
-60,3379
-100,3378
-19,3376
-44,3374
-27,3372
31,3371
-54,3370
-4,3369
89,3368
-89,3367
7,3366
97,3365
36,3364
82,3363
25,3362
-23,3361
-89,3360
22,3359
4,3358
19,3357
-3,3356
-86,3355
-68,3354
72,3353
21,3352
-42,3351
69,3350
68,3349
-53,3348
73,3347
-21,3346
54,3343
-99,3340
83,3338
-71,3335
72,3334
26,3333
35,3332
52,3331
-5,3330
32,3329
-87,3328
22,3327
52,3325
-46,3324
-41,3323
78,3320
-64,3318
-62,3317
41,3316
-68,3313
14,3312
23,3311
-16,3308
92,3307
33,3306
56,3305
6,3304
-23,3303
-28,3302
16,3298
32,3297
26,3295
-1,3294
42,3293
-11,3291
56,3290
16,3288
-23,3287
41,3286
-46,3285
6,3283
-13,3281
-13,3279
-78,3278
-83,3276
56,3275
6,3274
-84,3272
-65,3271
-91,3269
97,3268
-45,3267
-82,3265
1,3264
75,3263
22,3262
23,3261
37,3259
18,3258
60,3257
35,3256
99,3255
-2,3253
-74,3252
66,3251
-13,3250
-39,3248
73,3246
45,3244
-74,3243
-47,3242
-20,3241
-16,3240
-100,3239
-100,3238
44,3237
60,3236
25,3234
83,3233
-63,3232
-6,3231
21,3230
-92,3229
15,3228
66,3227
14,3226
-27,3225
-7,3224
-23,3223
96,3222
25,3221
98,3220
32,3219
-44,3218
6,3217
53,3216
67,3214
99,3213
17,3210
72,3209
-37,3207
47,3206
73,3205
35,3204
-89,3203
-28,3202
37,3201
30,3200
-19,3199
-97,3198
41,3197
47,3196
79,3195
89,3194
15,3193
-46,3192
-35,3191
-7,3189
6,3187
-86,3186
83,3185
30,3184
-98,3183
-3,3181
81,3180
64,3179
-90,3178
24,3177
47,3176
-20,3175
-77,3172
96,3170
-84,3169
-67,3168
-76,3167
77,3166
-26,3165
-77,3163
-60,3162
72,3161
64,3160
26,3159
27,3158
84,3156
-85,3155
87,3154
-8,3153
88,3152
-63,3151
11,3149
-97,3148
0,3147
64,3144
-6,3141
-83,3140
63,3139
-74,3137
-79,3136
71,3135
-47,3134
36,3133
59,3132
-31,3131
46,3130
38,3128
3,3127
22,3124
-26,3123
-64,3122
-16,3121
20,3119
57,3118
66,3117
-62,3115
-73,3113
-78,3112
-76,3111
76,3110
45,3109
-88,3108
57,3107
-59,3106
-51,3105
-98,3104
65,3102
50,3101
-26,3095
60,3094
-60,3093
9,3092
-83,3091
-44,3090
-47,3089
-28,3087
84,3086
-48,3085
99,3084
-90,3083
-66,3082
76,3081
-43,3080
39,3079
96,3077
-29,3076
-96,3075
-85,3074
-80,3073
-32,3071
-36,3070
-62,3069
25,3068
37,3067
-78,3066
19,3063
90,3062
21,3061
-57,3060
-12,3059
-34,3058
-26,3057
-12,3056
-27,3054
-99,3053
-2,3050
-57,3049
-63,3046
-11,3045
63,3044
-65,3042
-22,3041
-39,3040
26,3039
45,3038
-53,3036
-79,3035
4,3034
-80,3033
58,3032
48,3029
51,3028
-23,3026
43,3025
8,3023
68,3022
45,3021
83,3020
84,3019
13,3018
-84,3017
93,3016
-83,3014
-56,3013
36,3012
17,3010
13,3009
-57,3008
71,3007
62,3006
-38,3003
-58,3002
0,3001
15,2999
35,2995
-44,2993
15,2992
39,2991
-52,2990
21,2988
-69,2987
-42,2986
-74,2985
-68,2983
-5,2982
-22,2979
65,2978
96,2977
26,2976
-70,2975
12,2974
-98,2970
76,2969
-53,2968
-57,2967
97,2966
72,2963
-5,2962
-26,2961
-46,2959
-51,2957
-92,2956
-49,2955
-52,2953
-7,2951
-38,2950
-7,2949
51,2948
-20,2947
62,2945
64,2943
-78,2942
62,2941
-41,2939
-65,2937
-14,2936
33,2935
-55,2934
94,2933
86,2932
39,2931
55,2929
-68,2928
71,2927
62,2926
-92,2924
-92,2923
61,2922
-51,2921
-50,2920
-93,2919
-85,2918
65,2917
29,2916
-64,2915
83,2914
-5,2913
-54,2912
19,2911
-100,2910
19,2909
-61,2908
4,2907
-4,2906
-60,2904
-40,2903
-79,2902
45,2900
0,2899
66,2898
-70,2897
-74,2896
80,2895
-45,2894
-26,2893
21,2892
78,2891
3,2889
-81,2888
53,2885
-44,2884
92,2882
57,2881
-88,2880
31,2879
87,2878
-48,2877
15,2875
15,2873
-60,2872
-38,2871
8,2870
86,2869
-76,2868
44,2867
73,2864
23,2863
47,2861
51,2860
3,2859
-3,2858
-49,2857
-1,2854
-34,2853
44,2852
-97,2850
-65,2849
3,2848
-7,2845
73,2844
83,2843
-85,2842
-89,2841
-61,2840
17,2838
80,2837
42,2836
-64,2835
-97,2834
-49,2833
8,2832
-11,2830
-37,2828
-60,2825
-86,2824
-20,2823
94,2822
86,2821
88,2820
44,2819
-53,2818
-18,2816
-79,2814
46,2813
41,2811
-97,2809
-55,2806
-69,2805
-88,2804
-80,2803
16,2802
84,2801
3,2800
-27,2799
-51,2798
19,2797
11,2796
61,2795
44,2794
-72,2793
-70,2792
7,2791
-41,2790
94,2789
79,2788
61,2787
54,2786
-91,2785
-70,2782
-34,2781
44,2779
67,2778
51,2777
86,2776
4,2775
-13,2774
-73,2772
74,2771
-91,2770
73,2769
36,2766
-98,2765
-78,2763
-24,2762
62,2761
-72,2760
-66,2759
41,2758
-87,2754
86,2751
-88,2748
34,2747
29,2744
51,2743
57,2742
-27,2741
-84,2740
28,2739
60,2738
20,2737
87,2736
-83,2735
99,2734
-46,2733
-98,2732
-88,2731
2,2729
-68,2728
82,2726
-54,2725
-5,2724
-35,2723
8,2722
44,2721
-84,2719
-66,2718
-78,2717
-49,2716
29,2715
16,2714
-36,2713
-33,2711
38,2710
14,2709
27,2708
-43,2706
36,2705
-14,2704
-8,2703
-56,2702
70,2699
-58,2698
97,2697
-21,2696
-31,2695
-63,2694
-11,2693
-36,2692
-40,2691
68,2690
53,2689
19,2688
-70,2687
7,2686
18,2685
85,2683
-12,2682
-1,2679
36,2678
-61,2677
14,2676
-14,2675
78,2674
24,2673
9,2672
-34,2671
-64,2669
19,2668
33,2667
-74,2666
-9,2665
26,2664
42,2663
67,2662
-83,2661
23,2660
-24,2658
-54,2656
77,2655
-11,2654
-6,2652
-15,2650
21,2649
48,2648
-28,2646
83,2645
44,2644
86,2641
-66,2639
74,2638
53,2637
-54,2636
28,2635
-89,2633
-48,2632
31,2631
30,2630
14,2629
-1,2628
-58,2627
6,2626
58,2625
-49,2623
28,2622
57,2621
-12,2620
60,2618
-66,2617
31,2616
-42,2615
95,2613
-30,2612
88,2611
-51,2607
49,2606
-5,2605
-80,2604
-91,2603
65,2602
21,2600
-3,2599
-95,2598
-27,2597
52,2596
-54,2595
-59,2594
-66,2593
53,2591
13,2590
-9,2587
1,2586
-35,2585
53,2584
-13,2583
36,2581
-34,2579
-36,2578
94,2577
-94,2576
-15,2573
75,2571
88,2570
54,2569
-47,2568
-77,2567
-21,2566
77,2565
76,2564
-65,2563
99,2560
3,2559
-52,2557
-41,2556
-17,2555
45,2554
-93,2553
-65,2552
27,2551
15,2550
-85,2549
-7,2548
65,2547
37,2546
-40,2545
9,2544
-34,2543
-96,2542
17,2541
-83,2540
-5,2536
-91,2535
83,2533
-96,2532
64,2530
-41,2527
66,2525
-44,2524
9,2523
83,2522
53,2521
64,2520
45,2519
-14,2517
19,2516
-2,2515
-83,2514
-61,2513
97,2512
-87,2510
67,2509
-46,2508
-75,2507
60,2505
-92,2504
-100,2503
1,2502
77,2501
-77,2500
-19,2499
-26,2497
46,2496
18,2495
12,2494
-41,2493
-67,2492
25,2491
80,2489
-51,2488
18,2487
57,2486
68,2485
66,2483
67,2482
-16,2480
-56,2479
30,2477
-54,2475
-45,2472
-13,2470
34,2469
-35,2468
-71,2467
13,2465
20,2461
62,2459
31,2458
-100,2457
-31,2456
61,2455
-82,2454
11,2453
33,2452
7,2451
-56,2449
-21,2448
28,2446
-52,2445
-31,2444
-28,2443
40,2442
-46,2441
-67,2440
-80,2438
-87,2437
-62,2436
-65,2434
-6,2431
93,2430
-45,2429
84,2428
-54,2426
-28,2425
-10,2424
-83,2421
-89,2419
-50,2417
77,2415
-98,2413
3,2412
26,2411
90,2410
-71,2409
35,2407
-95,2406
-61,2405
-34,2404
93,2403
-61,2402
52,2401
-80,2398
49,2397
-67,2395
6,2394
-62,2393
38,2392
-11,2389
57,2388
48,2387
57,2385
100,2383
81,2382
33,2381
-7,2378
49,2377
16,2376
38,2375
-61,2374
45,2372
-71,2369
-60,2368
-72,2366
57,2365
-4,2364
-8,2363
54,2362
-48,2361
-56,2360
-26,2355
-77,2354
18,2352
-5,2351
13,2350
-91,2348
-73,2347
73,2346
38,2343
-17,2342
-74,2339
-39,2338
56,2337
50,2336
23,2335
-58,2333
-28,2330
41,2329
-84,2326
87,2325
95,2324
76,2322
-81,2321
60,2320
-32,2319
-26,2318
-6,2317
17,2316
-18,2315
44,2314
34,2313
-80,2312
-35,2311
68,2309
-43,2308
-77,2307
43,2306
-4,2305
33,2304
-49,2303
8,2302
-63,2299
-31,2298
47,2297
-33,2296
-74,2295
-88,2294
65,2293
47,2292
97,2291
48,2290
-78,2289
-42,2288
-92,2287
-44,2286
62,2284
23,2283
61,2282
21,2280
90,2279
92,2278
50,2277
62,2276
56,2275
41,2274
21,2273
41,2272
-38,2270
-4,2268
99,2267
36,2266
31,2261
-13,2259
83,2258
-16,2257
70,2255
-44,2254
-91,2253
98,2251
-45,2250
-22,2249
-29,2248
-2,2247
-29,2246
8,2245
23,2244
-42,2243
9,2240
-47,2239
95,2238
44,2237
-14,2235
-54,2234
78,2233
18,2231
49,2230
-38,2229
85,2228
-100,2227
-12,2226
-80,2225
71,2224
-23,2223
-48,2221
-74,2220
-88,2219
75,2218
-57,2217
-11,2216
99,2215
6,2214
1,2212
-42,2211
82,2210
82,2209
5,2208
-99,2207
11,2206
57,2202
-58,2199
45,2198
-99,2196
-54,2194
36,2193
22,2192
55,2191
38,2190
67,2189
-64,2188
33,2187
28,2186
78,2185
88,2184
-10,2183
-54,2182
74,2181
-39,2180
-46,2179
52,2177
70,2175
-28,2174
78,2171
-68,2170
-31,2169
-16,2168
89,2166
55,2164
41,2161
78,2159
-57,2158
-19,2157
-56,2156
-15,2155
-83,2154
-13,2153
-44,2151
7,2150
39,2149
92,2147
29,2146
69,2145
-68,2143
-75,2142
-94,2139
40,2137
-81,2136
-8,2135
-90,2133
72,2132
80,2131
16,2130
-34,2128
-76,2127
81,2126
13,2125
-71,2124
72,2122
87,2121
-92,2120
-82,2119
-72,2118
49,2117
37,2116
98,2115
-53,2114
52,2113
85,2112
64,2111
-67,2110
-93,2109
77,2108
-84,2105
-40,2104
22,2103
93,2101
31,2100
-74,2099
1,2098
-86,2097
-54,2096
-67,2095
41,2094
-81,2092
-92,2091
80,2090
45,2089
34,2088
-11,2087
99,2085
-43,2084
-32,2083
15,2082
21,2081
56,2080
-55,2079
-86,2077
98,2074
-99,2073
52,2072
-12,2071
98,2070
-63,2069
-40,2068
14,2066
-86,2065
3,2063
-99,2062
61,2061
15,2059
-44,2057
-28,2055
25,2054
48,2053
97,2052
75,2051
71,2050
-53,2049
-45,2048
94,2047
-32,2045
68,2044
24,2042
-17,2041
42,2040
-9,2038
28,2037
91,2036
47,2034
-32,2033
-21,2032
27,2031
-50,2029
-100,2028
-18,2027
30,2025
-91,2023
14,2021
26,2019
89,2017
-40,2015
-25,2014
83,2012
89,2010
16,2009
90,2008
37,2007
79,2006
-65,2005
-66,2004
24,2002
26,1998
29,1997
-57,1996
-27,1995
23,1994
-37,1993
-94,1991
85,1990
48,1988
-2,1986
-14,1983
-4,1982
-6,1980
66,1978
7,1976
19,1975
-82,1974
-100,1972
10,1971
-24,1970
-86,1969
-11,1967
-39,1966
-77,1965
-12,1964
77,1962
-18,1961
-52,1960
10,1959
13,1957
72,1956
-48,1955
-31,1954
-69,1953
21,1952
99,1951
26,1950
41,1949
-100,1946
89,1945
-18,1944
97,1942
-30,1941
-52,1939
-10,1938
85,1936
-100,1934
5,1933
87,1932
-60,1931
-74,1929
2,1928
-33,1927
76,1926
32,1924
-45,1923
24,1921
-50,1920
64,1917
27,1916
57,1915
24,1914
-52,1912
-58,1911
99,1910
61,1909
-10,1907
66,1906
20,1905
-19,1903
43,1902
48,1901
42,1900
26,1899
28,1898
-17,1896
-67,1895
-62,1894
86,1892
49,1891
-78,1890
-44,1889
-25,1888
-45,1887
-4,1886
-25,1885
75,1884
90,1883
68,1882
-10,1880
91,1878
100,1874
-22,1873
-93,1871
-36,1868
-88,1867
22,1866
-48,1865
4,1864
76,1863
65,1862
-81,1861
-29,1860
-53,1859
93,1858
-17,1857
-34,1856
95,1854
-9,1851
99,1850
-93,1849
24,1847
-95,1846
-93,1844
-31,1843
99,1842
-48,1841
-8,1840
87,1838
-74,1837
-97,1835
53,1834
-55,1833
-81,1832
7,1830
25,1828
-11,1827
-96,1826
95,1824
-80,1823
-22,1822
-44,1821
-25,1820
82,1819
60,1816
-38,1815
-45,1814
-33,1813
7,1812
15,1811
23,1810
-11,1809
88,1808
-66,1807
-39,1806
-9,1805
-20,1804
62,1802
4,1801
-77,1799
16,1798
99,1797
-52,1796
-49,1795
-95,1794
30,1792
-72,1791
25,1790
92,1789
-90,1788
71,1787
-59,1786
-4,1782
17,1781
12,1780
-66,1779
45,1778
-48,1777
-70,1775
17,1774
53,1773
88,1772
-3,1771
14,1770
83,1769
67,1768
-83,1767
-85,1766
87,1765
-94,1764
1,1763
-62,1762
-51,1761
56,1759
-43,1757
-56,1754
-29,1753
1,1751
92,1749
-60,1748
77,1747
-70,1746
25,1745
-48,1744
-19,1743
72,1741
-21,1737
95,1736
-53,1735
-16,1734
3,1733
52,1731
97,1730
34,1729
68,1728
-30,1727
49,1726
96,1725
9,1724
5,1722
-26,1721
82,1720
93,1719
-18,1718
74,1717
-94,1716
62,1715
-12,1714
25,1711
-88,1710
33,1707
-5,1706
-94,1705
76,1704
2,1703
-16,1701
-76,1700
52,1698
88,1697
-62,1695
61,1694
-24,1693
17,1691
17,1690
26,1689
-5,1688
65,1685
-85,1684
-74,1683
14,1681
-64,1680
60,1679
-96,1678
-27,1675
-37,1674
-24,1670
36,1669
-61,1668
-28,1666
-40,1664
-57,1663
62,1662
-31,1661
21,1660
41,1659
97,1657
-84,1652
-44,1651
44,1650
-39,1648
-44,1646
-12,1643
-38,1642
-80,1641
-94,1640
-3,1639
77,1638
-89,1637
53,1636
11,1635
66,1634
-53,1633
-7,1632
18,1630
56,1628
-3,1627
88,1626
75,1625
87,1623
-76,1621
37,1620
27,1618
-49,1616
-70,1615
37,1613
-49,1612
-49,1611
40,1610
-48,1608
-44,1607
37,1605
9,1604
-73,1601
65,1600
63,1599
-46,1597
65,1596
24,1595
86,1594
-99,1593
41,1592
-70,1591
-33,1589
16,1588
-25,1587
-95,1585
-35,1583
-80,1582
-64,1580
-97,1579
59,1578
74,1577
-51,1576
-5,1575
76,1574
-29,1573
55,1572
-77,1571
-13,1570
56,1567
-47,1565
74,1564
68,1563
-29,1562
-71,1561
40,1560
74,1559
65,1558
-74,1557
7,1555
-46,1554
-48,1552
75,1550
43,1549
50,1548
15,1547
78,1546
-69,1545
-13,1544
-79,1543
-83,1542
-15,1541
71,1540
-44,1539
96,1538
-72,1536
-54,1535
-57,1534
-70,1533
-76,1532
-8,1531
47,1530
-3,1529
17,1528
54,1527
-82,1526
-39,1525
65,1522
-81,1521
-61,1520
31,1519
-6,1517
-80,1513
26,1512
-38,1509
60,1506
14,1505
52,1504
-98,1503
-3,1502
-94,1500
-86,1498
-18,1497
1,1496
-41,1495
49,1493
-64,1490
-32,1489
89,1488
-100,1487
-8,1486
-94,1485
67,1483
81,1482
-57,1481
-48,1479
-93,1477
-80,1476
99,1475
-62,1472
44,1468
-28,1467
-57,1466
-52,1465
-66,1463
78,1462
-26,1460
15,1459
-49,1458
-60,1457
34,1455
-56,1454
-59,1452
56,1451
-78,1450
39,1448
22,1446
-27,1444
-33,1443
28,1438
75,1435
93,1432
100,1431
11,1430
-51,1425
-2,1424
89,1423
38,1422
75,1421
65,1420
21,1418
-86,1417
8,1415
-27,1414
-5,1413
9,1412
11,1411
95,1410
-2,1409
-32,1407
5,1405
79,1404
-43,1403
-66,1401
47,1400
77,1397
-98,1395
-48,1393
12,1392
96,1391
-43,1390
-49,1385
-55,1384
12,1383
26,1382
-90,1381
-83,1380
14,1379
72,1378
42,1377
-64,1376
-47,1375
-11,1374
-52,1372
-69,1370
-27,1369
71,1368
-96,1367
70,1366
20,1364
-56,1362
-60,1361
-36,1360
-97,1359
-45,1358
-93,1357
-25,1356
-58,1355
-91,1353
-29,1352
24,1350
28,1349
49,1348
-29,1346
89,1345
22,1343
87,1342
-17,1341
-83,1340
67,1339
5,1338
90,1337
59,1336
48,1335
47,1334
99,1333
43,1332
-48,1331
32,1330
83,1328
-63,1324
97,1323
44,1321
-92,1319
83,1317
-65,1316
90,1315
27,1314
42,1313
-15,1311
43,1310
99,1308
87,1306
49,1305
-61,1304
7,1303
-68,1301
85,1300
-100,1299
11,1298
-86,1297
-20,1296
-5,1295
-15,1294
3,1293
83,1292
-92,1291
-47,1290
-50,1289
60,1288
67,1286
55,1285
100,1284
17,1283
-27,1282
-10,1280
38,1279
-39,1278
73,1277
22,1276
-33,1275
-57,1274
-74,1273
16,1272
-46,1271
82,1270
25,1266
96,1265
-3,1264
36,1262
46,1261
26,1260
-55,1259
-17,1258
-61,1256
-21,1255
86,1254
48,1252
97,1251
83,1249
-72,1247
-29,1246
-62,1245
-29,1244
-52,1243
-11,1242
93,1241
33,1240
95,1239
-35,1238
41,1237
56,1235
75,1233
36,1231
-75,1230
16,1229
12,1228
-10,1226
87,1225
-44,1224
-5,1223
23,1222
-67,1221
65,1220
-31,1219
-41,1217
6,1215
7,1213
-87,1212
95,1209
1,1208
-97,1207
65,1206
19,1205
-4,1204
32,1203
-84,1202
73,1201
-12,1200
-54,1199
-39,1197
54,1196
-65,1195
-34,1193
-24,1191
79,1190
48,1189
-95,1188
-53,1187
62,1186
-35,1183
61,1182
7,1181
-17,1179
43,1178
62,1177
84,1175
-91,1174
-22,1173
-56,1172
35,1171
-11,1170
19,1169
9,1167
2,1166
-97,1165
79,1163
-66,1162
-89,1161
37,1160
93,1159
-46,1158
61,1157
17,1156
-3,1155
-46,1154
30,1152
14,1151
-55,1150
27,1148
37,1147
-60,1145
90,1144
43,1143
0,1142
58,1140
-57,1139
-14,1137
92,1136
-87,1134
54,1132
14,1131
38,1130
25,1129
-89,1127
24,1126
-74,1124
-16,1123
-77,1121
27,1119
82,1118
59,1117
-62,1116
-29,1115
49,1113
35,1112
18,1111
65,1110
55,1109
15,1108
41,1106
-2,1105
-32,1104
-60,1103
55,1102
-77,1101
69,1100
-93,1099
-69,1098
10,1096
-13,1094
15,1091
-63,1090
-66,1088
-39,1087
-38,1084
-63,1082
18,1081
-17,1080
56,1079
85,1078
52,1077
-81,1074
-97,1073
71,1072
88,1070
10,1067
6,1066
41,1065
98,1064
-97,1063
69,1062
-39,1061
52,1060
-2,1058
-77,1055
10,1054
-14,1053
50,1050
-78,1049
-82,1047
31,1046
59,1045
-4,1043
-59,1041
-63,1039
-98,1038
51,1037
-22,1035
74,1032
22,1031
32,1028
35,1027
-70,1026
63,1025
-14,1024
27,1023
88,1021
-80,1020
-60,1019
-33,1018
-69,1017
95,1015
9,1013
97,1011
90,1010
81,1009
82,1008
60,1007
73,1006
-76,1005
-4,1004
91,1003
68,999
98,998
42,997
-69,996
17,995
85,994
-66,993
-87,992
53,991
5,989
-83,988
42,987
-8,986
91,985
74,984
23,983
12,982
71,981
94,980
97,978
51,976
-95,975
15,974
-79,973
-59,972
-49,970
-80,969
83,968
-24,967
49,966
-27,965
35,964
58,963
43,962
49,960
-69,958
-79,957
-59,956
56,955
40,953
80,952
34,950
9,949
33,948
47,947
14,946
79,945
14,940
100,938
53,937
63,936
-47,935
-40,934
-34,932
-26,931
-34,930
38,929
-12,928
92,927
-13,926
1,925
-53,922
47,921
-44,920
-81,919
-63,918
29,917
-37,916
29,914
84,912
-66,911
98,910
-100,908
17,907
-36,904
1,903
94,901
-7,900
21,899
92,898
30,897
1,896
-89,893
74,892
-96,890
-51,888
99,886
3,884
-88,882
51,881
-15,880
88,879
-92,876
-20,875
2,874
-67,872
-48,871
34,870
-93,868
-14,867
-61,866
81,865
37,864
-74,862
92,861
34,859
86,858
-88,857
23,856
20,855
26,854
-62,852
-33,850
4,849
-69,848
-46,847
36,846
-77,845
-66,844
95,843
-30,842
-29,839
93,838
62,837
82,836
-37,835
-7,834
31,832
-75,831
-21,830
-27,829
27,828
85,827
34,826
-92,825
-88,823
54,822
87,821
80,820
-54,817
31,816
-6,813
35,811
82,810
-99,809
7,808
-63,807
11,806
10,805
-30,804
61,802
-11,801
-62,800
87,799
-73,798
99,797
-65,796
88,795
39,794
84,791
48,790
-29,789
-48,788
90,787
17,786
43,785
36,784
2,783
-18,782
72,780
54,779
70,776
-97,775
-27,773
47,772
-97,771
-99,770
35,769
3,768
70,767
-40,766
-35,764
0,763
-45,762
66,761
-90,759
44,758
84,757
12,756
88,752
-18,750
-9,749
67,748
-52,746
-13,745
92,744
-66,743
-86,742
-43,741
1,739
19,737
-20,736
-44,735
-38,734
52,733
85,731
-6,730
3,729
29,728
-86,727
-55,726
-29,725
-73,724
-100,722
53,721
-52,718
-85,717
-13,716
48,715
32,714
21,712
46,711
98,708
-4,707
17,706
81,705
-77,704
4,703
-22,702
47,701
-46,700
-79,699
58,696
-1,695
-10,693
-10,692
6,688
-85,686
-29,685
99,684
7,683
60,682
-4,681
13,680
-36,679
89,678
-77,677
9,675
-29,674
-56,673
-98,672
-17,670
-63,669
-60,666
-55,665
16,664
48,662
-40,661
-82,660
-94,659
98,658
-34,657
26,656
-23,655
-81,654
2,653
67,652
52,651
12,650
-31,649
13,648
35,646
-68,645
49,644
28,643
-69,642
-2,641
51,639
2,638
-42,637
0,636
-80,635
-75,634
15,633
90,631
-98,630
42,629
23,628
-93,627
14,626
0,625
-89,623
48,622
20,621
-3,619
-77,618
13,617
88,616
-75,614
-47,612
-18,611
86,610
95,609
-96,608
94,607
-68,606
96,605
-60,604
13,603
-54,601
-27,599
48,598
71,597
42,595
-15,594
0,593
-12,592
-53,591
62,588
81,587
-65,586
68,585
15,583
19,582
91,581
36,579
-34,577
-10,575
-100,573
-10,572
37,571
46,570
-31,569
-15,568
95,567
-95,563
30,562
-77,560
-57,559
-74,556
90,553
-23,552
-25,551
-64,550
-75,549
39,548
-90,547
34,546
19,545
-29,543
42,541
50,540
-66,539
-23,537
-94,536
62,534
37,531
-60,530
94,529
-21,528
-38,527
100,526
42,525
59,523
58,522
78,521
20,520
-15,519
78,518
64,517
7,516
60,515
46,514
-92,512
20,511
5,510
44,509
3,508
19,507
72,506
52,505
-34,504
-55,503
-67,502
-59,501
81,500
-77,498
-57,496
-28,495
19,494
-51,492
39,491
-79,489
31,488
39,487
83,486
-47,484
84,483
13,482
80,481
-33,480
24,479
-66,478
-54,477
35,476
-22,475
23,473
-77,472
91,469
58,468
26,467
-92,466
55,465
71,464
-5,461
47,460
75,459
95,458
-39,457
28,456
98,455
-49,454
90,453
96,452
53,451
82,449
10,448
-40,446
-24,445
59,441
45,440
-9,439
50,438
69,437
-72,436
-49,435
-82,434
-77,433
24,432
-52,430
18,429
-89,428
-41,427
-48,426
1,425
-38,424
57,423
8,422
39,421
-33,420
25,419
13,418
-47,417
-27,416
-82,415
41,414
-56,413
83,412
43,411
-33,409
40,408
74,407
-60,406
-52,404
38,403
36,402
24,401
44,399
-40,398
-25,397
-93,391
-63,390
-63,389
-88,388
27,387
-91,386
26,385
83,384
-38,382
82,381
59,375
5,374
-34,372
66,371
81,370
34,369
-81,368
-26,367
8,364
39,363
87,362
-3,359
-85,356
-2,352
9,351
-67,350
45,348
-94,346
-23,345
14,343
7,342
100,339
-63,337
38,336
43,333
91,331
-43,328
27,326
12,325
4,323
73,322
19,321
14,320
-62,319
6,318
77,317
52,316
22,315
-95,314
12,313
72,310
-30,309
39,306
42,305
41,304
83,303
-86,302
57,301
-53,300
53,299
-84,297
25,295
-82,294
-9,293
6,292
-24,291
-63,289
-59,288
-83,284
-51,282
55,281
10,280
31,279
-33,276
-21,275
-38,274
-90,273
-19,272
-43,271
-70,270
71,269
30,268
-46,267
-62,266
-29,265
84,263
-73,262
-57,261
45,260
-74,259
-9,258
-17,257
-5,256
-1,255
93,253
-83,252
-84,251
14,250
79,249
81,248
-85,247
4,246
15,245
95,244
-50,241
-15,240
-93,239
-3,238
39,237
-72,236
-83,232
-33,231
-88,230
49,229
38,228
87,227
68,226
-56,225
81,224
53,222
47,221
41,220
-30,219
67,218
-95,216
-67,215
82,213
-42,212
-99,211
-26,210
-52,209
41,208
87,206
94,205
-38,202
20,201
-45,199
-85,198
19,197
-83,196
-42,195
69,194
-28,193
86,192
72,191
42,190
-26,189
23,188
-5,187
-87,186
12,185
7,182
88,179
99,178
70,177
23,176
-43,175
53,172
-75,170
89,169
-90,168
-77,166
57,163
1,162
-51,161
95,160
100,159
43,156
0,155
63,154
42,153
83,151
19,150
-17,147
25,145
95,143
84,141
-96,140
36,139
31,135
61,133
89,132
-39,131
-24,130
4,129
24,128
-36,127
-55,124
73,122
-90,121
66,119
89,118
-60,116
-27,114
72,113
-36,112
69,110
97,109
64,108
50,107
18,105
-5,104
11,103
-1,102
-6,101
94,100
-44,98
38,97
82,96
62,95
31,94
15,93
-2,92
-47,88
-8,87
-15,85
80,83
-68,82
-5,81
-14,79
-57,78
-43,77
36,76
66,74
-20,73
78,72
-78,71
95,70
-95,69
78,68
-36,67
1,64
87,63
-94,62
-25,61
1,60
99,55
84,52
93,50
-61,49
2,48
61,47
92,46
-50,45
14,44
10,42
-69,41
-60,40
2,39
12,38
-79,37
30,36
-78,35
19,34
10,32
9,30
-15,29
61,28
-83,26
-93,25
6,23
89,22
-70,21
24,20
-95,19
57,18
79,17
71,16
-42,15
98,14
32,12
54,11
2,9
14,8
-41,7
91,6
-68,5
-71,2
-92,1
-31,0
