62,10000
-38,9998
-26,9997
19,9996
-88,9993
-86,9992
-62,9990
11,9989
39,9986
65,9985
-60,9983
0,9982
6,9981
-99,9980
29,9977
62,9976
-16,9975
84,9973
30,9972
74,9971
50,9970
-3,9969
9,9967
85,9966
-9,9965
56,9963
-45,9962
-33,9959
-84,9958
57,9957
15,9956
66,9955
55,9954
82,9953
85,9952
-92,9951
-44,9950
-59,9949
68,9947
30,9946
83,9944
-81,9943
-59,9941
-90,9939
74,9938
-69,9937
-77,9936
-16,9935
47,9933
-22,9932
3,9931
-10,9930
-5,9927
-82,9924
87,9923
74,9922
90,9920
-95,9918
-77,9917
-58,9916
-54,9914
14,9913
-98,9911
-2,9909
89,9908
24,9907
36,9906
25,9905
39,9904
-31,9903
19,9902
52,9901
27,9900
-56,9898
-77,9896
28,9895
-82,9894
100,9893
-83,9892
72,9891
-76,9890
-21,9888
-65,9887
15,9886
-48,9885
78,9883
86,9882
86,9880
44,9879
99,9877
-5,9876
75,9875
-55,9874
78,9873
47,9870
71,9869
92,9868
17,9867
69,9865
-14,9864
3,9862
15,9860
-98,9859
88,9858
-49,9857
33,9856
-26,9855
-36,9854
70,9853
-48,9851
-29,9850
3,9849
17,9848
15,9845
-31,9843
20,9842
-78,9841
26,9840
-86,9838
-72,9837
-90,9836
-24,9835
-72,9833
28,9832
73,9831
35,9830
33,9829
24,9828
82,9826
49,9824
-83,9823
66,9822
24,9821
100,9819
92,9818
22,9817
97,9816
2,9815
-29,9814
83,9813
-7,9811
-61,9810
-78,9809
13,9808
81,9807
48,9806
44,9805
54,9804
83,9803
-44,9802
-87,9801
-62,9800
19,9799
-84,9798
95,9797
-13,9796
-79,9795
29,9794
65,9792
-29,9790
-37,9789
99,9788
-99,9787
-42,9786
69,9784
78,9783
-74,9782
61,9781
-59,9780
-89,9779
-19,9777
-17,9776
30,9775
-3,9773
-42,9772
68,9770
57,9768
-70,9767
-77,9766
-98,9765
37,9764
-59,9763
-7,9762
6,9760
82,9759
33,9758
-27,9757
-82,9756
53,9754
-65,9752
-58,9751
90,9750
-61,9749
50,9748
-45,9747
2,9746
-32,9745
-63,9743
-19,9740
-9,9739
55,9738
50,9737
-73,9736
58,9735
-56,9733
-45,9731
28,9729
1,9728
-25,9725
-80,9724
-18,9721
-31,9719
41,9717
50,9716
49,9715
74,9714
35,9713
-31,9712
76,9710
-6,9708
28,9707
-38,9706
-86,9704
-64,9703
3,9701
-24,9700
-43,9698
-91,9697
-36,9696
-22,9695
-8,9694
-56,9693
-50,9692
34,9691
-73,9689
-41,9688
64,9686
-7,9685
-93,9683
-84,9682
-33,9680
-59,9679
62,9676
51,9675
-98,9673
40,9672
52,9671
79,9669
5,9668
20,9666
98,9665
52,9664
24,9663
80,9661
-76,9660
18,9659
-34,9657
99,9656
-41,9653
57,9651
-70,9650
86,9648
-51,9646
-3,9644
74,9643
-67,9642
5,9641
60,9639
-41,9638
-36,9637
4,9636
15,9635
-23,9634
-36,9633
30,9632
23,9631
19,9630
43,9629
29,9628
-28,9627
37,9626
-30,9625
-27,9623
14,9622
71,9619
23,9617
56,9616
-42,9615
48,9613
10,9611
-85,9610
-73,9609
37,9607
23,9606
-94,9605
-9,9604
-64,9602
-62,9601
-12,9600
66,9599
-16,9598
92,9597
11,9595
1,9593
-59,9592
0,9591
-14,9590
-49,9589
36,9588
-44,9586
-67,9585
93,9584
12,9583
-33,9582
83,9581
-44,9578
-29,9577
16,9574
17,9573
-97,9571
-29,9570
-55,9569
-33,9568
-62,9566
7,9564
-43,9563
29,9561
6,9560
-18,9558
-88,9557
-44,9556
-34,9555
-81,9553
-88,9552
98,9551
79,9550
-14,9549
57,9548
-13,9547
-70,9546
59,9545
-80,9544
21,9542
-72,9538
64,9537
4,9536
85,9535
59,9534
-22,9533
-34,9532
-73,9531
-98,9530
-60,9529
-83,9528
-95,9526
43,9525
37,9524
67,9523
46,9518
-49,9517
-77,9516
22,9515
-80,9514
68,9513
-66,9512
4,9511
60,9509
48,9506
-27,9505
86,9504
-59,9503
86,9502
-69,9501
-30,9500
-2,9499
-4,9498
-16,9496
27,9495
-22,9494
-72,9492
-53,9491
42,9490
79,9488
-58,9487
-49,9486
48,9484
-20,9483
83,9482
93,9481
63,9480
-81,9478
-70,9476
44,9473
-29,9472
56,9470
24,9469
-77,9465
21,9464
56,9463
-18,9461
-71,9460
-8,9458
-30,9457
95,9456
90,9455
-22,9454
29,9453
64,9452
11,9449
38,9448
11,9444
-72,9441
-90,9439
-39,9438
-77,9437
66,9436
-15,9435
-32,9434
42,9432
100,9431
-8,9430
-23,9429
54,9428
-82,9427
-54,9426
87,9423
51,9422
31,9421
79,9419
8,9418
71,9417
51,9416
-10,9413
-35,9412
2,9410
-34,9408
61,9406
-31,9405
52,9404
67,9403
-46,9402
-18,9401
40,9400
-41,9398
19,9396
32,9394
44,9392
-6,9391
-74,9390
52,9389
90,9388
-68,9387
-37,9386
-62,9385
-72,9383
25,9382
-72,9381
5,9379
-76,9378
-37,9377
30,9376
-80,9375
91,9374
-74,9373
6,9372
82,9371
97,9370
75,9369
98,9368
-37,9366
89,9365
27,9362
-91,9360
73,9359
4,9356
-36,9354
94,9352
-77,9351
16,9349
-69,9348
-75,9347
-29,9345
20,9344
2,9343
18,9342
91,9341
74,9340
-56,9338
53,9337
31,9334
68,9333
66,9332
40,9331
-64,9330
64,9329
-50,9327
-45,9326
83,9325
-55,9323
-51,9322
64,9321
-44,9320
-96,9317
49,9316
91,9315
-91,9312
-21,9311
-12,9310
36,9309
45,9308
-43,9304
-26,9303
-1,9302
35,9301
-25,9300
-45,9299
-42,9298
85,9296
-78,9295
62,9294
23,9293
48,9291
-97,9290
84,9289
11,9285
-84,9284
4,9282
-71,9281
-33,9279
58,9276
39,9275
75,9273
26,9272
92,9270
-16,9268
77,9267
-92,9266
-67,9265
60,9264
88,9263
47,9262
-72,9261
-3,9260
18,9259
-86,9258
10,9257
-72,9256
74,9255
-53,9254
-70,9253
78,9251
-75,9249
89,9247
93,9246
89,9245
96,9244
-87,9243
-22,9242
-51,9237
80,9234
-60,9233
-49,9232
-37,9231
-31,9230
12,9229
-51,9228
-82,9227
46,9225
-94,9224
0,9222
73,9221
-87,9219
58,9217
66,9216
19,9215
48,9214
73,9213
-54,9212
-22,9210
87,9209
71,9208
57,9207
-96,9206
-84,9204
-57,9203
55,9202
53,9201
-47,9199
-84,9198
-82,9194
-30,9193
100,9192
-45,9191
-72,9190
-71,9189
43,9187
-1,9186
4,9185
45,9184
-75,9183
78,9182
-91,9181
-47,9180
-31,9179
80,9178
-81,9177
65,9174
-4,9173
-92,9172
-58,9171
-32,9170
89,9169
86,9168
-2,9167
-34,9165
81,9164
-87,9163
47,9162
77,9161
65,9160
-96,9159
-14,9156
-60,9155
-62,9154
-84,9153
-24,9152
23,9151
-77,9150
-93,9149
-67,9148
-42,9147
-56,9146
8,9145
11,9144
16,9143
19,9142
50,9138
-28,9137
37,9136
54,9133
-24,9132
-54,9131
87,9130
-22,9128
-72,9126
37,9125
29,9124
-63,9121
0,9119
-76,9118
77,9117
13,9116
-91,9115
70,9114
-26,9113
-21,9112
95,9111
-38,9110
80,9109
48,9107
-6,9105
11,9104
-43,9103
-43,9102
-64,9101
89,9100
-10,9099
-3,9098
-47,9097
-20,9096
-51,9094
-72,9093
23,9092
-5,9091
-43,9089
32,9088
7,9086
49,9083
-63,9082
-86,9081
-36,9078
89,9077
-44,9076
67,9075
2,9074
-49,9073
-74,9072
63,9071
9,9070
78,9069
32,9067
92,9066
9,9065
-5,9064
-26,9063
28,9060
87,9059
-9,9058
22,9057
50,9055
-88,9052
-14,9051
-85,9050
-29,9049
84,9048
93,9047
-32,9045
18,9044
-32,9040
30,9039
-23,9038
71,9037
78,9036
53,9035
87,9034
-33,9033
14,9032
-18,9031
-56,9030
-28,9028
29,9027
-88,9025
3,9024
47,9023
-73,9022
96,9021
60,9020
-57,9019
-9,9017
-59,9016
-70,9015
71,9014
-66,9013
-64,9012
-86,9011
-36,9010
69,9009
57,9008
19,9007
-48,9006
63,9005
-85,9003
7,9002
26,9001
13,9000
-33,8999
-39,8997
-52,8996
23,8995
6,8993
-8,8991
58,8990
-80,8988
55,8987
35,8986
51,8984
-40,8983
-70,8982
-20,8981
73,8980
-23,8979
-82,8978
90,8977
64,8976
-10,8975
11,8974
78,8973
-72,8972
-85,8971
-99,8970
-31,8969
-51,8968
-34,8967
-21,8966
-71,8964
34,8962
-18,8960
-87,8959
82,8958
-23,8957
26,8956
-5,8955
-82,8953
3,8952
98,8950
-54,8949
-44,8948
-2,8945
-38,8943
-98,8942
-86,8941
19,8940
79,8939
-27,8938
-64,8937
-2,8934
71,8933
-87,8931
48,8930
-91,8929
51,8928
-25,8927
10,8925
42,8924
-53,8923
-95,8922
22,8921
-72,8920
-3,8919
-34,8917
51,8916
-6,8914
15,8912
-51,8911
89,8909
-67,8908
-15,8907
-100,8905
78,8904
-73,8901
97,8900
86,8898
22,8896
-6,8895
-39,8894
65,8893
35,8892
18,8891
-19,8890
54,8888
84,8887
-92,8886
-19,8885
-5,8884
27,8883
98,8882
-16,8881
97,8880
-85,8879
-99,8878
-20,8876
22,8875
42,8873
12,8872
-9,8871
-61,8870
-95,8869
-64,8868
57,8867
45,8866
68,8865
71,8864
-35,8862
66,8861
90,8860
9,8859
22,8852
-88,8851
66,8849
12,8847
77,8846
52,8845
39,8844
56,8842
61,8840
76,8838
57,8837
54,8836
90,8835
41,8833
-40,8832
-36,8830
1,8829
12,8828
-22,8826
29,8825
14,8824
60,8821
5,8819
73,8817
39,8816
44,8814
17,8813
63,8811
-23,8810
94,8809
-69,8808
83,8807
94,8806
88,8804
-86,8803
89,8802
-42,8799
22,8798
93,8797
-43,8796
-45,8793
93,8792
97,8790
23,8789
-38,8787
26,8785
-87,8784
76,8783
16,8782
-92,8781
44,8780
74,8778
23,8776
2,8775
-15,8774
-91,8773
-11,8769
-7,8768
43,8767
25,8766
-38,8765
-32,8764
-26,8763
64,8762
31,8759
-77,8758
78,8756
-57,8754
91,8753
95,8751
30,8750
-81,8749
39,8748
-57,8747
52,8746
100,8745
-40,8744
60,8743
79,8742
-67,8741
99,8740
-76,8739
59,8738
-51,8737
12,8736
-1,8735
93,8734
88,8733
35,8732
-70,8731
14,8729
31,8728
-87,8727
-56,8726
-90,8725
-75,8723
-10,8720
-53,8719
77,8718
52,8715
-57,8714
-68,8711
16,8709
45,8707
39,8706
68,8705
-66,8703
-98,8702
-17,8701
31,8700
-2,8698
-53,8697
64,8696
26,8695
-24,8694
-5,8692
-52,8691
52,8690
12,8687
70,8686
99,8683
-19,8682
95,8681
-17,8678
-67,8677
66,8675
87,8672
-3,8670
-73,8669
-53,8668
65,8667
51,8665
-10,8664
-8,8663
-32,8661
39,8660
73,8659
74,8657
43,8655
30,8653
-65,8652
42,8651
6,8650
44,8649
84,8647
31,8644
-73,8643
97,8642
86,8641
58,8638
6,8636
31,8635
52,8634
85,8633
-2,8632
0,8631
26,8628
43,8626
-34,8625
-36,8623
59,8622
15,8621
2,8618
-27,8617
20,8616
63,8615
-96,8614
-99,8613
-42,8612
-69,8611
69,8610
-75,8609
-43,8608
40,8607
-9,8606
3,8605
-90,8604
25,8601
-98,8600
-98,8599
69,8598
29,8597
-72,8595
-51,8594
-54,8593
-36,8592
41,8591
-34,8590
80,8589
29,8584
-17,8583
92,8582
-5,8580
51,8578
-75,8577
46,8576
-88,8575
97,8573
-36,8572
99,8571
-68,8570
-81,8569
-73,8568
86,8567
-95,8566
-39,8565
64,8564
6,8563
-73,8562
-22,8561
-12,8560
34,8559
-49,8558
10,8555
81,8554
-87,8553
-22,8552
-46,8550
-70,8549
-83,8548
-23,8547
-8,8546
45,8545
23,8544
14,8543
85,8541
41,8540
11,8538
-77,8536
-62,8535
-69,8534
-2,8533
1,8532
-21,8531
45,8530
-71,8529
50,8528
-73,8527
86,8525
91,8524
25,8523
90,8521
34,8519
69,8516
46,8515
-28,8514
4,8513
-37,8512
-14,8511
-72,8510
81,8509
53,8508
67,8505
50,8504
-37,8503
79,8502
67,8501
100,8500
-46,8499
6,8497
78,8496
59,8495
-51,8494
-94,8492
25,8491
-7,8490
-16,8487
-88,8486
-59,8485
-32,8484
-76,8482
-26,8481
-38,8480
-16,8479
-9,8478
27,8475
2,8474
56,8473
-92,8471
-45,8470
26,8469
95,8468
70,8467
-32,8466
61,8465
61,8464
-54,8463
95,8462
-86,8461
20,8460
-18,8458
-72,8455
26,8454
9,8453
-36,8452
-50,8451
47,8450
72,8449
-24,8448
15,8447
74,8446
90,8445
91,8443
38,8442
56,8440
94,8439
-7,8438
65,8437
74,8436
-59,8435
20,8434
3,8432
-86,8431
-64,8428
60,8427
51,8426
99,8425
-6,8424
80,8423
-36,8421
92,8420
67,8419
-78,8418
-10,8417
-3,8416
92,8415
21,8414
32,8413
-32,8412
2,8411
18,8410
31,8409
67,8408
60,8406
-52,8405
-31,8404
52,8402
-11,8401
-50,8400
-70,8399
-94,8398
91,8397
-69,8394
35,8393
-28,8392
-65,8391
52,8390
32,8389
19,8387
-3,8386
-59,8385
3,8384
61,8383
49,8382
-7,8380
94,8379
43,8377
-54,8376
96,8375
49,8374
56,8373
-56,8372
-51,8370
-11,8368
-43,8367
67,8366
-8,8364
26,8363
-16,8361
-70,8360
-68,8359
-28,8358
49,8357
-10,8355
68,8354
71,8352
79,8351
-96,8349
19,8346
-82,8344
-22,8343
27,8342
-66,8340
-5,8339
-79,8338
-1,8337
70,8336
-79,8335
2,8334
-42,8333
30,8332
-24,8330
93,8328
-2,8327
34,8326
32,8325
-28,8324
-9,8323
58,8322
71,8321
26,8319
41,8318
69,8316
0,8315
-47,8314
52,8313
-4,8312
78,8311
52,8310
-62,8309
97,8308
53,8307
-40,8306
36,8305
-26,8303
-38,8302
88,8301
-85,8300
-100,8297
-49,8295
31,8294
34,8293
-86,8292
-29,8291
52,8290
-56,8289
-45,8288
-4,8287
-2,8286
-73,8285
-85,8284
-32,8283
-84,8282
-98,8279
-19,8278
19,8277
38,8276
-31,8275
59,8274
-72,8272
36,8271
-70,8270
39,8269
83,8265
82,8264
17,8263
-1,8261
-15,8259
-90,8258
-72,8257
-37,8255
-20,8254
-92,8253
-14,8252
-22,8251
11,8250
24,8249
-19,8247
91,8244
57,8243
68,8242
-43,8241
-25,8239
-90,8238
-74,8235
-15,8233
67,8232
-26,8231
-42,8229
-76,8228
56,8227
-10,8224
98,8223
76,8221
-50,8220
-73,8219
68,8218
87,8217
36,8216
-49,8215
44,8214
-94,8213
-99,8209
-85,8208
30,8205
-96,8204
65,8203
75,8202
77,8201
75,8199
13,8197
88,8196
-47,8195
-50,8194
-34,8192
-98,8191
-47,8190
-14,8188
-15,8187
24,8185
-17,8184
-86,8183
-68,8181
79,8180
81,8179
25,8178
-9,8177
-95,8174
38,8173
45,8172
-72,8171
-80,8170
-16,8168
65,8167
-88,8164
-79,8163
-99,8162
24,8161
-37,8160
63,8159
56,8157
98,8156
-19,8153
-20,8151
2,8148
22,8147
100,8146
-83,8145
-47,8144
41,8143
32,8142
-77,8140
-33,8139
89,8138
-78,8136
-42,8135
-96,8133
-79,8132
-86,8131
-9,8129
-10,8128
7,8127
70,8123
-83,8122
-96,8121
-54,8120
-76,8118
-25,8117
-6,8115
-9,8114
10,8112
-62,8108
-25,8106
27,8104
70,8100
-15,8099
83,8098
-14,8095
-88,8094
55,8093
55,8092
28,8090
-97,8089
50,8088
96,8087
-40,8085
-94,8084
55,8083
34,8081
-95,8080
18,8079
-71,8077
-79,8076
-80,8074
-14,8073
-48,8072
41,8071
-11,8070
11,8069
-62,8068
50,8066
-84,8062
-39,8060
-33,8059
-94,8058
-17,8057
68,8056
86,8055
56,8054
-96,8053
-23,8050
-83,8049
74,8047
-8,8046
-86,8045
9,8044
99,8043
68,8042
-87,8041
99,8040
-77,8038
32,8037
59,8034
3,8033
7,8031
-95,8030
-25,8029
-1,8028
72,8026
-31,8025
-92,8024
-13,8023
-11,8021
97,8020
66,8019
-28,8017
41,8016
-50,8015
43,8013
62,8012
-73,8011
28,8008
34,8007
-84,8006
65,8005
87,8003
20,8002
-24,8001
-40,8000
-54,7999
-81,7998
-86,7997
2,7995
11,7992
17,7990
-88,7989
67,7988
53,7986
-62,7985
1,7984
40,7983
69,7982
-31,7981
23,7980
-57,7979
91,7978
-95,7975
2,7973
93,7972
63,7970
-48,7969
-23,7968
80,7967
50,7964
-16,7962
-61,7960
-13,7959
-35,7958
-17,7957
-17,7955
99,7954
81,7953
-19,7952
-92,7950
-88,7948
-6,7947
-30,7946
-70,7945
80,7944
89,7943
48,7942
28,7941
51,7940
-67,7938
26,7937
-72,7935
11,7933
-91,7932
-39,7930
72,7929
-42,7928
-30,7926
26,7925
-98,7924
-13,7923
-33,7921
-92,7920
-31,7919
-17,7918
57,7914
63,7913
-74,7912
13,7910
-9,7909
80,7908
37,7907
31,7906
-82,7905
-10,7904
20,7903
-77,7902
-71,7901
27,7900
9,7898
-44,7897
-94,7896
22,7895
-18,7892
-74,7891
61,7889
-35,7888
-26,7886
3,7885
-79,7884
1,7883
-100,7882
28,7881
55,7878
-95,7877
-13,7876
8,7873
57,7872
-82,7871
35,7866
-13,7865
-62,7862
-3,7860
12,7859
7,7858
42,7855
89,7852
41,7851
28,7850
26,7849
-16,7847
75,7846
47,7843
44,7841
82,7840
60,7838
-88,7837
90,7834
-79,7833
-4,7832
-7,7831
-40,7830
-75,7828
-6,7827
-71,7826
-56,7823
-71,7822
-40,7821
-56,7819
8,7818
20,7817
49,7816
-43,7815
21,7814
-4,7813
-88,7812
-23,7811
-59,7810
71,7809
-60,7808
-95,7807
34,7806
51,7805
-70,7804
-31,7803
-2,7802
56,7799
-98,7796
-59,7795
-36,7794
53,7793
-40,7791
-82,7790
42,7789
-48,7788
87,7787
-80,7785
-95,7784
-51,7783
-41,7781
61,7780
91,7779
22,7778
-75,7777
18,7774
-95,7772
-84,7769
53,7768
-39,7767
51,7766
-20,7765
64,7764
48,7762
60,7761
89,7759
-81,7758
70,7756
87,7755
-19,7754
91,7752
15,7751
-99,7750
-5,7749
59,7748
55,7746
-68,7745
87,7744
67,7743
90,7741
-55,7735
-29,7734
62,7733
-63,7732
38,7730
3,7729
24,7728
47,7727
-69,7725
73,7724
-9,7722
-95,7720
-71,7718
78,7716
18,7715
-85,7714
62,7713
-17,7712
47,7711
25,7710
33,7709
97,7708
3,7707
20,7706
26,7705
-25,7704
-88,7701
82,7700
56,7699
-30,7698
51,7696
11,7695
76,7694
-15,7693
-86,7692
48,7691
-86,7690
-100,7688
-48,7687
-89,7686
-37,7683
-37,7682
-50,7680
-25,7679
-21,7678
66,7677
60,7675
-5,7672
-100,7671
-34,7670
28,7669
-6,7667
64,7666
8,7665
43,7664
25,7663
70,7662
-77,7661
-74,7660
-13,7659
34,7658
-18,7657
94,7654
-8,7653
-77,7652
-35,7651
-29,7650
-23,7648
44,7647
-85,7645
-14,7644
45,7642
96,7641
88,7640
-59,7639
-84,7638
100,7637
61,7636
100,7635
15,7633
-10,7631
-51,7630
23,7629
-46,7628
-97,7626
92,7625
95,7623
-37,7621
46,7620
-3,7619
31,7618
48,7617
11,7616
48,7615
19,7614
45,7613
-71,7612
-22,7611
39,7610
51,7609
26,7608
31,7607
96,7606
-60,7604
85,7603
-37,7602
-19,7601
-32,7600
45,7599
99,7597
62,7596
79,7595
76,7594
-40,7593
-2,7592
-47,7591
-14,7590
19,7588
-92,7586
22,7585
-46,7583
-42,7582
-9,7581
-4,7580
-37,7579
46,7577
-80,7576
-72,7575
-31,7573
63,7572
-71,7571
92,7570
-15,7567
-9,7566
27,7565
82,7564
-39,7563
94,7562
-72,7561
57,7560
94,7559
42,7556
86,7555
98,7554
-69,7553
-16,7552
53,7549
58,7548
28,7546
-79,7545
-72,7544
-73,7543
79,7542
57,7541
39,7539
-82,7536
-69,7535
-65,7534
-60,7531
30,7528
58,7526
44,7525
61,7524
-36,7523
43,7522
-8,7521
-88,7520
-73,7517
39,7516
-35,7515
82,7514
19,7513
-90,7511
-46,7510
-59,7509
6,7508
-7,7506
91,7505
93,7501
43,7500
98,7499
92,7498
-17,7496
-35,7495
61,7493
49,7492
25,7491
-70,7490
-41,7489
-82,7487
-25,7486
63,7483
-50,7482
43,7481
-82,7480
91,7478
-44,7477
-46,7476
9,7475
-58,7474
36,7473
27,7472
-40,7471
76,7470
75,7469
-68,7468
-41,7467
43,7466
-35,7465
94,7464
-78,7463
84,7461
-67,7460
48,7458
-19,7457
-73,7455
-46,7454
46,7453
53,7452
-3,7451
12,7450
-72,7448
-94,7447
33,7446
14,7445
25,7444
59,7443
76,7442
92,7441
-52,7440
-100,7439
-99,7438
-25,7437
-71,7436
-12,7435
4,7433
-44,7431
12,7430
85,7428
-44,7427
78,7425
-87,7424
-89,7423
-99,7422
-98,7421
-44,7417
84,7416
-68,7415
-21,7414
86,7412
-100,7411
-87,7410
1,7407
40,7406
15,7404
72,7403
34,7402
-7,7401
80,7400
-53,7399
76,7397
90,7396
-79,7394
75,7393
21,7391
-26,7389
95,7388
56,7387
-26,7386
78,7385
76,7383
28,7382
-56,7381
81,7380
8,7379
92,7378
-95,7377
-32,7376
-21,7375
-6,7373
38,7372
75,7371
68,7370
100,7369
55,7367
36,7366
13,7365
-78,7362
64,7360
19,7359
35,7358
-75,7357
32,7355
-49,7354
3,7353
-94,7352
-5,7351
-82,7348
-98,7347
57,7346
-73,7343
72,7342
18,7341
-36,7340
99,7339
31,7336
-84,7335
30,7334
38,7332
-1,7331
78,7330
41,7329
-39,7327
14,7326
94,7324
-88,7322
32,7321
93,7320
-48,7318
-64,7317
87,7314
-8,7313
74,7312
-28,7311
67,7309
-83,7308
-28,7307
81,7306
100,7305
-63,7303
1,7298
-29,7297
89,7296
-95,7295
-7,7293
57,7291
-45,7289
36,7288
-96,7287
-99,7286
-76,7285
19,7283
-25,7282
20,7281
9,7280
-6,7278
57,7277
-97,7275
51,7273
53,7272
89,7271
-78,7270
-48,7269
-46,7268
-75,7267
-70,7263
80,7262
-35,7261
71,7259
96,7258
-83,7256
-97,7255
-4,7254
-41,7253
-79,7252
-29,7250
78,7248
-92,7247
32,7245
-57,7242
39,7240
28,7239
41,7238
97,7237
-27,7236
71,7235
91,7234
-28,7233
35,7231
4,7228
-90,7226
13,7223
-42,7222
74,7220
-9,7219
82,7218
-68,7217
-23,7216
-46,7215
-9,7214
-5,7211
46,7210
100,7208
-74,7207
-12,7206
-45,7204
-73,7202
-31,7200
-20,7199
-48,7197
33,7195
-97,7194
9,7193
88,7192
8,7191
73,7190
-80,7189
-60,7188
16,7187
-100,7186
74,7184
-68,7181
-76,7179
56,7178
-89,7176
-25,7174
51,7172
18,7171
-18,7170
48,7166
-33,7165
53,7161
53,7160
-38,7158
-65,7155
26,7154
61,7152
-25,7150
6,7149
-90,7148
-33,7146
58,7145
94,7144
21,7143
-43,7142
72,7141
-78,7140
30,7139
-90,7137
3,7136
-33,7134
26,7133
82,7132
6,7131
-45,7130
-48,7128
-11,7127
-69,7126
-84,7125
89,7123
-53,7122
66,7121
0,7120
25,7119
84,7118
100,7117
40,7116
-60,7113
49,7112
-32,7111
-36,7110
20,7108
-60,7107
-1,7105
-6,7104
-27,7103
53,7102
90,7101
-88,7100
92,7098
22,7095
-62,7093
66,7092
-95,7091
-63,7090
-45,7089
92,7088
-45,7084
-49,7083
38,7081
82,7080
89,7079
42,7077
-12,7076
-30,7075
-62,7073
62,7072
-11,7071
63,7070
11,7069
76,7068
-22,7067
-24,7066
-36,7065
36,7064
76,7063
10,7062
-52,7060
-47,7059
24,7058
-97,7057
-6,7056
-38,7055
47,7054
-22,7053
38,7052
-52,7051
-40,7050
75,7049
-53,7048
-96,7047
-92,7046
60,7045
-70,7044
-23,7043
15,7041
-80,7040
-39,7039
7,7035
-96,7033
-7,7032
2,7028
-52,7027
74,7024
28,7023
52,7022
2,7021
-19,7020
14,7019
20,7017
32,7016
46,7015
54,7013
-76,7012
37,7010
40,7009
8,7008
-30,7007
-81,7006
13,7005
48,7004
76,7003
10,7002
-28,7001
-96,7000
-80,6999
-28,6998
-63,6997
87,6996
-70,6995
96,6994
-19,6993
62,6992
5,6990
68,6989
-46,6988
-72,6987
84,6986
73,6985
16,6984
-66,6982
-97,6981
40,6980
-3,6977
-12,6976
-91,6975
100,6974
-22,6973
-6,6971
-67,6970
-19,6969
67,6967
-94,6966
21,6963
-82,6961
-26,6960
-100,6958
-42,6957
67,6956
22,6955
-88,6954
26,6952
-55,6951
-66,6950
70,6948
-1,6947
-63,6946
-94,6945
-9,6943
18,6942
-53,6940
32,6938
-13,6936
-17,6935
-26,6933
-17,6932
25,6931
13,6930
-38,6929
53,6928
71,6927
83,6926
-21,6925
-7,6924
63,6923
51,6922
76,6921
80,6920
-23,6919
96,6918
76,6917
11,6916
-97,6914
-34,6913
-96,6912
-20,6911
28,6910
65,6909
57,6908
-60,6907
82,6906
-33,6903
13,6902
64,6901
-16,6898
100,6897
-98,6896
-48,6895
-57,6894
59,6893
-100,6892
-23,6890
62,6889
54,6887
-29,6886
-39,6884
-41,6883
-83,6881
-64,6880
10,6879
-51,6878
74,6877
-59,6876
54,6874
-85,6871
-61,6870
-31,6869
83,6868
87,6867
-38,6866
38,6864
-17,6863
-92,6862
-96,6860
-43,6859
-78,6858
27,6857
6,6856
8,6855
-5,6854
-14,6851
44,6849
37,6847
-15,6846
38,6845
-46,6844
-34,6843
13,6841
85,6839
-85,6838
-52,6836
-95,6835
-12,6834
91,6833
-46,6832
51,6831
27,6830
37,6829
-90,6827
-6,6826
57,6825
-60,6824
49,6823
-63,6822
98,6821
-76,6820
57,6819
64,6817
12,6816
-50,6814
-79,6813
-67,6811
-45,6810
-27,6809
-45,6808
-1,6807
63,6806
-10,6805
92,6803
-93,6802
-64,6801
6,6799
-11,6797
29,6795
57,6793
5,6792
-49,6791
15,6790
-88,6789
57,6787
-94,6786
36,6785
74,6782
-28,6781
43,6780
-91,6777
-92,6776
15,6775
-65,6774
-4,6773
-81,6772
-95,6770
-99,6768
-66,6767
-29,6766
21,6765
22,6764
19,6763
55,6759
55,6757
-87,6756
-80,6753
14,6752
14,6751
86,6750
83,6749
-38,6748
-86,6747
55,6746
49,6745
-60,6743
-86,6742
-6,6741
-26,6740
88,6739
66,6738
81,6736
42,6735
52,6734
-70,6733
-34,6732
-24,6731
46,6730
-3,6729
-28,6728
-49,6726
-61,6724
-37,6723
-49,6722
51,6720
-4,6719
-47,6718
30,6716
-18,6715
11,6713
83,6712
-23,6711
-69,6710
98,6709
91,6708
79,6706
-96,6705
75,6703
-40,6702
58,6701
-96,6700
60,6699
-40,6698
-47,6697
14,6694
-73,6692
85,6690
-76,6688
32,6687
2,6685
16,6684
4,6683
-20,6682
4,6681
-94,6680
96,6679
-2,6677
26,6676
-21,6675
-84,6674
-62,6673
15,6671
82,6670
64,6669
-51,6668
-16,6667
-30,6666
-25,6665
96,6664
47,6662
-18,6661
-51,6660
10,6659
77,6658
28,6656
67,6654
-100,6653
-56,6650
-36,6649
-77,6647
20,6646
98,6645
85,6644
-61,6642
-50,6641
88,6640
48,6639
58,6638
-12,6635
51,6633
-70,6632
-98,6631
-79,6630
-43,6629
-18,6628
-36,6627
57,6626
-97,6625
32,6624
-50,6623
-87,6622
-92,6620
53,6618
13,6614
-53,6613
-30,6612
-13,6611
41,6610
-72,6609
6,6608
-48,6607
94,6606
36,6604
0,6602
37,6601
-21,6600
-67,6597
25,6595
17,6594
-5,6593
61,6592
-59,6591
-36,6590
-53,6589
45,6588
-27,6587
62,6586
29,6585
36,6581
-77,6580
64,6579
75,6578
58,6577
39,6575
-66,6574
17,6573
94,6572
-61,6571
-6,6570
-57,6569
18,6568
-70,6565
31,6564
45,6563
90,6562
-44,6561
-19,6559
-41,6558
62,6557
-7,6556
-90,6555
65,6553
-46,6552
87,6551
30,6550
-62,6549
-66,6547
-3,6546
-74,6545
21,6544
-75,6542
-70,6541
-34,6540
-67,6538
-8,6537
88,6536
-13,6533
6,6532
-3,6531
-37,6530
52,6529
-31,6528
-16,6525
-43,6524
71,6521
92,6519
39,6518
-2,6517
58,6516
62,6515
-62,6514
-9,6513
18,6512
32,6511
85,6509
-61,6508
-75,6507
72,6501
27,6500
64,6499
87,6498
-44,6497
-9,6496
-83,6493
-69,6492
-94,6491
85,6490
-72,6489
-58,6487
-10,6484
-11,6483
-28,6482
5,6481
68,6480
-91,6477
-58,6476
-56,6474
6,6473
24,6472
45,6470
-76,6469
-83,6466
69,6465
8,6464
55,6463
-92,6462
-85,6461
5,6459
-80,6458
-2,6457
-5,6456
-82,6455
-74,6452
-99,6451
28,6449
80,6448
-2,6447
57,6446
46,6445
56,6444
93,6443
87,6441
-30,6438
6,6437
-47,6436
-40,6435
-63,6434
76,6433
53,6432
81,6431
-60,6430
36,6428
-63,6427
-67,6426
70,6425
70,6424
74,6421
60,6420
-64,6419
96,6418
86,6417
43,6416
9,6415
-97,6414
-63,6410
10,6409
-17,6407
97,6405
100,6404
57,6402
-16,6401
-1,6400
-80,6399
39,6398
50,6397
-43,6396
60,6394
2,6393
-59,6392
-66,6391
-72,6390
-10,6389
-71,6388
70,6386
-98,6385
17,6384
49,6383
-89,6382
-18,6381
-36,6380
-16,6377
51,6376
15,6375
-73,6372
32,6369
-52,6368
63,6367
98,6366
19,6365
-84,6364
67,6363
62,6362
81,6361
75,6358
0,6356
62,6355
-89,6353
-76,6352
-38,6351
19,6350
-64,6349
23,6347
98,6346
14,6345
-15,6344
-5,6342
37,6341
47,6340
-69,6338
-87,6337
-15,6336
12,6335
98,6333
23,6331
-12,6330
-86,6326
94,6323
-44,6321
-35,6320
-24,6319
28,6318
22,6316
-36,6315
-2,6313
-71,6312
74,6311
-37,6310
54,6306
-86,6305
50,6304
-6,6300
84,6299
-94,6298
56,6297
23,6295
60,6294
30,6291
-8,6289
86,6287
-13,6286
74,6285
63,6283
-28,6282
15,6281
25,6279
-49,6278
-9,6277
12,6276
94,6275
41,6274
-59,6273
13,6270
4,6269
-47,6267
-22,6266
-10,6265
-19,6264
66,6263
-70,6262
-25,6261
-18,6260
36,6259
85,6256
-92,6255
56,6253
9,6251
61,6250
-54,6249
-55,6247
62,6246
-50,6244
11,6243
-97,6242
36,6240
-86,6239
-26,6238
98,6236
89,6235
41,6233
-61,6232
-42,6231
97,6230
-87,6229
8,6228
-59,6226
73,6225
73,6224
-75,6223
-22,6220
-5,6219
-95,6218
-44,6216
-100,6215
14,6214
8,6213
9,6211
-86,6210
61,6209
-56,6208
97,6206
66,6205
24,6204
-89,6202
-8,6201
66,6200
71,6199
85,6198
-99,6196
17,6195
41,6194
-99,6193
1,6191
-88,6190
-86,6189
-38,6188
-28,6187
-26,6186
15,6185
4,6184
-60,6183
-90,6181
-3,6179
-67,6177
-11,6176
-74,6174
-87,6173
-100,6172
57,6171
-26,6170
97,6169
-30,6168
-87,6165
-47,6161
78,6160
1,6159
10,6158
88,6157
92,6156
-60,6155
-19,6153
-69,6152
-6,6151
59,6148
-92,6147
25,6146
50,6144
83,6143
29,6142
38,6141
-99,6140
22,6139
-51,6138
-32,6137
-1,6136
-32,6135
-7,6134
51,6133
64,6132
18,6131
-50,6130
-49,6128
91,6127
-10,6126
90,6124
18,6123
-57,6122
79,6121
-89,6119
11,6118
-78,6117
61,6116
90,6115
-57,6114
-89,6111
56,6108
55,6107
-71,6105
-68,6104
75,6103
-16,6102
-65,6101
88,6099
78,6098
-93,6097
-65,6096
77,6094
47,6093
6,6092
-20,6091
38,6090
0,6089
-36,6088
29,6087
-33,6086
79,6085
-79,6083
86,6082
72,6081
-50,6080
-25,6078
-63,6077
-4,6076
-22,6075
-19,6072
28,6071
-12,6070
10,6069
-1,6067
-81,6066
76,6065
-24,6064
-6,6063
-55,6062
75,6061
-9,6060
-69,6059
34,6058
-74,6055
-31,6054
-65,6053
78,6052
-37,6051
-48,6050
29,6049
-57,6048
65,6047
1,6046
-91,6045
13,6042
34,6040
81,6038
58,6037
-69,6035
-13,6032
54,6031
-39,6030
73,6028
52,6027
-93,6026
94,6025
35,6023
-15,6022
-60,6021
-5,6019
30,6018
-56,6016
34,6015
3,6014
65,6013
64,6010
-22,6009
37,6006
-64,6005
-74,6004
-1,6003
8,6001
-48,6000
-93,5999
-67,5998
-45,5997
7,5996
76,5995
99,5994
-61,5992
5,5990
38,5988
-84,5987
-55,5986
54,5985
-5,5984
11,5983
-78,5981
12,5980
-72,5979
82,5978
-34,5977
68,5976
95,5974
-43,5973
-41,5972
-99,5971
-61,5970
-83,5969
17,5968
35,5967
92,5966
-92,5964
84,5963
-64,5962
-16,5961
-8,5960
49,5959
55,5957
92,5956
63,5955
2,5954
-89,5953
27,5952
89,5950
11,5949
-89,5948
-14,5947
55,5946
51,5945
97,5944
43,5943
66,5942
-25,5940
92,5939
44,5937
-54,5936
-3,5935
8,5934
-57,5933
-22,5932
-77,5930
-75,5928
91,5927
-57,5925
69,5924
-24,5923
-95,5922
-60,5921
77,5920
78,5918
29,5917
-23,5916
43,5914
81,5913
44,5912
-47,5911
-88,5909
23,5908
96,5907
-65,5905
-97,5904
46,5903
51,5901
25,5899
-42,5898
12,5897
-41,5896
68,5895
-50,5894
22,5891
-94,5890
-20,5889
77,5888
-3,5886
87,5885
-10,5884
69,5883
-6,5882
82,5881
-67,5880
-50,5879
-49,5878
25,5877
-37,5876
66,5875
15,5874
-64,5873
81,5872
-70,5871
-60,5870
-27,5869
27,5868
95,5867
6,5866
61,5865
-24,5863
-49,5861
47,5860
-56,5859
5,5857
71,5855
90,5854
-65,5853
-79,5852
50,5849
-72,5848
95,5846
-24,5844
-57,5843
49,5841
39,5840
18,5838
11,5837
-56,5835
-32,5832
-23,5830
31,5829
-24,5827
-92,5826
-94,5825
53,5824
96,5823
-97,5822
-28,5821
-74,5820
51,5818
-24,5816
-78,5813
77,5812
-70,5811
-41,5810
-98,5809
-75,5808
-83,5807
-91,5806
67,5804
58,5801
-79,5799
65,5798
-93,5797
62,5796
-5,5795
58,5794
-1,5793
-11,5792
74,5791
-75,5789
82,5788
100,5787
48,5786
95,5785
-17,5784
-90,5782
-42,5781
-19,5779
11,5778
-20,5777
-73,5776
-12,5775
71,5774
29,5773
-97,5771
45,5770
2,5769
94,5767
-31,5766
-4,5763
-94,5762
1,5761
18,5760
-83,5759
24,5758
57,5757
48,5755
-36,5754
73,5753
68,5752
31,5751
45,5750
-45,5749
-55,5748
-4,5746
-14,5745
6,5743
-18,5742
93,5741
38,5740
-20,5738
37,5737
-87,5736
-88,5735
-50,5734
94,5731
55,5730
-45,5729
62,5728
-87,5727
68,5726
-70,5725
-34,5724
74,5723
18,5721
56,5720
48,5719
38,5718
30,5717
37,5716
70,5715
3,5714
-87,5712
55,5711
-1,5709
96,5708
46,5706
33,5705
-69,5703
-23,5702
65,5700
86,5697
40,5696
-49,5694
60,5693
-38,5692
-46,5691
99,5690
-73,5689
-67,5687
73,5686
-8,5685
9,5683
-44,5681
-81,5680
34,5679
-37,5678
-59,5677
84,5676
76,5675
52,5674
-2,5673
63,5671
26,5670
-34,5666
-43,5665
8,5664
-64,5662
100,5661
-62,5660
20,5658
33,5657
14,5656
30,5655
-37,5653
76,5652
-45,5651
-88,5650
2,5648
-41,5645
-95,5644
54,5643
94,5642
-88,5641
-46,5638
41,5637
-78,5636
-93,5635
-68,5633
-11,5632
60,5631
85,5630
13,5627
-64,5626
-62,5625
-87,5624
28,5622
-84,5621
89,5620
5,5619
-54,5618
8,5617
45,5616
12,5614
77,5613
35,5611
-46,5610
-50,5609
-7,5608
57,5607
39,5606
90,5605
77,5604
99,5603
-43,5602
-26,5601
-20,5600
9,5599
-93,5598
30,5597
-97,5596
-19,5595
-76,5593
29,5591
-11,5590
-25,5589
76,5588
85,5587
-41,5586
-39,5585
5,5582
95,5581
-65,5580
71,5579
72,5578
58,5577
-33,5576
43,5575
-77,5572
2,5571
-57,5570
-12,5569
70,5567
80,5566
-5,5565
66,5564
72,5563
51,5562
92,5560
79,5559
44,5558
68,5557
-58,5556
-9,5555
83,5554
-95,5553
-16,5551
79,5549
89,5548
36,5547
-65,5546
-93,5545
-37,5543
80,5542
-84,5541
-67,5540
91,5539
-2,5538
75,5537
48,5536
-48,5535
57,5533
14,5532
-49,5530
-65,5528
-98,5527
4,5526
62,5525
-16,5524
-63,5522
81,5521
-59,5520
48,5519
43,5518
16,5517
-12,5516
-31,5515
23,5514
-10,5513
77,5512
-41,5511
-30,5510
12,5509
-39,5508
-10,5505
70,5504
85,5503
-64,5502
66,5501
29,5500
-28,5499
64,5498
-70,5497
82,5496
88,5495
-28,5493
70,5486
42,5485
37,5483
-68,5482
29,5481
-78,5480
-3,5479
-24,5477
75,5476
11,5475
48,5474
-31,5473
-82,5472
-14,5471
-84,5470
24,5469
28,5468
34,5466
-30,5465
-98,5464
-33,5463
44,5462
-78,5460
-59,5459
-26,5458
56,5457
98,5456
30,5455
28,5454
42,5453
-67,5452
47,5450
-44,5449
35,5447
24,5446
85,5445
-14,5444
-87,5443
95,5440
-7,5439
49,5438
7,5437
-97,5436
-26,5435
-60,5434
37,5433
-1,5432
66,5431
6,5430
41,5428
84,5427
-100,5426
-64,5425
50,5423
8,5421
-21,5420
-89,5419
26,5418
16,5417
-47,5416
86,5413
71,5411
-99,5410
-46,5409
65,5408
72,5406
-3,5404
-9,5403
17,5402
56,5401
-88,5400
31,5399
-34,5398
-46,5396
64,5395
-27,5393
28,5392
-18,5390
-22,5389
-81,5388
-53,5387
-12,5385
76,5384
84,5379
89,5378
-95,5377
13,5376
60,5374
61,5371
-67,5370
-3,5369
65,5368
90,5367
-9,5366
45,5364
-17,5363
55,5361
-55,5360
-83,5357
-39,5356
-17,5355
-41,5354
50,5353
28,5352
-47,5351
-65,5350
-61,5349
-60,5348
24,5347
94,5346
-14,5345
-89,5344
73,5343
-63,5342
39,5341
-31,5340
99,5339
-96,5338
95,5336
54,5335
2,5334
49,5333
3,5332
81,5331
35,5330
-57,5329
83,5327
-91,5326
-84,5325
27,5324
81,5322
-91,5321
-74,5320
-29,5317
22,5316
-91,5315
-74,5313
-22,5311
-82,5309
-44,5308
-28,5306
-80,5305
68,5303
38,5302
-11,5301
-15,5299
98,5298
-99,5295
69,5294
48,5293
79,5292
82,5291
-90,5290
86,5288
-36,5287
5,5286
-79,5285
82,5284
-8,5282
9,5281
-82,5280
89,5279
88,5278
86,5277
44,5276
57,5275
100,5274
-40,5273
33,5272
-35,5271
84,5270
86,5269
-54,5268
88,5267
-75,5266
80,5265
-66,5264
-5,5263
-8,5262
-9,5261
-90,5258
91,5257
37,5256
45,5253
-36,5251
-70,5250
-83,5249
-21,5247
29,5246
92,5245
-12,5244
-53,5243
-67,5242
-100,5239
-40,5238
-26,5235
-25,5234
-67,5233
-16,5231
18,5230
-14,5229
4,5228
84,5227
-29,5226
-87,5225
65,5224
-21,5223
73,5222
94,5221
45,5220
62,5219
-37,5218
-12,5217
16,5216
98,5215
82,5214
-67,5212
-94,5211
21,5210
-13,5209
-41,5207
-38,5206
44,5203
23,5202
58,5201
-37,5200
50,5199
55,5198
31,5197
51,5195
-58,5194
-68,5193
-60,5190
89,5189
73,5188
-49,5186
53,5185
7,5184
51,5182
-94,5179
-100,5178
77,5177
95,5176
-9,5174
-47,5172
-79,5170
24,5169
-68,5167
96,5166
-17,5165
32,5164
15,5163
-43,5162
-1,5161
-4,5159
-57,5158
13,5157
85,5156
90,5155
76,5152
-4,5151
45,5150
44,5149
-45,5147
35,5146
37,5145
-2,5143
45,5141
-32,5140
-27,5139
80,5138
66,5137
6,5136
17,5135
-91,5134
-29,5132
46,5131
90,5130
8,5127
96,5126
-71,5125
54,5123
6,5121
71,5120
-78,5119
-66,5117
-44,5116
-68,5115
-91,5114
-13,5109
22,5108
-73,5107
-21,5106
19,5105
44,5102
94,5101
-90,5099
-20,5098
17,5096
15,5094
-45,5092
-26,5091
1,5090
37,5088
-28,5087
-4,5086
-26,5085
-23,5084
-17,5083
-69,5082
14,5081
8,5080
68,5079
-32,5078
50,5077
42,5076
37,5073
-81,5072
-80,5071
25,5070
-2,5069
86,5067
-22,5066
22,5065
-2,5064
-53,5062
-28,5061
68,5060
10,5059
-56,5058
-39,5057
32,5056
-93,5055
-77,5054
-63,5053
-91,5049
-1,5048
-66,5047
-50,5046
66,5040
-59,5039
-99,5036
21,5035
11,5033
95,5031
-89,5030
7,5029
-58,5028
-49,5027
4,5026
28,5024
-2,5023
-82,5022
56,5021
-21,5018
-99,5017
70,5016
52,5015
54,5014
43,5013
-79,5012
97,5011
-47,5007
40,5006
-96,5005
0,5004
26,5003
25,5002
-54,5001
-92,5000
92,4999
-28,4998
77,4997
-92,4996
-16,4995
-66,4993
92,4992
96,4991
-63,4990
48,4989
97,4987
66,4986
-51,4985
-69,4984
36,4983
-58,4982
31,4979
-91,4975
-7,4973
-48,4970
64,4969
98,4967
39,4966
-63,4964
-6,4963
95,4961
-4,4960
67,4959
12,4958
-10,4957
28,4956
81,4955
50,4954
73,4953
-30,4952
4,4950
-59,4949
24,4948
-50,4946
-59,4945
0,4944
58,4943
79,4942
40,4941
12,4940
97,4939
35,4938
11,4937
27,4936
97,4935
-89,4932
37,4931
-70,4930
-90,4929
68,4927
-96,4926
-76,4925
96,4923
-60,4921
5,4920
8,4919
37,4917
32,4916
-23,4915
-69,4914
-52,4913
23,4912
94,4911
39,4910
6,4905
-76,4904
21,4903
73,4902
-16,4901
-35,4900
45,4899
51,4898
35,4897
98,4896
-92,4895
6,4894
-68,4892
-7,4891
75,4888
-99,4887
-37,4884
59,4883
37,4882
93,4881
-41,4880
-23,4879
-93,4878
-99,4877
-36,4876
-9,4875
42,4869
-18,4868
-31,4867
91,4866
-36,4865
86,4864
80,4863
21,4862
10,4860
87,4859
-76,4858
4,4857
24,4855
13,4854
-23,4852
-63,4851
-46,4850
94,4849
39,4848
-19,4847
-91,4846
-46,4845
-98,4843
-19,4842
29,4841
80,4840
-11,4838
56,4837
-38,4836
87,4835
21,4834
99,4832
-83,4830
-86,4829
28,4828
-34,4825
-84,4824
-92,4822
37,4820
98,4818
72,4817
-34,4816
-79,4815
-66,4813
-55,4812
88,4811
9,4809
96,4808
45,4807
-18,4805
13,4804
-81,4802
-84,4801
70,4800
-3,4799
-18,4798
-95,4797
5,4796
-100,4795
83,4794
-10,4793
-17,4792
-59,4791
78,4790
-34,4789
76,4788
3,4787
28,4786
13,4785
-9,4784
4,4783
12,4782
-69,4781
-8,4779
63,4778
-82,4776
-67,4774
64,4772
51,4771
11,4769
-10,4768
71,4766
35,4765
41,4764
63,4763
-64,4762
-89,4761
-11,4760
-55,4759
43,4758
77,4756
-17,4754
75,4753
41,4751
-29,4749
89,4748
92,4747
33,4746
74,4745
-33,4743
56,4742
-62,4740
14,4739
-93,4735
58,4734
-82,4733
-92,4732
41,4731
44,4730
-6,4729
-67,4727
-71,4725
-100,4723
-44,4722
63,4721
-39,4720
84,4719
-12,4718
9,4717
-19,4716
-100,4715
-60,4713
-26,4712
72,4711
-57,4710
71,4709
53,4707
4,4706
-38,4704
-95,4703
86,4699
-5,4698
66,4697
93,4696
-76,4695
-26,4693
3,4692
-47,4691
16,4690
28,4689
97,4688
79,4687
-40,4685
75,4684
40,4683
43,4682
30,4681
8,4680
-20,4679
-94,4678
-8,4674
-46,4673
63,4672
-99,4671
-7,4667
36,4666
-80,4665
91,4664
-92,4663
8,4661
-26,4659
-15,4658
4,4657
-40,4656
-69,4655
93,4654
29,4653
70,4652
-28,4647
-14,4646
85,4644
2,4643
91,4642
90,4640
-8,4639
-60,4637
-11,4635
30,4634
11,4633
0,4632
-37,4631
-83,4628
75,4627
-17,4626
-4,4625
92,4624
21,4623
79,4621
-55,4620
-72,4618
30,4617
-44,4616
-68,4615
33,4614
-94,4612
-4,4611
-66,4610
-60,4608
-24,4607
50,4606
11,4605
-20,4604
41,4603
15,4602
45,4601
31,4600
-31,4599
-63,4598
23,4596
36,4595
45,4594
-81,4590
-22,4589
43,4588
24,4587
-8,4586
70,4585
-46,4584
44,4583
19,4582
17,4580
48,4579
-41,4578
-27,4577
68,4576
26,4575
19,4574
-64,4573
-98,4570
-77,4569
35,4568
90,4566
95,4563
9,4562
20,4561
-27,4560
-100,4559
71,4558
74,4557
89,4556
9,4554
-41,4553
-43,4552
-77,4551
-41,4550
58,4548
70,4547
-97,4546
-53,4545
-45,4544
39,4543
2,4542
-91,4541
57,4540
58,4539
-63,4538
21,4537
-17,4536
-7,4535
-36,4534
82,4533
88,4532
-58,4531
-47,4530
-59,4529
92,4528
-97,4527
-29,4526
77,4524
-100,4523
82,4522
26,4521
24,4520
-86,4518
-99,4517
30,4516
-41,4515
24,4514
-12,4513
49,4512
-8,4510
71,4509
71,4508
84,4507
29,4506
-37,4505
-16,4504
-33,4503
45,4501
-20,4500
30,4498
-64,4497
7,4495
74,4491
-27,4490
-58,4489
76,4487
22,4486
62,4485
21,4484
79,4482
44,4481
58,4480
-47,4479
-98,4478
-65,4476
22,4475
-29,4474
-82,4473
44,4472
42,4471
-52,4470
-35,4469
22,4467
17,4466
-99,4465
99,4464
-20,4462
13,4461
61,4460
-57,4459
86,4457
21,4455
92,4454
65,4453
30,4452
-75,4451
47,4450
72,4449
53,4448
-42,4447
45,4446
-6,4445
11,4442
20,4441
-86,4440
15,4439
-76,4438
25,4437
0,4436
-31,4431
-57,4430
92,4429
-88,4428
-66,4427
-68,4426
-73,4425
-98,4423
-91,4422
-16,4421
85,4420
-3,4419
-73,4418
-11,4415
13,4413
-27,4412
-61,4411
-81,4410
-21,4409
-17,4408
19,4407
-33,4406
-16,4405
42,4404
50,4403
87,4402
-94,4401
27,4399
-45,4398
-68,4397
-41,4396
44,4395
-15,4394
-49,4393
79,4391
49,4390
67,4389
-33,4388
-61,4386
-68,4384
87,4383
1,4382
7,4381
43,4380
20,4378
-6,4377
53,4376
60,4373
-53,4371
-66,4369
56,4368
82,4365
0,4364
34,4362
-17,4361
90,4360
-85,4356
10,4354
-42,4353
-71,4350
-38,4348
58,4347
7,4346
-1,4345
43,4341
-73,4340
-29,4339
-90,4338
-44,4337
26,4336
51,4335
49,4334
3,4332
41,4331
81,4330
-74,4329
-81,4327
-24,4325
-40,4323
-84,4322
-67,4320
-57,4318
99,4317
-71,4316
22,4315
-37,4311
-70,4310
33,4308
85,4307
74,4305
-62,4304
61,4302
-93,4301
100,4300
33,4299
-19,4298
69,4297
-63,4295
-51,4294
-7,4293
2,4291
89,4289
-97,4288
99,4287
-72,4286
98,4284
49,4282
68,4281
60,4280
3,4279
67,4278
46,4276
52,4275
67,4272
11,4271
-70,4269
11,4268
-83,4266
31,4265
-24,4264
100,4263
61,4262
-87,4260
-29,4259
15,4258
92,4257
-47,4256
-74,4255
-64,4254
-97,4253
-92,4252
-66,4251
34,4249
27,4247
100,4246
-52,4245
-72,4243
16,4242
-68,4241
-5,4240
46,4239
41,4238
-83,4237
56,4236
100,4235
25,4234
95,4233
-84,4232
-89,4231
-37,4230
-54,4226
-27,4225
-98,4224
-41,4223
9,4222
-7,4221
-70,4220
-68,4217
-32,4216
47,4215
-13,4214
93,4213
-30,4212
90,4211
-11,4210
-22,4209
15,4208
-97,4207
-10,4206
-89,4205
-83,4204
-60,4202
-40,4201
2,4200
-73,4199
62,4198
-61,4197
85,4196
83,4195
3,4194
2,4193
29,4192
12,4191
40,4190
99,4189
22,4188
-62,4187
-93,4186
4,4185
20,4184
95,4183
-28,4182
-83,4181
95,4180
-1,4178
91,4177
67,4176
53,4175
98,4174
73,4173
0,4172
33,4171
26,4170
-99,4168
78,4167
49,4166
-38,4165
-91,4164
98,4163
-76,4162
-77,4160
-84,4159
-42,4158
64,4156
-69,4155
-17,4154
63,4153
21,4151
33,4148
-54,4147
18,4145
57,4144
100,4143
-89,4142
-96,4141
-80,4139
-85,4138
94,4137
-23,4136
-97,4135
-74,4134
-25,4133
-50,4132
-48,4130
-57,4129
8,4128
-86,4127
-26,4125
-72,4123
63,4121
-8,4120
93,4119
-53,4118
-90,4116
1,4115
-100,4114
54,4112
-68,4110
70,4109
82,4108
-11,4107
-97,4106
-97,4105
-54,4104
-53,4103
44,4102
-19,4101
11,4100
-69,4099
-84,4098
-68,4096
85,4095
-7,4094
8,4093
-87,4092
20,4091
49,4090
36,4088
50,4087
-19,4086
-26,4085
99,4084
-1,4083
-41,4082
-84,4081
91,4080
27,4079
-28,4078
-31,4077
7,4076
20,4075
-84,4072
-51,4071
-100,4070
37,4067
16,4066
-18,4065
-59,4064
80,4063
11,4059
68,4058
-26,4057
-20,4054
-98,4053
34,4052
-75,4051
14,4050
0,4048
99,4047
13,4046
-23,4045
-100,4044
56,4043
20,4042
-15,4041
43,4039
84,4037
-35,4035
35,4034
5,4031
1,4030
-23,4029
-12,4028
76,4027
-54,4026
48,4025
61,4024
-50,4023
-99,4022
12,4021
93,4020
86,4017
-13,4016
69,4015
21,4014
-100,4013
-30,4012
-88,4009
-83,4008
65,4007
6,4004
24,4001
28,4000
-87,3998
92,3997
6,3994
26,3990
3,3989
-78,3988
44,3987
-67,3986
53,3985
-79,3983
-21,3981
62,3980
3,3979
-54,3977
57,3976
-42,3974
-64,3973
24,3971
-7,3970
-44,3969
66,3968
53,3967
-76,3966
-60,3963
37,3962
-27,3961
-61,3960
36,3959
-41,3958
84,3956
37,3955
42,3953
-21,3952
-41,3951
82,3950
-5,3949
39,3948
32,3947
58,3946
43,3945
-50,3944
62,3943
-51,3942
19,3940
-88,3938
-67,3937
-26,3936
-95,3935
94,3934
-42,3933
-35,3932
25,3931
-30,3930
-92,3929
-38,3927
73,3923
-23,3922
-97,3921
-39,3920
-27,3919
75,3918
-11,3916
90,3914
-31,3913
49,3912
76,3911
38,3910
0,3909
78,3908
12,3907
-66,3905
-15,3904
-77,3902
75,3901
-40,3899
-50,3898
8,3897
29,3896
-33,3894
-99,3892
16,3891
-90,3890
-89,3889
-58,3886
-77,3885
98,3882
60,3881
62,3879
-25,3878
-68,3877
70,3876
51,3875
-71,3874
9,3873
79,3872
53,3871
29,3870
-28,3869
-77,3868
41,3867
-68,3865
100,3864
66,3863
25,3862
86,3861
-31,3860
-46,3859
-9,3858
-19,3857
-61,3856
7,3855
-98,3854
-5,3853
44,3850
77,3849
-62,3848
38,3847
-12,3846
-77,3845
5,3844
96,3839
-72,3837
-57,3836
25,3835
66,3832
-22,3831
82,3830
3,3829
23,3827
-2,3826
-14,3825
-76,3823
-32,3822
72,3821
-26,3820
-8,3818
-52,3816
47,3815
72,3814
-50,3813
-95,3812
24,3811
-20,3809
79,3808
-79,3807
-31,3806
-49,3804
-23,3802
55,3800
-80,3799
72,3798
-46,3797
-39,3796
-80,3795
24,3794
87,3791
-54,3790
-94,3787
-89,3786
5,3785
100,3784
57,3783
-10,3782
-56,3781
-88,3780
-84,3777
46,3776
16,3775
9,3774
71,3773
-44,3772
-73,3771
5,3770
89,3769
2,3768
48,3767
91,3766
9,3765
-43,3764
61,3762
-74,3760
2,3759
-86,3758
30,3756
28,3755
26,3754
18,3753
8,3752
13,3751
16,3749
23,3748
-64,3747
76,3746
25,3745
75,3743
-9,3742
17,3741
-94,3739
59,3738
-7,3737
29,3735
61,3734
89,3733
-34,3732
-78,3731
28,3729
62,3727
52,3726
-17,3725
22,3723
-78,3722
-27,3720
90,3719
7,3718
69,3716
40,3715
-41,3714
29,3713
-35,3712
-48,3711
-46,3710
73,3709
-24,3706
-17,3704
-43,3703
53,3702
-86,3701
-94,3699
-9,3698
-96,3697
-16,3696
21,3695
22,3692
35,3691
94,3690
87,3689
-40,3688
80,3687
-6,3686
-36,3685
99,3684
-71,3683
88,3682
46,3681
34,3679
71,3678
88,3677
66,3674
-32,3672
-96,3671
23,3669
-22,3668
80,3667
15,3666
36,3663
43,3662
-95,3661
-7,3660
93,3659
21,3658
28,3656
74,3655
93,3654
-61,3653
-43,3652
-67,3651
-93,3650
96,3649
35,3648
-44,3647
-37,3646
73,3645
50,3644
-51,3643
84,3642
31,3641
49,3639
22,3638
-2,3637
-48,3636
17,3635
-10,3634
-5,3632
-99,3630
37,3628
-64,3627
2,3626
99,3625
81,3623
-55,3622
-38,3621
-78,3620
86,3619
8,3618
-19,3617
-8,3616
74,3614
-35,3613
-28,3612
-76,3607
48,3605
-77,3604
57,3603
38,3602
98,3600
-91,3599
-46,3598
99,3597
47,3595
-100,3592
-80,3591
-22,3590
-50,3589
34,3587
-66,3586
-10,3584
-10,3583
55,3582
64,3581
67,3578
-66,3577
-4,3576
2,3575
-14,3574
-10,3573
-23,3572
-38,3571
25,3569
1,3567
-61,3565
-18,3563
-57,3562
52,3559
100,3558
-88,3557
-95,3555
65,3554
81,3553
-79,3552
46,3551
-35,3550
96,3546
8,3545
-29,3543
-35,3541
0,3539
62,3537
-88,3536
-81,3535
41,3533
10,3532
-82,3531
-61,3529
55,3527
-86,3526
-19,3525
-44,3523
37,3522
59,3521
66,3520
-39,3519
-53,3518
-64,3517
11,3515
90,3513
-58,3512
-52,3511
33,3510
90,3507
55,3506
19,3505
-25,3504
45,3502
73,3501
-98,3500
-17,3499
-1,3498
-23,3497
15,3496
50,3495
46,3493
44,3491
-10,3490
-7,3489
-64,3488
53,3486
89,3485
0,3484
34,3483
66,3482
-97,3481
96,3479
36,3477
53,3476
7,3475
61,3474
-100,3472
-91,3471
76,3470
-98,3469
15,3466
-20,3465
58,3464
88,3463
-29,3462
-48,3461
25,3460
-8,3459
-75,3458
-59,3457
56,3456
-4,3455
-96,3454
40,3452
2,3451
51,3449
2,3448
25,3447
11,3446
-81,3445
78,3444
-72,3443
58,3442
48,3441
-97,3440
37,3438
-52,3437
41,3435
19,3434
37,3433
98,3432
51,3431
-22,3430
16,3429
-65,3428
-85,3427
-4,3426
9,3425
5,3424
-65,3423
-48,3420
17,3419
-96,3418
30,3417
-67,3416
-11,3413
-59,3410
25,3409
30,3408
75,3407
60,3405
-78,3404
-19,3403
-97,3401
82,3400
-64,3399
62,3398
29,3397
31,3396
72,3395
69,3394
-20,3391
-23,3390
32,3388
77,3387
57,3386
40,3384
-66,3383
-7,3382
-100,3381
8,3380
66,3378
48,3376
7,3375
-59,3373
-55,3372
2,3371
25,3370
78,3369
-49,3367
-76,3366
23,3365
-70,3364
-99,3361
58,3360
-42,3358
-78,3352
-64,3350
-11,3348
-22,3347
8,3346
-2,3345
-80,3344
13,3343
-39,3342
76,3341
47,3340
25,3339
-92,3338
-12,3336
95,3335
-57,3331
76,3330
-66,3329
-31,3328
-30,3327
-17,3326
17,3325
-82,3323
-38,3322
29,3321
-20,3319
-74,3317
65,3315
-35,3314
91,3313
-80,3312
9,3311
39,3310
65,3309
55,3308
-79,3305
72,3304
82,3302
-66,3301
-47,3300
-6,3299
-39,3298
-89,3297
37,3296
17,3295
89,3293
91,3292
-73,3291
4,3290
-35,3289
-79,3288
85,3287
17,3285
40,3284
-40,3283
-67,3280
12,3278
24,3276
51,3275
66,3274
-36,3273
-61,3272
23,3270
-41,3269
44,3268
17,3267
78,3265
43,3264
-98,3263
-90,3262
-71,3260
51,3259
-28,3258
82,3257
76,3253
-68,3252
-64,3251
66,3250
18,3249
96,3248
74,3246
67,3243
-91,3240
-79,3239
-37,3237
-5,3236
-41,3235
-89,3234
-81,3233
-98,3232
35,3231
74,3230
-30,3229
84,3227
5,3226
71,3225
-56,3222
22,3221
75,3220
50,3219
32,3217
97,3216
-76,3214
-24,3213
19,3212
-51,3211
43,3210
-80,3209
-28,3207
28,3205
6,3204
91,3203
-49,3202
9,3201
-75,3200
-47,3199
16,3198
-49,3197
58,3195
-15,3194
50,3192
75,3191
66,3189
-91,3188
82,3187
-50,3186
3,3185
70,3184
-19,3182
69,3180
52,3179
26,3178
-25,3177
29,3176
-10,3174
-49,3173
-30,3172
74,3171
-84,3170
67,3167
-8,3166
-56,3165
79,3164
-1,3162
-78,3161
13,3159
97,3158
35,3156
-37,3155
26,3154
74,3153
-1,3152
11,3151
-44,3150
-43,3149
88,3148
48,3147
8,3146
-59,3145
73,3144
47,3139
-90,3138
-83,3136
33,3135
-91,3134
-94,3132
-83,3129
56,3127
94,3125
-88,3124
42,3123
-7,3122
77,3120
-95,3118
93,3117
82,3116
-100,3115
65,3114
-17,3111
30,3110
66,3109
-11,3106
45,3105
89,3104
72,3103
-35,3102
90,3100
61,3099
46,3098
-21,3096
79,3095
86,3094
75,3093
11,3090
-98,3089
-2,3087
-31,3086
-71,3085
55,3082
95,3081
45,3080
69,3077
48,3076
62,3075
58,3074
-45,3072
-34,3071
73,3069
-53,3068
-20,3065
-63,3064
-93,3063
-82,3061
19,3060
59,3059
69,3055
40,3052
22,3051
37,3050
-100,3049
-82,3048
91,3047
-38,3044
-62,3042
73,3041
-93,3040
67,3039
-40,3038
-91,3037
-81,3033
-17,3031
2,3029
69,3028
50,3027
75,3026
-41,3025
-42,3021
-75,3018
-44,3017
87,3016
38,3015
39,3014
84,3013
-84,3012
-27,3011
-53,3009
-62,3008
-10,3007
22,3006
10,3005
-72,3004
-66,3001
87,3000
51,2999
81,2998
100,2997
70,2996
-57,2995
-23,2994
-71,2993
6,2992
62,2991
-5,2990
-91,2989
-76,2988
20,2987
-11,2986
10,2985
-75,2984
-7,2983
80,2982
-98,2981
87,2978
-69,2976
-49,2974
56,2973
92,2972
31,2971
-3,2970
-26,2969
42,2968
18,2967
-67,2963
-74,2962
100,2961
-76,2960
-27,2959
-29,2956
-78,2954
54,2953
92,2952
-58,2951
35,2950
-90,2949
-35,2948
12,2947
64,2945
-68,2943
-5,2942
20,2941
-95,2940
22,2938
16,2937
-32,2934
-28,2933
47,2931
56,2930
-4,2929
-26,2926
7,2925
-88,2924
-64,2923
73,2921
87,2919
15,2918
60,2917
-25,2916
13,2914
89,2913
-53,2912
-34,2911
54,2909
-48,2908
54,2907
-55,2906
-5,2905
88,2904
68,2903
81,2902
59,2901
-38,2900
66,2899
-61,2898
94,2896
44,2895
18,2894
-78,2892
-65,2891
-70,2890
62,2889
-64,2888
-44,2886
-1,2885
50,2883
15,2882
57,2881
2,2880
69,2879
73,2878
10,2875
-46,2873
29,2872
74,2871
42,2870
-4,2869
90,2867
90,2865
-35,2864
56,2863
-15,2862
55,2861
12,2852
61,2851
92,2850
9,2849
-7,2847
-77,2846
-55,2843
92,2842
-81,2841
-56,2840
5,2839
29,2838
77,2836
-66,2834
56,2833
51,2831
-13,2830
98,2829
-9,2828
2,2826
66,2824
36,2823
-69,2822
41,2821
67,2820
71,2819
-71,2817
-42,2816
-12,2815
87,2814
-66,2812
-51,2811
23,2810
54,2809
11,2807
20,2806
68,2805
57,2804
-96,2803
-72,2802
-53,2800
98,2798
-79,2795
-35,2794
-69,2792
-83,2791
-88,2790
-94,2789
-91,2788
-44,2787
7,2785
98,2784
-39,2783
-32,2782
-42,2780
-57,2778
-31,2777
-81,2775
90,2774
-24,2772
17,2771
-69,2770
6,2769
-76,2767
69,2766
-39,2765
30,2764
19,2763
-95,2762
26,2761
-1,2760
-79,2759
-24,2758
41,2756
-41,2755
-87,2754
90,2753
-93,2751
3,2750
-27,2749
50,2746
-64,2745
35,2743
72,2742
-6,2741
95,2740
-99,2739
-50,2738
-74,2737
6,2736
-84,2735
-6,2734
-17,2733
-61,2732
46,2731
-72,2730
-37,2729
55,2728
79,2727
70,2726
68,2725
84,2724
-58,2723
-56,2722
-9,2721
-28,2719
-48,2717
68,2716
8,2715
-9,2714
86,2713
-97,2711
77,2709
-38,2708
76,2707
53,2706
31,2704
93,2702
-88,2701
65,2700
-84,2699
-60,2697
50,2695
52,2694
-82,2693
76,2692
-44,2691
37,2689
-33,2688
86,2685
-94,2684
84,2683
-12,2682
-65,2680
59,2679
-95,2678
-53,2677
39,2674
54,2673
-29,2672
86,2671
52,2670
-54,2669
-95,2668
-27,2667
24,2666
-19,2665
-88,2664
-45,2663
18,2662
51,2661
58,2660
75,2659
3,2658
-40,2656
-38,2653
52,2652
65,2651
-47,2650
-62,2648
18,2647
-20,2646
98,2645
73,2644
95,2643
68,2642
-54,2641
45,2640
71,2639
88,2638
52,2637
31,2636
-10,2635
77,2634
-71,2633
9,2632
-48,2631
-3,2630
-4,2629
-26,2627
95,2625
-56,2623
67,2622
-32,2621
89,2620
-45,2619
-29,2617
35,2616
-23,2615
25,2614
-50,2613
82,2612
-26,2611
-66,2609
55,2607
-87,2605
-49,2604
15,2602
-32,2600
97,2599
-12,2598
-87,2597
6,2596
-44,2595
7,2593
85,2592
81,2587
42,2586
30,2585
-14,2584
97,2583
31,2582
63,2581
43,2580
12,2579
82,2578
-33,2575
60,2574
-13,2573
64,2572
-51,2571
52,2569
71,2567
-63,2566
-92,2565
-9,2564
-55,2563
88,2562
-59,2561
75,2560
-34,2559
-35,2558
-59,2557
84,2556
79,2555
63,2553
-91,2552
89,2551
20,2548
34,2547
-16,2546
82,2545
-61,2544
-62,2543
-64,2542
90,2540
-74,2539
-98,2538
39,2537
0,2536
84,2535
30,2534
-11,2533
65,2532
54,2531
14,2529
40,2528
25,2527
-98,2525
16,2523
-74,2522
89,2521
82,2519
48,2517
29,2516
91,2515
-82,2514
-100,2512
-77,2511
4,2508
11,2506
40,2503
76,2502
-27,2501
-65,2500
-2,2497
86,2496
69,2493
17,2491
-52,2489
43,2487
-75,2486
26,2485
-93,2484
-58,2482
-28,2481
25,2480
67,2479
-12,2478
9,2476
-24,2475
57,2474
43,2473
-23,2472
-65,2471
60,2470
-40,2469
50,2467
63,2466
-98,2465
33,2464
-69,2463
-67,2462
8,2460
46,2457
-42,2455
68,2454
96,2453
-33,2448
-32,2447
-44,2444
-30,2443
-47,2442
-21,2440
-26,2439
-77,2438
-48,2437
-47,2434
-68,2433
-66,2432
84,2429
20,2427
90,2426
83,2425
-68,2424
-13,2423
83,2422
-68,2420
-57,2416
-59,2415
25,2414
62,2412
-49,2411
-33,2410
2,2409
80,2408
-50,2407
-93,2406
-10,2403
-52,2402
-71,2401
-25,2400
42,2399
-9,2396
-44,2395
-84,2394
-90,2393
29,2392
61,2390
98,2387
-95,2386
-19,2383
-17,2382
-47,2380
32,2379
28,2376
60,2375
-4,2374
97,2373
-20,2372
-82,2371
99,2370
52,2369
39,2368
-46,2364
-56,2363
-46,2362
-100,2361
40,2360
94,2359
75,2357
4,2355
-55,2354
-78,2353
-9,2352
64,2351
-98,2349
43,2348
38,2347
82,2346
-9,2345
-33,2344
18,2343
78,2342
80,2341
95,2340
41,2339
44,2337
-70,2336
9,2335
79,2334
-50,2332
-89,2331
-5,2330
36,2329
-90,2326
-52,2325
57,2324
-1,2323
34,2322
27,2321
-92,2320
-30,2319
-10,2318
59,2316
-63,2315
-32,2314
-69,2313
-65,2312
95,2311
27,2310
-68,2309
-82,2308
-93,2306
-59,2304
88,2303
-80,2301
-12,2300
98,2299
37,2298
-43,2296
13,2295
55,2294
-45,2293
17,2292
-94,2291
-27,2290
-64,2289
53,2288
47,2287
-87,2286
-88,2285
69,2284
52,2283
-36,2282
57,2280
-31,2278
-69,2277
-26,2276
59,2275
-56,2274
-18,2271
-6,2270
39,2269
-35,2267
4,2266
55,2265
20,2264
13,2263
45,2262
62,2261
-71,2260
-68,2259
94,2258
-97,2257
38,2256
71,2255
-39,2254
-16,2253
22,2252
63,2251
10,2250
26,2249
96,2248
-19,2247
32,2246
-72,2245
-33,2243
-56,2242
-70,2241
80,2239
-51,2238
69,2237
45,2236
80,2235
22,2234
-71,2233
-26,2232
-15,2231
-78,2230
-46,2229
0,2228
-89,2227
-7,2225
-22,2224
90,2222
-67,2221
-35,2220
-38,2219
-34,2218
-20,2214
32,2213
91,2212
-97,2211
43,2210
-90,2208
60,2207
40,2206
32,2205
74,2202
-12,2201
39,2200
20,2199
28,2198
-93,2197
-80,2196
-1,2195
-35,2193
-45,2192
88,2188
6,2184
-23,2183
34,2182
-89,2181
-3,2180
-69,2179
-71,2178
2,2177
10,2176
60,2175
77,2174
90,2173
-73,2172
57,2171
-6,2170
93,2168
33,2167
52,2165
-39,2164
55,2162
-25,2161
81,2160
97,2159
87,2157
93,2156
61,2154
-98,2153
86,2152
-97,2151
52,2150
-17,2149
-12,2148
0,2147
78,2146
-35,2144
19,2143
-68,2141
-5,2140
52,2139
-85,2138
41,2135
-82,2134
-1,2133
2,2132
-34,2129
10,2128
3,2127
-57,2126
-45,2125
100,2123
70,2122
-55,2121
-56,2120
75,2119
-69,2118
-97,2117
51,2116
-90,2115
1,2114
95,2113
62,2111
30,2110
86,2109
-96,2108
-37,2107
-3,2103
55,2102
-80,2101
14,2100
-3,2099
41,2098
54,2097
96,2095
83,2094
60,2089
65,2087
-78,2086
6,2085
53,2084
86,2082
94,2079
9,2078
-55,2077
24,2076
12,2074
-62,2073
34,2072
-83,2071
-82,2070
-100,2069
-44,2068
-29,2067
-82,2066
65,2065
-13,2063
-20,2062
55,2061
65,2060
24,2059
66,2057
-96,2056
-20,2055
73,2052
52,2051
30,2049
76,2048
-60,2045
49,2044
3,2043
44,2041
24,2040
11,2039
90,2038
69,2037
-91,2035
68,2034
34,2033
-33,2031
-75,2029
-14,2028
18,2027
31,2026
-30,2025
39,2024
-90,2023
-46,2022
60,2021
45,2020
-1,2019
-95,2018
-88,2017
70,2016
-1,2014
13,2013
-37,2012
85,2011
-72,2010
-24,2009
-96,2005
32,2002
68,2001
58,1999
-60,1998
51,1995
34,1994
-13,1992
-10,1989
-45,1987
43,1986
77,1984
-40,1982
-60,1981
6,1980
-42,1979
98,1977
48,1976
0,1975
-38,1974
3,1973
75,1972
-63,1971
80,1970
-62,1968
-81,1965
-90,1964
-76,1963
-15,1962
77,1961
40,1960
-36,1959
-10,1958
83,1957
-85,1956
56,1955
-21,1954
32,1952
42,1951
-13,1950
-53,1949
70,1947
74,1946
60,1945
98,1944
-56,1943
-25,1941
-31,1940
31,1939
-89,1936
63,1935
99,1934
-84,1932
-30,1931
-34,1930
-51,1928
-71,1927
56,1926
-74,1924
-54,1923
-23,1922
-100,1921
55,1920
-33,1917
-24,1916
-85,1914
63,1913
97,1912
-84,1910
-23,1909
-76,1908
70,1907
70,1904
23,1902
58,1901
40,1899
26,1898
-67,1897
-69,1896
39,1895
68,1894
-59,1893
26,1891
-92,1889
-12,1888
37,1887
41,1885
0,1880
-70,1879
24,1878
90,1876
5,1875
51,1874
-22,1873
-30,1872
61,1871
-49,1869
25,1868
60,1866
53,1865
89,1864
-17,1863
67,1862
92,1859
66,1858
33,1857
96,1855
66,1853
35,1852
-3,1850
-21,1849
54,1848
46,1845
38,1842
-45,1839
0,1838
-57,1837
-89,1836
-9,1834
-87,1833
90,1831
87,1829
84,1828
-92,1827
43,1826
71,1825
89,1823
84,1822
15,1820
-39,1817
14,1816
100,1815
-44,1814
14,1813
-78,1812
95,1811
-51,1809
25,1808
66,1807
-24,1805
-45,1804
-43,1802
7,1801
-41,1800
40,1799
69,1798
57,1797
-49,1796
-45,1795
36,1794
-98,1791
-87,1790
-33,1789
-48,1788
-92,1786
-13,1785
46,1784
71,1783
94,1781
19,1780
49,1778
45,1777
82,1775
96,1774
98,1769
58,1767
49,1766
87,1764
30,1762
-96,1761
10,1760
-81,1757
36,1756
18,1755
9,1754
0,1753
-37,1749
-31,1748
96,1747
-79,1745
-56,1744
-15,1742
-91,1741
21,1740
0,1739
57,1737
12,1736
-18,1734
50,1732
-17,1731
32,1730
88,1727
39,1726
67,1725
68,1724
-47,1723
-38,1722
-77,1721
2,1719
-69,1717
-44,1715
-53,1714
74,1713
22,1712
-85,1711
80,1710
91,1709
-55,1708
84,1707
87,1706
32,1704
86,1703
-25,1702
-69,1701
-33,1700
26,1699
-79,1697
-61,1696
-42,1695
79,1694
-9,1693
-72,1692
38,1691
13,1690
-64,1689
-1,1688
-47,1687
18,1683
-94,1679
4,1678
-31,1677
50,1676
77,1675
85,1674
-12,1673
-51,1672
43,1671
-15,1670
34,1668
8,1667
67,1665
65,1663
-81,1660
-74,1659
-61,1657
-84,1656
71,1655
-14,1654
-52,1649
58,1648
0,1647
1,1646
-15,1645
-27,1644
-46,1643
-12,1642
94,1641
75,1638
-43,1637
-48,1636
72,1635
30,1634
-67,1633
-82,1632
-7,1631
-39,1628
-5,1627
91,1626
-14,1625
61,1623
74,1622
67,1621
89,1620
83,1619
33,1618
99,1617
83,1616
-25,1615
77,1612
-92,1611
63,1610
83,1609
-79,1608
-82,1605
-57,1604
29,1603
49,1602
40,1600
-16,1598
97,1597
-94,1596
24,1595
-42,1594
-85,1593
70,1592
10,1591
70,1590
-29,1589
65,1588
77,1587
31,1586
40,1584
-82,1583
-66,1582
-34,1581
-84,1580
5,1579
20,1578
56,1577
-95,1576
-38,1575
-13,1574
22,1573
-29,1572
-95,1571
17,1569
-38,1568
-49,1567
-91,1566
43,1565
-90,1564
93,1563
93,1562
18,1561
20,1560
-29,1559
74,1558
46,1557
-20,1556
-3,1555
-95,1554
-3,1552
96,1551
-56,1550
-83,1549
19,1548
6,1547
78,1546
-78,1545
26,1544
-11,1543
-80,1542
96,1540
60,1539
-43,1538
-82,1537
-14,1536
-50,1534
48,1533
25,1531
30,1530
-6,1529
7,1528
-61,1526
10,1525
35,1524
45,1520
82,1519
-31,1518
67,1517
22,1516
-8,1515
77,1513
62,1512
-82,1511
-26,1510
71,1509
-59,1508
-27,1505
-2,1503
9,1501
44,1499
69,1498
12,1496
87,1495
-58,1494
43,1493
-93,1491
24,1488
-70,1486
46,1485
32,1484
28,1483
5,1481
-80,1480
-22,1479
22,1478
-41,1477
-17,1476
81,1472
-22,1470
52,1469
84,1468
11,1467
-64,1466
-3,1465
72,1463
21,1462
-18,1461
-34,1460
20,1456
-38,1454
11,1453
-14,1452
59,1451
-95,1450
64,1449
81,1448
-3,1446
22,1443
60,1442
-96,1441
-81,1440
-66,1439
41,1438
56,1437
-49,1435
-51,1431
36,1427
4,1426
69,1424
35,1422
1,1421
78,1420
18,1419
-22,1418
-70,1417
13,1415
-14,1414
4,1413
1,1412
-50,1411
41,1410
46,1408
-49,1407
51,1406
78,1405
96,1400
49,1399
72,1398
30,1397
78,1396
-81,1395
-61,1394
92,1393
-7,1391
77,1390
-36,1388
-88,1386
50,1385
10,1384
-73,1382
84,1381
37,1380
62,1379
54,1376
46,1375
-69,1374
-84,1373
35,1372
14,1371
30,1370
13,1369
72,1368
78,1367
90,1366
51,1365
-53,1364
-65,1362
-49,1360
56,1359
15,1358
48,1357
17,1356
-54,1355
-95,1351
-69,1349
-63,1347
89,1345
-21,1344
96,1342
68,1340
-28,1339
3,1338
35,1337
49,1336
78,1335
60,1334
20,1333
77,1332
-2,1331
72,1330
20,1329
47,1327
34,1325
-70,1324
56,1322
24,1321
-49,1320
36,1319
-45,1318
8,1316
51,1315
19,1312
74,1311
29,1310
78,1309
1,1308
-54,1306
79,1305
39,1304
53,1301
87,1295
36,1293
-8,1291
53,1290
-63,1289
-34,1287
-94,1286
91,1285
74,1284
-49,1283
-52,1280
-22,1279
62,1278
-99,1277
84,1276
-57,1274
35,1272
91,1270
47,1269
12,1268
-65,1266
-59,1265
-84,1262
85,1261
-1,1260
97,1259
-85,1258
-84,1257
-18,1256
91,1255
-65,1254
28,1253
-15,1252
-3,1251
98,1249
-43,1248
-72,1247
73,1246
-11,1244
-94,1243
-14,1242
81,1241
-69,1240
15,1237
-60,1236
-96,1235
13,1234
-92,1233
-44,1232
8,1231
70,1230
38,1229
-95,1228
-11,1227
62,1225
40,1224
10,1223
-33,1222
-56,1221
60,1219
84,1218
97,1217
99,1216
-59,1215
-56,1214
24,1213
27,1212
-67,1211
26,1209
-42,1208
93,1206
-60,1205
-75,1204
-31,1203
6,1202
34,1201
-62,1200
-30,1199
78,1198
-32,1197
86,1195
90,1194
63,1193
56,1192
55,1191
-19,1190
94,1188
52,1186
-30,1185
-93,1184
56,1183
-79,1182
-36,1181
-30,1179
-42,1177
-70,1176
58,1175
-72,1174
-87,1173
91,1172
28,1171
-85,1170
84,1169
56,1168
-7,1166
13,1164
-62,1163
52,1162
-18,1161
-31,1160
100,1159
99,1158
-27,1157
15,1156
100,1155
22,1154
-75,1153
-53,1152
1,1151
42,1150
-15,1149
22,1148
75,1147
81,1146
-71,1145
30,1144
-12,1143
48,1142
-90,1141
-48,1140
-2,1139
-68,1138
38,1136
0,1135
-19,1133
26,1129
19,1128
82,1123
66,1122
3,1121
-33,1120
-16,1119
-28,1118
41,1117
71,1114
-13,1113
54,1112
8,1111
-26,1109
-24,1107
-83,1106
-94,1105
21,1104
-88,1103
49,1102
29,1101
97,1100
39,1099
-89,1098
-78,1097
-80,1096
28,1094
93,1093
67,1092
-45,1090
77,1088
-60,1087
-7,1083
52,1082
34,1081
-30,1080
5,1079
63,1077
40,1076
42,1075
-61,1074
41,1072
-55,1070
-66,1069
-78,1068
-63,1065
-24,1064
26,1063
-73,1062
96,1059
22,1058
-92,1057
25,1056
12,1055
-37,1053
-60,1051
-90,1050
-8,1049
95,1048
-52,1047
88,1046
99,1045
-70,1044
72,1043
-75,1042
28,1041
-85,1040
-40,1039
-76,1038
-22,1036
97,1033
-89,1032
-82,1031
-55,1030
-66,1029
44,1028
14,1027
-82,1026
85,1025
76,1024
30,1023
39,1022
94,1020
-1,1017
-54,1016
66,1015
-45,1013
42,1012
50,1011
-90,1009
-69,1008
71,1007
-90,1006
82,1005
-98,1004
15,1002
-88,999
48,998
-15,996
-52,995
22,994
-79,993
73,992
69,990
-21,989
-36,988
-19,987
-24,984
-73,983
45,981
-21,980
65,979
-77,978
16,977
24,976
-69,974
73,973
33,971
1,970
-73,969
-15,967
-52,966
-44,965
-70,964
58,963
76,961
-8,960
7,959
87,958
5,957
69,956
-72,953
65,952
24,950
98,949
-13,948
-3,945
87,944
22,942
-21,940
-71,938
-23,937
35,936
41,935
-36,934
-91,933
-65,931
35,928
18,927
81,925
51,924
-7,923
-2,922
11,921
-75,920
-4,919
100,915
74,913
69,912
78,911
23,910
86,909
-13,907
46,906
-48,905
-67,904
-14,903
-49,902
21,900
92,899
25,898
-90,897
-78,896
6,895
-39,894
85,892
-43,890
-69,889
-80,888
57,886
-94,885
-65,884
18,883
7,882
11,881
58,880
83,879
-35,877
-98,875
-84,874
94,873
-74,872
60,870
46,868
3,867
-30,866
49,865
21,864
-17,863
94,862
-68,861
21,860
25,859
-71,858
64,857
-51,855
71,854
19,851
-61,849
-14,847
19,846
-15,845
29,843
69,842
3,841
-44,840
-8,838
41,836
-11,835
97,834
-8,833
59,832
-47,831
100,830
9,829
50,828
63,827
88,826
-91,825
-83,823
-7,821
-98,820
39,818
33,817
11,816
4,815
80,813
68,812
-33,810
39,808
-89,807
-58,806
-34,805
-43,803
72,802
43,801
65,799
43,798
-34,796
14,794
-80,793
-29,792
-23,791
88,790
-66,789
-37,788
-50,785
-12,784
18,782
12,781
25,779
89,778
18,777
-40,775
1,774
-32,773
13,772
-77,771
-40,770
83,769
91,768
1,767
49,766
-5,764
66,763
-23,762
9,760
-75,759
-67,757
-67,755
14,754
9,753
52,751
7,749
9,748
-64,746
-63,745
-31,744
70,743
-52,742
72,741
83,740
76,739
-29,738
23,735
-21,733
12,732
9,730
7,727
-52,726
36,725
44,724
-32,723
100,722
-34,720
7,719
53,718
82,715
-44,714
-38,712
-84,710
100,709
-67,708
92,707
-35,706
-36,705
-59,704
32,703
68,702
37,701
-63,698
-88,697
83,696
67,694
21,691
86,690
26,688
-81,687
-91,686
-33,685
77,684
-11,683
-97,681
57,679
36,678
14,677
-38,676
-6,674
54,673
-65,672
47,671
-5,670
-27,669
-54,668
76,666
9,665
31,660
-83,659
-55,657
18,656
0,655
-32,654
71,653
100,652
-62,651
48,650
14,649
25,647
32,646
-84,645
45,644
37,642
-56,640
3,639
73,638
-36,636
-14,635
-82,634
39,633
96,632
-100,631
-62,630
84,629
55,628
-10,627
80,626
-83,624
78,622
-40,621
100,620
-55,619
-87,618
92,617
-41,616
-14,614
-77,613
-9,612
70,611
67,610
-99,609
-62,607
-38,606
-49,605
-63,604
-72,603
-82,602
-23,600
49,599
89,598
-59,597
7,596
-27,595
-32,593
-34,592
-1,591
-87,590
-35,589
-25,588
70,587
7,586
-45,584
-31,582
-61,581
80,580
41,577
-13,576
19,575
-17,574
-10,573
19,571
71,570
12,568
-25,567
24,565
-37,564
70,563
-20,562
-54,561
81,560
-79,558
-43,557
-5,556
-95,555
61,554
-78,553
89,552
-57,551
-2,549
64,548
-45,547
-93,546
4,545
9,544
-49,543
7,542
-63,540
42,539
-41,538
-18,537
-79,536
-15,535
9,534
90,533
-71,531
37,530
67,529
-59,528
80,526
-94,525
-32,524
-46,523
-74,522
11,520
32,519
-54,518
58,517
58,516
55,515
-99,514
82,513
-65,512
-88,511
47,509
70,508
-18,507
-86,506
89,502
-9,500
48,499
22,496
32,495
94,494
70,493
50,492
-84,490
-95,488
30,487
-47,486
8,485
97,484
-13,482
-66,481
0,480
93,478
-87,477
-44,476
90,475
5,474
86,473
50,472
3,471
-60,470
5,469
92,467
15,466
10,465
-4,463
37,461
80,460
78,459
13,458
43,456
10,454
-86,453
-40,452
-70,451
-16,450
100,449
-99,446
69,445
-79,444
18,443
12,442
28,441
-56,438
-31,437
-57,436
-81,435
-78,434
27,433
39,432
-49,430
-72,428
-41,427
-82,426
57,425
-56,424
13,422
-11,421
-69,420
100,419
-68,418
-87,417
-26,416
94,415
27,413
-33,412
-98,411
37,410
-99,408
6,407
19,405
94,404
3,403
-77,402
47,401
21,400
98,399
18,398
-98,397
-76,396
68,395
-97,394
42,393
-25,390
82,389
-30,388
-19,387
-21,386
-30,385
75,384
-89,383
58,380
79,379
68,378
62,377
58,376
-3,375
65,374
9,372
-22,371
45,370
-10,369
56,368
-40,366
-25,364
-81,361
-87,360
-89,359
84,358
-99,357
41,356
89,355
86,354
-65,353
56,352
-19,351
-74,350
2,349
69,347
51,345
35,344
8,343
18,341
-66,340
30,339
86,338
-35,337
70,336
26,335
66,334
-77,333
-94,332
-48,331
-91,330
61,329
-83,328
-68,326
91,325
80,324
-84,323
-80,322
100,321
50,319
-43,318
12,317
-90,316
-10,315
-22,313
-42,312
-43,310
-100,309
-11,308
73,307
-44,306
-4,305
58,303
52,302
-89,300
-76,299
-62,298
13,296
72,295
28,294
-41,293
65,292
6,291
4,290
89,289
-20,287
-36,286
-85,283
65,282
7,281
61,278
46,276
-43,275
93,274
50,273
16,272
38,271
-87,270
27,269
28,268
-88,266
-68,265
74,264
-32,262
-3,260
-13,259
-35,258
99,257
-27,256
-89,255
34,254
-86,251
88,250
-7,248
-21,247
38,246
57,243
26,240
-69,239
-74,237
76,236
34,233
-58,232
-67,231
12,230
-19,229
61,228
-50,227
97,226
-86,225
22,224
-38,223
67,222
18,219
-41,215
-79,214
-3,212
-67,210
-84,207
32,205
-24,204
95,203
73,202
-67,201
-6,200
20,199
35,198
64,197
90,196
-95,195
15,194
-9,193
-36,192
-86,191
21,190
45,189
-84,188
-68,187
64,185
-37,184
36,183
-48,182
-65,180
-28,179
-72,178
-48,177
87,175
22,174
80,173
-14,172
-69,170
85,168
-58,166
99,164
25,162
15,160
-53,159
95,158
-26,157
-66,156
50,155
-46,154
-45,153
14,149
56,148
-70,147
67,146
42,145
-77,144
29,142
25,141
9,139
-7,138
-91,135
61,134
-12,133
45,131
76,130
-64,128
44,127
-48,126
-40,125
-96,124
-94,122
58,121
24,118
-77,117
50,116
-82,114
93,112
-16,111
-42,110
-54,109
-40,107
76,106
20,105
28,104
-93,103
8,102
-30,101
-91,100
-1,99
-31,98
-51,97
-53,96
53,93
4,92
87,91
56,90
-18,89
63,88
79,87
14,86
56,85
92,84
-58,83
98,82
-74,81
84,80
63,79
-62,78
94,76
-73,75
3,74
52,73
80,72
-41,71
-58,70
-58,69
-62,68
-92,67
25,66
39,65
-93,64
8,63
39,62
10,61
8,60
67,59
-20,58
-93,57
2,56
-74,55
-81,54
-55,53
45,51
-94,50
95,49
84,48
76,46
29,45
-60,44
52,43
-45,41
-27,40
-28,39
50,38
-82,36
-20,35
-72,34
87,33
-92,32
-51,31
97,29
-41,27
37,25
68,24
-6,23
-35,21
86,20
-69,19
-18,16
-31,15
-91,14
-75,13
96,12
-50,11
33,10
0,9
-19,8
-76,7
35,5
100,4
-4,1
68,0
