-4,10000
41,9999
-53,9998
-58,9997
-5,9996
-19,9995
-26,9993
4,9992
-63,9991
6,9990
-15,9989
-28,9988
87,9986
36,9985
-17,9983
61,9982
-79,9981
24,9979
-23,9978
-53,9977
17,9976
-92,9975
82,9974
16,9973
-51,9972
-100,9970
-69,9968
-94,9967
9,9966
42,9963
-63,9959
-67,9956
86,9953
-84,9952
-74,9951
16,9950
-92,9949
15,9948
72,9947
-28,9946
-67,9945
74,9944
19,9943
65,9940
45,9939
85,9936
58,9935
12,9934
40,9933
-44,9929
-7,9928
-96,9927
62,9926
46,9925
11,9924
98,9923
-65,9922
63,9921
-16,9920
53,9918
11,9917
2,9915
44,9914
-61,9913
-84,9912
88,9911
-39,9910
100,9909
-10,9908
-93,9907
57,9906
26,9905
55,9904
29,9903
-92,9902
-67,9900
-64,9899
-10,9897
24,9896
34,9894
-56,9893
26,9891
100,9890
95,9889
-91,9887
59,9886
44,9885
-27,9884
-23,9883
69,9882
-51,9881
90,9880
6,9879
-39,9878
-33,9877
12,9876
38,9875
10,9874
-70,9873
-72,9872
87,9871
-42,9869
-35,9868
-22,9867
43,9865
50,9864
18,9863
80,9861
31,9860
-60,9858
87,9857
18,9855
82,9854
43,9853
66,9852
-3,9851
74,9849
-84,9848
44,9847
39,9845
-89,9844
8,9843
23,9842
27,9839
12,9837
37,9836
-27,9835
85,9834
-25,9833
16,9831
-96,9830
-1,9829
-58,9828
29,9827
72,9826
-20,9825
24,9824
47,9823
32,9822
-72,9819
10,9818
11,9817
33,9816
43,9815
-18,9813
-29,9812
76,9811
87,9810
99,9809
90,9808
-13,9807
58,9806
-89,9805
16,9804
43,9801
-60,9799
78,9798
-25,9796
88,9795
56,9794
-32,9793
19,9792
73,9791
-82,9790
-47,9789
11,9788
17,9787
25,9786
-50,9785
13,9784
-12,9783
-11,9782
66,9781
-14,9780
-7,9778
-78,9777
20,9775
-87,9774
-15,9773
85,9772
54,9771
69,9770
-73,9769
58,9768
22,9767
50,9766
-49,9765
-8,9763
-22,9762
5,9761
-60,9760
-74,9759
-5,9757
-56,9756
-63,9755
45,9754
-93,9753
12,9752
47,9751
-83,9749
37,9748
69,9747
-3,9746
9,9745
-38,9744
-40,9743
80,9742
72,9741
30,9739
-20,9735
100,9734
40,9733
66,9732
84,9729
9,9728
-61,9727
81,9725
-16,9724
-5,9723
63,9722
66,9719
-68,9718
62,9714
-12,9713
-62,9712
73,9711
-56,9710
-50,9709
-4,9707
-15,9706
79,9705
-10,9704
-86,9703
90,9702
-46,9699
100,9698
-65,9697
-9,9696
-49,9695
16,9693
-85,9692
-78,9691
-70,9690
-74,9689
-23,9688
35,9687
80,9686
-20,9684
36,9683
89,9682
-75,9680
-97,9679
1,9678
-93,9677
-70,9676
71,9675
-30,9674
-58,9672
23,9671
-98,9670
81,9668
-8,9666
-41,9665
-57,9664
7,9663
81,9662
-52,9661
99,9660
-36,9659
64,9658
-33,9657
85,9656
-95,9655
-92,9654
-53,9653
-43,9651
-41,9650
-17,9648
-2,9647
15,9646
31,9645
-90,9644
95,9643
-43,9642
6,9641
-85,9640
81,9639
-19,9636
-1,9635
-30,9633
13,9632
-86,9631
57,9630
99,9629
-4,9628
5,9627
72,9626
-47,9625
-5,9624
-27,9623
30,9621
-83,9620
-17,9619
100,9618
4,9617
60,9616
9,9615
-32,9614
90,9610
58,9608
58,9607
-64,9606
-61,9604
83,9603
95,9602
-12,9601
8,9600
-100,9599
35,9598
-92,9597
31,9596
-25,9595
-89,9594
-1,9593
21,9591
19,9590
-25,9589
36,9587
54,9586
-30,9585
90,9584
60,9583
-10,9582
64,9577
-33,9575
-7,9574
3,9573
28,9572
-20,9571
-19,9570
-15,9568
81,9567
43,9566
-94,9564
-51,9563
24,9562
36,9559
-61,9558
36,9557
-4,9556
6,9555
-49,9554
-100,9552
82,9551
21,9550
-43,9549
-25,9548
-56,9547
67,9546
44,9545
-42,9544
66,9543
94,9541
-92,9540
-78,9539
78,9538
-27,9535
40,9534
1,9533
32,9532
-93,9531
3,9530
78,9529
-1,9528
-89,9527
-9,9526
8,9525
24,9521
29,9520
95,9519
-67,9518
-27,9517
-38,9516
18,9515
52,9512
22,9511
37,9510
58,9509
-35,9508
-69,9507
22,9505
76,9504
-22,9503
0,9502
-80,9501
94,9500
58,9497
13,9496
18,9495
4,9494
91,9493
10,9491
-4,9488
19,9487
99,9486
83,9485
-66,9484
-9,9483
19,9482
-96,9481
-100,9477
-55,9475
-70,9473
-12,9472
50,9471
9,9470
-46,9469
79,9468
96,9467
89,9466
-11,9465
2,9463
44,9462
-14,9460
-40,9458
12,9456
-19,9455
50,9454
-41,9453
-96,9451
-57,9450
-38,9449
-58,9448
94,9447
71,9446
-99,9445
-50,9444
14,9443
18,9442
17,9441
-29,9439
-68,9437
70,9435
19,9433
-26,9429
-24,9428
22,9426
60,9425
86,9424
-58,9423
28,9422
-80,9421
13,9420
-36,9417
33,9416
-48,9415
-89,9414
-41,9413
52,9412
-12,9410
-16,9409
-6,9408
56,9407
22,9406
-7,9405
37,9403
-71,9402
16,9401
-68,9400
33,9399
20,9397
54,9396
-92,9395
-54,9394
-90,9393
76,9391
36,9390
-24,9389
-55,9388
-87,9387
96,9385
63,9384
-49,9382
-72,9381
88,9380
97,9379
66,9378
67,9377
-42,9376
-72,9375
-7,9374
-51,9373
-6,9372
-27,9371
-52,9369
-21,9368
-71,9367
0,9366
-11,9365
-50,9364
-51,9363
56,9362
100,9360
66,9358
64,9357
-17,9356
41,9355
24,9354
0,9353
-46,9352
-38,9351
-96,9349
95,9347
-35,9345
48,9343
71,9341
-56,9340
-71,9338
30,9337
68,9336
-8,9335
-88,9334
-63,9333
22,9332
50,9331
74,9330
-43,9329
-67,9328
-37,9326
56,9325
57,9324
63,9323
78,9322
96,9321
-4,9320
57,9319
-87,9317
-1,9315
-40,9314
-59,9313
-64,9312
-62,9311
58,9310
-22,9309
-52,9308
96,9307
2,9306
89,9305
-69,9301
65,9300
31,9299
-63,9298
10,9297
-69,9296
9,9293
-64,9292
-34,9291
-10,9290
57,9287
2,9285
5,9284
23,9282
-81,9281
43,9280
-96,9279
79,9277
81,9275
45,9274
-15,9273
-78,9272
-44,9269
25,9268
-20,9266
84,9265
31,9264
-38,9263
4,9262
85,9261
25,9260
77,9259
-37,9258
63,9257
-14,9256
-71,9255
-18,9254
16,9253
-82,9252
94,9251
-57,9250
-48,9248
86,9247
81,9246
-91,9245
-35,9244
-86,9243
37,9242
-34,9239
-22,9238
-13,9237
74,9235
24,9233
46,9232
38,9229
-95,9228
-10,9226
-70,9225
-8,9221
-10,9219
10,9218
-78,9216
80,9215
-45,9213
13,9212
-3,9211
54,9210
-49,9209
37,9206
9,9205
1,9204
-96,9202
-13,9201
-68,9199
-19,9198
9,9197
-61,9195
-54,9191
-82,9190
32,9189
-32,9187
53,9186
72,9185
18,9183
-79,9182
-12,9181
57,9180
-36,9179
-30,9177
38,9176
42,9175
73,9174
-56,9173
34,9171
-69,9170
56,9169
51,9168
73,9167
54,9166
32,9165
-23,9164
-100,9163
30,9161
-62,9158
95,9156
86,9155
-29,9153
-83,9150
7,9149
-84,9148
-13,9147
-26,9146
-27,9144
50,9143
-26,9142
42,9141
45,9138
40,9137
-87,9136
-31,9135
-61,9134
-68,9133
100,9132
99,9130
-4,9129
-15,9128
-4,9127
-11,9124
-40,9123
-48,9122
-87,9121
15,9119
11,9118
51,9117
-62,9116
-26,9114
94,9113
-47,9112
-11,9111
90,9109
74,9108
67,9107
88,9106
-63,9105
79,9104
-2,9103
-61,9101
39,9100
72,9099
-70,9098
42,9097
-98,9096
82,9093
-6,9092
-75,9090
-59,9088
47,9087
61,9086
61,9084
-59,9082
51,9080
38,9079
-52,9078
64,9077
-27,9075
-65,9074
-66,9072
-66,9071
93,9067
70,9065
-66,9064
-58,9061
-7,9060
-81,9059
73,9058
-64,9057
-83,9056
-72,9054
67,9053
38,9052
-42,9049
73,9048
-23,9047
100,9045
-90,9044
59,9042
69,9041
-24,9040
52,9039
27,9038
13,9037
-37,9036
45,9035
77,9034
-89,9033
-87,9032
63,9030
83,9027
39,9026
-35,9025
-37,9023
-38,9020
-91,9018
35,9017
-37,9015
-81,9012
-10,9011
67,9010
-75,9009
41,9008
33,9007
-83,9006
71,9005
-6,9002
-84,9001
-66,9000
-94,8999
-2,8997
-46,8996
-62,8995
54,8994
-31,8993
-55,8992
35,8991
-17,8989
-95,8988
61,8986
74,8984
96,8983
-94,8981
-5,8980
58,8979
-36,8978
66,8977
79,8976
15,8975
74,8974
-50,8973
18,8972
81,8970
-62,8968
7,8966
4,8964
36,8963
71,8962
28,8961
12,8959
15,8957
-82,8956
70,8955
-95,8954
-56,8953
-65,8952
-73,8950
86,8949
-34,8948
-85,8947
74,8946
13,8943
-42,8942
27,8941
-37,8940
-19,8939
29,8938
-61,8936
93,8934
70,8933
44,8932
31,8931
-83,8928
93,8926
12,8923
-52,8922
-83,8921
100,8920
-40,8919
88,8917
-21,8916
-85,8915
42,8913
5,8912
27,8911
20,8910
-5,8909
52,8908
79,8905
63,8901
98,8900
-13,8898
2,8897
-51,8896
-9,8895
81,8894
11,8891
-80,8888
-75,8886
-75,8885
-99,8883
15,8881
-79,8880
77,8879
44,8874
59,8872
81,8870
-34,8869
-35,8868
-56,8867
26,8866
-16,8864
-83,8863
70,8862
5,8861
23,8860
14,8859
24,8858
-3,8857
86,8854
34,8853
41,8852
-41,8850
55,8848
-86,8847
26,8846
-60,8845
-68,8843
-77,8841
-32,8840
-66,8839
-99,8838
-64,8837
33,8836
-47,8835
-27,8834
53,8832
35,8831
63,8829
-78,8828
76,8827
58,8826
46,8825
-16,8824
74,8822
11,8821
8,8820
-39,8819
52,8818
36,8817
38,8816
-44,8815
17,8814
30,8813
70,8809
45,8808
-50,8807
26,8806
-29,8804
5,8802
41,8801
95,8800
17,8799
93,8798
-25,8797
27,8796
14,8794
32,8793
-97,8792
19,8791
40,8789
-1,8788
-45,8787
-79,8786
35,8784
60,8781
12,8780
-19,8779
92,8778
51,8777
24,8776
-11,8774
-2,8773
92,8772
-60,8770
44,8769
53,8768
97,8766
-44,8764
-32,8763
-51,8761
89,8759
53,8757
57,8756
68,8754
-72,8753
70,8752
-44,8751
-25,8750
96,8749
-87,8747
-99,8746
-35,8745
36,8744
84,8743
34,8742
46,8740
22,8739
96,8738
-72,8737
93,8735
26,8734
58,8733
-36,8731
9,8730
0,8729
60,8728
69,8727
6,8726
77,8725
20,8724
89,8723
-75,8721
-86,8720
96,8719
47,8718
80,8717
5,8715
-56,8713
30,8712
22,8711
82,8710
33,8709
82,8708
97,8706
10,8705
20,8703
30,8700
-93,8699
18,8698
52,8696
29,8695
84,8694
45,8693
15,8690
10,8689
-68,8688
31,8687
14,8686
38,8685
-18,8684
99,8683
84,8682
9,8681
31,8678
64,8676
-94,8675
-45,8673
66,8671
51,8670
34,8669
86,8668
55,8666
-20,8665
8,8664
78,8662
-21,8660
-87,8659
-92,8658
66,8657
-57,8656
-18,8655
61,8654
93,8652
89,8651
38,8650
-78,8649
-67,8648
85,8647
82,8646
-42,8645
-52,8642
-17,8640
-34,8639
56,8638
-81,8637
-76,8636
98,8634
-73,8633
-65,8632
-27,8631
-48,8630
87,8629
-12,8628
-60,8627
-73,8624
-37,8623
20,8622
39,8621
84,8620
-75,8613
85,8610
-26,8608
-19,8606
-25,8605
26,8604
-24,8603
-91,8602
-5,8601
33,8600
1,8599
-40,8598
19,8595
-87,8593
81,8592
-28,8591
10,8590
-8,8589
79,8588
-58,8586
-56,8584
53,8582
-32,8581
79,8580
-98,8579
80,8578
-45,8577
89,8576
-66,8574
51,8572
-100,8568
0,8567
59,8566
-29,8562
57,8561
38,8560
70,8559
-81,8558
-94,8557
-68,8555
50,8554
71,8553
-90,8552
57,8551
41,8550
-9,8549
-98,8548
47,8547
47,8546
80,8545
84,8544
51,8543
12,8542
95,8541
-9,8540
-47,8539
-75,8537
24,8535
-86,8534
-53,8532
-60,8531
69,8530
62,8529
-15,8528
0,8527
-34,8525
-83,8523
-46,8522
26,8519
-89,8517
-87,8516
-82,8515
-51,8511
24,8510
41,8509
-83,8508
-57,8507
89,8506
19,8504
40,8503
-97,8502
-78,8501
36,8500
-84,8498
-33,8495
-60,8493
89,8492
-9,8491
-38,8489
6,8488
70,8486
17,8484
62,8483
3,8482
-68,8481
20,8477
-81,8476
75,8474
-55,8473
-61,8472
51,8471
-76,8470
26,8469
82,8468
81,8467
95,8466
25,8465
-33,8464
95,8463
44,8462
-33,8461
-40,8459
-46,8458
43,8457
-64,8456
-53,8455
-38,8454
95,8453
76,8451
91,8450
-86,8449
95,8447
-44,8446
99,8443
-89,8442
-28,8441
9,8440
62,8439
46,8438
83,8435
85,8433
100,8429
-32,8427
96,8426
-42,8425
32,8423
-30,8422
-25,8420
46,8419
43,8418
-19,8417
-100,8416
52,8415
-59,8414
-76,8413
-58,8412
11,8411
39,8410
-88,8409
8,8408
-95,8407
-66,8406
-10,8405
16,8403
31,8402
93,8401
46,8399
81,8396
21,8395
72,8394
16,8392
50,8391
95,8390
74,8389
99,8388
-85,8386
-49,8384
-4,8383
-76,8381
-53,8380
80,8379
-55,8378
58,8377
-49,8376
95,8371
89,8368
25,8367
86,8365
-40,8364
-56,8363
61,8361
-18,8360
-11,8359
5,8358
61,8357
-82,8356
85,8355
45,8354
-76,8352
97,8349
-36,8348
-50,8346
56,8344
14,8342
13,8340
-26,8338
99,8337
37,8335
-89,8334
-37,8333
24,8331
87,8330
-94,8328
37,8327
-5,8326
93,8325
20,8323
15,8322
-40,8321
80,8319
-77,8318
-47,8317
100,8316
54,8315
-46,8314
23,8313
-92,8312
-64,8311
11,8310
86,8309
-5,8307
-59,8306
2,8305
-14,8304
-4,8303
-61,8302
56,8301
78,8300
-32,8299
-64,8298
90,8297
65,8296
8,8295
-64,8293
-32,8292
6,8291
-25,8290
33,8289
68,8288
-10,8287
-65,8286
75,8285
-84,8284
-36,8283
-85,8282
-94,8281
32,8280
-38,8279
-28,8278
-72,8276
-39,8275
-69,8274
16,8273
-14,8272
61,8271
53,8268
68,8267
-47,8266
-22,8265
-64,8262
-43,8261
96,8260
-9,8259
-51,8258
62,8257
63,8256
58,8255
30,8254
-32,8253
13,8252
94,8251
-1,8250
81,8249
4,8246
-45,8245
-99,8242
-42,8241
54,8240
0,8239
-8,8238
64,8237
22,8235
97,8234
29,8233
13,8232
-61,8231
-57,8230
-47,8229
53,8228
-33,8226
-91,8225
70,8224
97,8223
94,8222
-22,8221
-56,8219
21,8218
20,8217
-68,8215
-89,8214
-19,8213
6,8212
-69,8211
-90,8208
58,8207
100,8206
-66,8205
43,8204
30,8203
-59,8202
-7,8201
33,8199
9,8194
-84,8190
-70,8189
78,8188
58,8187
49,8186
25,8185
72,8183
-85,8182
-53,8181
73,8180
-47,8179
-90,8178
-19,8177
-20,8176
7,8175
47,8173
-56,8172
-40,8171
-43,8169
-85,8168
98,8167
-49,8166
-26,8163
-82,8161
12,8160
36,8159
37,8158
3,8157
35,8155
72,8154
89,8153
31,8152
-50,8151
-97,8150
-71,8148
-28,8147
98,8146
2,8145
-15,8144
27,8141
28,8140
-40,8139
-42,8137
-55,8136
-56,8135
46,8134
6,8133
-54,8132
-73,8131
8,8130
-27,8128
-93,8127
2,8126
31,8125
23,8124
98,8123
-82,8122
-96,8120
-35,8119
-9,8118
51,8117
-27,8116
5,8115
-93,8114
87,8113
53,8112
60,8111
77,8110
-14,8108
-54,8107
34,8105
-69,8104
-92,8101
60,8100
-53,8098
-48,8097
39,8095
83,8094
32,8093
-56,8089
-83,8088
20,8087
27,8086
-3,8085
22,8082
-39,8081
-39,8080
22,8079
-46,8078
18,8076
97,8075
1,8074
43,8073
-60,8072
12,8071
-63,8068
-5,8067
48,8066
-99,8063
48,8061
58,8060
-17,8059
-96,8058
72,8057
4,8056
-80,8055
-36,8053
-94,8052
-52,8051
12,8050
83,8049
-47,8047
53,8044
0,8043
-45,8042
-82,8041
46,8039
-45,8038
-17,8037
-91,8035
-21,8034
-3,8033
-48,8031
-100,8030
-81,8029
-23,8028
-21,8026
-53,8025
40,8024
-11,8023
52,8022
-59,8021
-7,8020
-66,8019
-15,8015
37,8013
90,8012
9,8011
-40,8009
-52,8008
55,8006
87,8004
47,8003
-13,8002
-82,8001
45,8000
-94,7999
72,7998
26,7997
11,7996
79,7995
84,7994
74,7992
-71,7989
-79,7988
85,7987
12,7986
98,7984
-37,7982
16,7981
86,7980
7,7979
55,7978
-1,7976
-13,7975
-35,7974
-51,7973
95,7972
-99,7971
16,7970
-21,7968
-93,7967
-35,7966
56,7965
-42,7964
-62,7963
37,7962
-93,7960
-94,7958
-60,7956
-21,7955
98,7954
-93,7953
7,7952
-47,7950
65,7949
80,7948
-14,7947
-18,7946
58,7945
-87,7944
51,7943
-80,7942
-25,7941
-85,7940
80,7939
-22,7938
48,7936
35,7935
24,7934
-80,7933
31,7932
-1,7930
3,7929
86,7928
-66,7927
-1,7926
-56,7925
78,7924
70,7923
48,7922
33,7921
87,7920
7,7919
71,7918
96,7916
-14,7911
74,7909
-16,7907
-18,7906
-74,7903
10,7901
-86,7900
68,7899
95,7898
-45,7897
-4,7896
-2,7895
-12,7893
-7,7892
12,7891
-42,7890
55,7889
-35,7888
-64,7887
85,7886
97,7885
66,7884
-21,7883
-4,7882
-38,7880
20,7877
-86,7876
-32,7875
-80,7874
-67,7873
54,7872
85,7871
-24,7869
83,7868
67,7865
96,7864
-19,7863
54,7862
5,7861
94,7860
63,7859
-52,7858
-61,7857
96,7856
12,7855
-8,7854
-63,7851
-26,7850
56,7849
-99,7848
-11,7846
-77,7845
30,7844
-27,7843
5,7842
41,7841
-24,7840
20,7837
-65,7836
86,7834
96,7833
-56,7832
15,7831
88,7829
90,7828
98,7827
55,7826
-45,7825
81,7824
16,7823
-18,7822
96,7821
-98,7820
89,7819
-82,7818
44,7817
-11,7816
90,7815
-79,7814
-59,7812
41,7811
65,7808
56,7807
-7,7806
53,7805
26,7804
53,7800
52,7799
-91,7798
3,7797
59,7796
-95,7794
-70,7793
-31,7792
45,7791
98,7790
17,7788
-85,7787
-63,7786
-100,7785
-53,7784
25,7783
-82,7782
91,7779
38,7778
42,7776
80,7775
-61,7774
9,7773
15,7772
-81,7770
-95,7767
-41,7766
-1,7765
9,7763
38,7760
14,7759
17,7758
-1,7756
-69,7755
-70,7754
65,7752
16,7750
-26,7749
77,7748
97,7745
58,7744
17,7741
60,7740
78,7737
32,7735
82,7734
-42,7733
34,7732
7,7731
-8,7730
-73,7729
57,7725
41,7724
-17,7723
-25,7722
69,7720
-34,7719
94,7718
96,7717
-91,7716
-57,7715
67,7713
-4,7711
-42,7710
94,7706
-44,7705
-16,7704
35,7700
25,7699
-1,7698
-38,7696
-50,7695
-46,7694
37,7691
33,7690
64,7689
-57,7688
13,7686
-89,7685
4,7683
34,7681
22,7680
35,7679
-84,7678
90,7677
12,7676
59,7675
63,7674
-25,7672
0,7671
34,7669
48,7668
24,7667
98,7666
-65,7665
-71,7664
96,7663
-10,7661
77,7660
61,7659
-31,7658
-43,7656
-78,7655
77,7652
16,7651
83,7649
-81,7648
28,7647
63,7646
-35,7645
28,7644
55,7643
-26,7642
-32,7641
86,7640
-24,7639
82,7638
16,7637
27,7636
-86,7635
86,7634
-11,7633
-66,7632
-56,7631
82,7630
20,7629
2,7628
-94,7626
-65,7624
-21,7623
89,7622
-78,7621
11,7620
37,7619
55,7618
-25,7617
-18,7615
39,7614
60,7613
24,7612
44,7611
75,7610
-91,7609
-45,7608
27,7607
4,7606
37,7605
-10,7604
-56,7603
43,7601
-48,7599
-33,7597
-72,7596
18,7595
-45,7593
21,7592
-33,7589
-77,7588
-6,7587
-51,7586
-84,7585
-87,7584
3,7583
-22,7582
-24,7580
57,7576
9,7575
-46,7574
69,7572
96,7571
-97,7568
-41,7565
7,7561
36,7560
-5,7559
-27,7558
72,7557
65,7556
-58,7555
1,7553
24,7552
-91,7551
98,7550
94,7549
10,7548
-67,7547
-70,7545
2,7542
42,7540
96,7539
-98,7538
-66,7536
-28,7535
-95,7534
8,7533
-98,7532
-4,7531
71,7530
-21,7528
-12,7527
38,7526
-51,7525
71,7523
-19,7521
-96,7520
-31,7518
-13,7516
-59,7515
-66,7513
-40,7512
41,7511
-76,7510
-93,7509
-61,7508
-40,7507
9,7506
76,7503
-98,7502
-13,7500
-96,7499
17,7497
60,7495
-3,7494
-43,7493
15,7492
-4,7491
45,7489
-25,7488
81,7487
68,7486
59,7485
-10,7484
27,7483
-70,7482
-77,7481
55,7480
86,7479
60,7478
98,7477
96,7474
45,7473
51,7472
-78,7471
-17,7470
-9,7469
-7,7467
-21,7466
-52,7465
42,7464
-2,7463
97,7462
21,7461
-57,7460
36,7457
-23,7456
19,7455
-21,7454
3,7453
76,7452
27,7451
-51,7450
34,7448
-19,7447
22,7446
47,7445
84,7444
-53,7443
94,7442
44,7441
-79,7440
30,7439
-14,7438
-31,7437
71,7436
-28,7434
-56,7433
84,7432
-95,7429
-57,7428
34,7427
-62,7426
82,7424
-69,7423
16,7422
-95,7421
25,7420
-47,7419
-92,7418
-22,7417
-39,7414
71,7413
-20,7412
-31,7411
31,7408
0,7407
-37,7406
74,7405
41,7404
31,7401
-58,7400
-60,7399
33,7396
64,7394
-73,7392
-79,7389
-61,7388
90,7387
96,7386
19,7385
-35,7383
-74,7382
-97,7380
-33,7379
-59,7377
-15,7376
-34,7375
3,7374
98,7372
86,7370
25,7369
-48,7368
-63,7367
-7,7366
-44,7365
29,7364
0,7363
80,7362
-65,7359
-42,7356
13,7354
35,7353
-82,7351
68,7348
-51,7346
-33,7345
60,7344
-73,7342
-58,7341
55,7339
36,7337
5,7336
-73,7332
-23,7331
4,7328
0,7327
-38,7326
-16,7325
76,7324
-37,7323
97,7322
-59,7320
-68,7319
7,7318
47,7315
84,7313
-64,7311
54,7307
11,7306
-83,7305
0,7304
-41,7303
-93,7302
24,7301
-86,7299
-35,7298
26,7297
-4,7295
-74,7294
-22,7291
-77,7290
-98,7288
19,7286
5,7285
60,7284
-3,7283
-26,7282
22,7281
-95,7280
54,7278
-82,7277
-14,7276
85,7275
80,7274
-11,7273
49,7272
20,7271
23,7270
42,7269
-20,7266
67,7263
6,7262
-66,7261
41,7260
31,7258
64,7257
45,7255
-25,7254
-22,7253
38,7252
-92,7251
-60,7250
-6,7248
-28,7247
46,7245
-41,7244
-32,7243
16,7241
98,7240
-86,7239
55,7238
94,7237
-73,7236
21,7235
-54,7234
13,7232
-10,7231
-26,7230
-88,7229
-1,7227
43,7226
-31,7224
-58,7223
61,7222
-41,7221
-81,7220
-34,7219
-41,7217
-15,7216
83,7215
-74,7214
-87,7212
-92,7211
96,7210
38,7209
-17,7208
-5,7207
-62,7206
-13,7205
95,7203
32,7202
-90,7201
18,7200
26,7199
12,7198
55,7197
65,7196
22,7193
7,7191
-46,7190
-59,7189
-96,7187
72,7186
68,7184
32,7183
62,7181
23,7180
89,7179
-76,7178
-79,7177
56,7175
-30,7173
-28,7172
67,7170
-56,7169
-16,7168
-12,7167
-100,7166
-70,7165
-45,7164
-65,7163
55,7162
30,7161
-60,7158
1,7157
-5,7156
45,7154
-48,7153
-25,7152
-24,7151
81,7149
-19,7148
51,7147
-1,7146
-67,7145
79,7144
86,7143
51,7140
15,7139
-31,7138
35,7137
-16,7135
-14,7133
-47,7132
-15,7131
-32,7130
36,7129
-8,7128
14,7126
24,7125
76,7124
69,7123
-23,7122
12,7121
4,7120
-79,7117
-38,7116
-17,7115
75,7114
-34,7113
-85,7112
7,7111
4,7109
55,7108
-46,7107
42,7104
-29,7102
-53,7101
15,7100
33,7099
60,7098
-67,7097
-55,7096
-18,7095
6,7094
94,7093
-65,7092
-68,7090
-52,7089
-95,7088
-83,7086
61,7084
-88,7083
-56,7082
38,7081
-47,7080
-75,7079
-39,7077
5,7076
10,7075
-88,7074
59,7073
77,7071
31,7069
-7,7068
-25,7065
-93,7064
-31,7063
82,7062
58,7061
-28,7059
44,7058
-54,7057
65,7056
32,7055
12,7052
-51,7051
14,7050
77,7049
84,7048
-12,7047
38,7046
48,7045
-95,7044
-19,7043
-92,7042
29,7041
96,7040
-13,7039
23,7038
13,7037
38,7036
10,7035
20,7033
49,7032
-21,7031
-14,7030
-10,7029
3,7028
-74,7027
-56,7026
-1,7025
-36,7024
-80,7022
-48,7021
26,7020
-56,7018
-98,7017
-34,7016
9,7014
83,7012
-57,7011
59,7010
-87,7009
33,7007
62,7006
10,7005
15,7004
80,7003
42,6999
-73,6998
68,6997
63,6996
-50,6995
23,6994
14,6993
48,6992
22,6990
70,6988
71,6987
-59,6985
94,6984
98,6980
99,6979
46,6978
84,6977
5,6976
-9,6974
82,6973
-74,6971
94,6970
10,6969
-17,6968
-95,6967
-95,6966
39,6962
80,6960
-42,6959
44,6958
-50,6955
-72,6954
-22,6953
-75,6952
-9,6950
85,6949
-45,6948
1,6947
72,6946
91,6945
53,6943
-76,6940
-99,6938
49,6937
-43,6936
-8,6933
5,6932
-89,6931
-28,6930
68,6929
70,6928
-64,6927
-87,6925
47,6924
51,6923
-93,6922
31,6921
70,6920
15,6919
52,6918
53,6917
97,6916
24,6915
92,6912
-71,6911
-75,6910
91,6906
45,6905
55,6904
28,6902
81,6901
47,6899
36,6898
82,6897
-76,6896
8,6895
-56,6894
-2,6892
-47,6891
-42,6890
-50,6889
-18,6888
55,6887
-11,6886
91,6884
97,6883
-10,6881
-20,6880
6,6879
98,6878
-90,6877
-50,6876
-67,6874
-52,6871
-22,6870
57,6867
-2,6865
-25,6864
-2,6863
99,6862
-73,6861
-1,6860
-6,6859
80,6858
-72,6857
59,6856
-72,6855
10,6853
60,6851
15,6850
-96,6848
71,6847
88,6846
16,6845
-11,6844
-12,6843
-63,6842
86,6840
37,6839
94,6838
73,6837
76,6836
95,6835
-83,6834
89,6833
-14,6832
51,6831
-51,6829
-96,6828
-2,6827
61,6826
-22,6825
11,6824
68,6823
-36,6822
-44,6821
53,6820
-56,6817
-81,6816
83,6813
-50,6809
-60,6807
-68,6806
16,6805
77,6802
-41,6801
49,6799
83,6797
-25,6796
93,6794
-70,6793
-20,6792
23,6791
59,6789
17,6788
-25,6786
25,6785
-76,6784
98,6782
-25,6781
-25,6780
-56,6779
-42,6778
-93,6777
71,6776
-13,6774
21,6772
-87,6771
-84,6770
-95,6769
6,6768
68,6767
-43,6766
-69,6765
93,6764
-79,6762
-47,6761
-26,6760
-61,6757
34,6756
-81,6755
70,6754
-60,6751
22,6750
68,6749
2,6747
-54,6746
-13,6745
54,6744
47,6743
4,6742
-97,6741
-47,6740
61,6739
-96,6738
-99,6734
-57,6733
-65,6732
20,6731
-94,6730
56,6728
60,6727
43,6724
-81,6723
-42,6722
-44,6721
79,6718
-61,6717
54,6716
34,6715
30,6713
42,6712
-70,6711
13,6710
-51,6708
19,6707
-77,6705
-67,6703
66,6702
-92,6699
-49,6698
-30,6697
-97,6695
21,6694
-10,6693
74,6692
1,6690
70,6689
-49,6687
97,6686
69,6685
-78,6684
-49,6683
-42,6678
65,6675
-35,6674
-7,6673
-26,6671
69,6670
7,6669
-35,6668
-61,6667
94,6666
100,6665
-36,6664
0,6663
45,6662
43,6661
-82,6660
-89,6659
66,6658
-84,6657
-37,6656
60,6655
-2,6653
40,6652
88,6651
-38,6650
-29,6648
-84,6646
-83,6645
3,6644
-48,6643
78,6638
-74,6637
70,6636
30,6635
39,6634
-76,6633
28,6632
51,6631
-90,6630
-6,6629
74,6628
-5,6627
22,6626
-78,6625
29,6624
74,6623
-16,6622
-41,6620
84,6619
-29,6618
84,6617
-95,6616
-14,6614
-32,6613
-18,6610
-1,6608
-72,6607
-16,6606
29,6604
-50,6602
89,6601
85,6599
-83,6598
74,6597
42,6596
19,6595
69,6594
-61,6593
45,6591
76,6590
76,6589
81,6588
-98,6587
1,6586
21,6585
-64,6584
-97,6583
-100,6582
-30,6580
-45,6578
78,6577
79,6576
73,6575
53,6574
-74,6571
46,6569
59,6568
5,6567
88,6566
-1,6564
0,6563
60,6562
-95,6561
29,6560
-92,6559
-71,6557
14,6554
76,6553
56,6552
55,6551
-4,6550
75,6549
49,6547
-7,6546
73,6545
-27,6544
-90,6543
30,6541
90,6540
-1,6537
38,6536
11,6534
51,6533
62,6531
58,6530
-78,6529
-35,6528
11,6527
99,6526
89,6525
32,6523
-9,6522
-36,6521
-34,6518
-46,6517
28,6514
-19,6513
-4,6512
0,6511
97,6510
-85,6509
-37,6508
4,6506
-54,6505
11,6503
-18,6500
24,6499
13,6498
6,6495
68,6494
39,6493
44,6492
-42,6491
-95,6490
-26,6489
-40,6487
-35,6484
13,6483
76,6482
-1,6478
-9,6476
62,6473
31,6472
-3,6467
-7,6466
-15,6461
-99,6460
-72,6459
-26,6458
53,6457
70,6456
-74,6454
15,6453
81,6452
-85,6451
-49,6450
27,6449
-15,6447
-29,6446
74,6445
58,6444
15,6443
88,6442
15,6441
-58,6440
-60,6439
73,6438
66,6437
-99,6436
-64,6435
-51,6434
8,6433
34,6432
-42,6430
-65,6429
-39,6428
88,6425
-32,6424
-49,6423
30,6422
-41,6421
75,6420
52,6419
100,6418
-27,6414
22,6411
0,6410
74,6409
50,6408
-67,6407
-34,6406
56,6404
-44,6402
-89,6401
-28,6399
69,6398
-76,6397
53,6396
42,6392
-99,6389
-47,6388
-79,6387
-84,6386
88,6385
-78,6384
-2,6383
-22,6382
-95,6381
-94,6380
-51,6376
65,6375
16,6373
-5,6372
-21,6371
-9,6368
80,6367
-75,6366
-51,6365
-62,6363
-5,6362
85,6361
-23,6358
-43,6357
-45,6356
82,6355
43,6354
64,6353
-71,6352
-99,6351
-77,6350
97,6347
64,6345
-23,6344
-67,6342
-60,6341
-66,6340
91,6339
39,6338
-42,6337
35,6336
-22,6334
-20,6333
15,6332
100,6330
42,6329
24,6328
25,6327
-57,6326
-16,6324
-56,6322
92,6321
-77,6320
27,6318
27,6317
71,6316
-15,6315
-94,6312
-75,6311
85,6310
-31,6309
25,6307
-4,6306
47,6305
-15,6304
-86,6303
-93,6302
2,6301
-22,6300
-76,6299
4,6298
-10,6297
-31,6296
-100,6294
84,6293
-96,6291
-53,6290
-49,6289
-16,6286
57,6285
-34,6284
6,6282
-73,6280
16,6278
-82,6277
-16,6275
-2,6274
39,6273
-41,6272
-85,6271
-11,6269
-4,6267
-59,6266
-11,6265
-10,6264
12,6263
87,6262
-55,6260
91,6258
25,6257
99,6256
-11,6254
-21,6253
-99,6252
30,6251
29,6249
-56,6248
59,6247
-5,6246
29,6245
-22,6244
20,6243
70,6242
-92,6240
81,6239
44,6237
8,6236
-39,6235
72,6233
-96,6232
84,6230
50,6228
10,6227
65,6226
-80,6225
33,6223
95,6221
-85,6220
-61,6219
77,6218
94,6217
-29,6216
63,6215
31,6214
48,6213
-85,6211
-48,6210
62,6209
-11,6208
66,6207
74,6206
17,6205
92,6203
30,6202
37,6201
-27,6200
7,6198
36,6197
58,6196
53,6195
-87,6194
-5,6193
78,6192
-26,6191
43,6190
31,6189
27,6188
87,6187
-68,6185
6,6184
15,6182
-59,6181
-83,6180
-51,6179
-67,6178
99,6177
-11,6176
-93,6174
-29,6173
-26,6172
-44,6171
-65,6170
-48,6169
-70,6168
82,6167
63,6166
33,6164
63,6163
-81,6162
-36,6161
-44,6160
87,6159
-98,6158
50,6157
35,6156
-41,6155
-71,6154
-37,6153
-57,6152
-69,6151
-95,6150
60,6149
-30,6147
-44,6146
-83,6144
-77,6143
69,6142
47,6139
55,6137
-78,6136
-73,6135
-73,6134
6,6133
-84,6132
67,6131
86,6130
81,6129
34,6128
1,6127
27,6125
87,6123
93,6122
19,6118
92,6117
65,6116
13,6115
-44,6114
-33,6113
-11,6112
75,6110
-13,6109
36,6108
-43,6107
11,6106
-9,6105
53,6104
65,6103
-37,6101
43,6100
71,6099
-11,6097
47,6096
39,6095
5,6094
-20,6093
74,6092
53,6091
-21,6088
-45,6087
100,6086
-84,6085
36,6084
96,6083
99,6082
49,6081
-67,6080
-67,6079
-93,6076
78,6075
45,6074
-23,6073
-48,6072
93,6071
-84,6070
87,6069
52,6068
-58,6067
99,6066
68,6065
-17,6063
-65,6062
-76,6060
13,6058
-48,6057
-80,6056
-87,6055
48,6054
48,6053
-94,6052
-2,6051
58,6050
-42,6049
25,6047
-84,6044
65,6043
100,6041
58,6040
-41,6039
-91,6038
-78,6037
-68,6036
0,6034
68,6033
51,6032
93,6031
-29,6030
-63,6029
72,6028
85,6027
-93,6026
-90,6025
-10,6024
-53,6023
9,6022
-86,6021
-78,6020
-21,6018
-16,6017
50,6016
78,6013
-19,6012
56,6011
68,6010
-75,6009
-65,6008
-97,6007
97,6004
-26,6003
1,6002
63,6001
-79,6000
76,5999
-100,5997
-3,5995
17,5994
57,5992
4,5991
-86,5990
-11,5989
-6,5987
-79,5986
-70,5985
25,5984
92,5982
-2,5981
-87,5980
0,5977
53,5976
-12,5975
-100,5974
4,5973
14,5972
46,5970
76,5969
-89,5968
17,5967
84,5966
-38,5964
-29,5963
69,5962
-56,5961
-62,5960
-44,5957
-50,5956
-46,5955
82,5954
-94,5953
-2,5952
72,5950
60,5949
70,5948
52,5946
-70,5945
-43,5944
-2,5943
11,5942
51,5941
99,5940
57,5939
51,5937
-37,5936
92,5934
-53,5933
-61,5932
7,5931
98,5928
-85,5927
-40,5926
88,5925
87,5924
40,5923
-16,5922
37,5921
-54,5920
-80,5919
95,5916
-6,5914
-38,5912
-8,5910
-40,5909
59,5908
82,5907
51,5906
63,5905
94,5904
46,5902
-99,5901
-32,5900
99,5899
-6,5897
-40,5896
-59,5894
28,5892
-29,5891
68,5890
67,5889
-45,5888
48,5887
89,5885
5,5884
-8,5883
68,5881
73,5880
19,5879
74,5876
-42,5875
-20,5873
62,5872
54,5871
-64,5870
-8,5869
-48,5867
-46,5866
31,5865
65,5864
-15,5863
59,5862
90,5860
75,5859
-6,5858
-25,5857
-42,5856
26,5855
81,5854
43,5853
59,5852
-5,5851
63,5850
-4,5849
-75,5847
92,5846
68,5845
-51,5844
-72,5843
47,5842
18,5841
25,5839
70,5838
27,5837
-73,5836
44,5834
-93,5833
-72,5832
83,5831
9,5830
16,5829
88,5828
85,5827
63,5826
56,5825
22,5824
62,5823
-51,5822
97,5821
-17,5819
61,5818
-79,5816
-19,5815
36,5814
-49,5813
65,5812
84,5811
3,5810
93,5809
19,5808
6,5807
-71,5806
59,5805
-92,5804
-99,5802
33,5801
78,5800
-49,5799
-25,5798
44,5797
83,5796
9,5795
-83,5794
-6,5793
30,5792
42,5790
-69,5789
19,5788
-91,5787
-78,5786
75,5785
48,5783
64,5782
44,5781
-82,5780
-58,5779
-88,5778
48,5776
-98,5771
52,5767
81,5766
8,5762
70,5761
-94,5759
17,5758
-53,5757
17,5756
-54,5755
-33,5754
-40,5753
-99,5751
13,5750
-12,5749
86,5747
29,5746
45,5745
15,5742
-25,5741
-24,5739
43,5737
11,5735
-38,5734
-19,5732
59,5731
-90,5729
-21,5727
-3,5726
27,5725
-37,5724
-38,5723
-80,5722
-38,5721
95,5720
32,5719
94,5718
28,5716
-52,5715
-25,5714
-53,5713
32,5712
-19,5711
-69,5710
-5,5709
-31,5707
-2,5706
31,5704
21,5703
-69,5702
-28,5701
-10,5700
-59,5699
59,5698
-61,5697
5,5696
39,5695
-19,5694
-90,5693
26,5692
96,5691
66,5690
-24,5689
18,5688
-68,5687
-87,5686
-83,5685
-24,5683
-53,5682
29,5680
-88,5679
-83,5677
-4,5675
-90,5674
28,5673
79,5672
-7,5671
10,5670
-19,5669
1,5668
-10,5666
95,5665
-75,5664
60,5662
-74,5661
-2,5660
6,5659
43,5658
81,5657
-93,5656
57,5655
-89,5654
94,5652
-9,5649
78,5648
0,5646
-100,5645
2,5643
27,5641
52,5640
50,5636
79,5635
-28,5633
50,5632
81,5631
-13,5630
-30,5629
61,5628
91,5626
63,5624
39,5623
-80,5622
-82,5621
49,5619
-100,5615
-64,5614
-14,5613
39,5611
12,5610
-69,5609
-85,5608
21,5607
-84,5605
-54,5604
-58,5603
4,5601
-75,5598
-9,5597
-1,5596
13,5593
-5,5590
94,5583
-57,5582
19,5581
-91,5579
100,5577
40,5576
-52,5575
-55,5574
-79,5573
17,5572
-72,5571
30,5567
4,5566
-47,5565
80,5564
-4,5563
68,5562
-30,5561
11,5560
-85,5559
-12,5558
9,5557
-93,5556
35,5555
68,5554
66,5553
71,5552
36,5551
-40,5550
22,5549
-18,5548
53,5547
46,5546
54,5545
-87,5544
-85,5543
-97,5541
57,5540
28,5539
46,5538
-76,5535
48,5533
-2,5532
65,5531
97,5530
50,5529
29,5528
45,5527
-93,5526
-68,5525
-99,5524
12,5523
86,5522
22,5521
-92,5519
-11,5518
-94,5517
73,5516
74,5514
-83,5513
34,5511
64,5510
26,5509
24,5507
94,5506
65,5505
-45,5502
31,5501
64,5500
-29,5498
85,5497
81,5496
-31,5494
-49,5493
12,5491
-100,5490
18,5489
-76,5487
-95,5486
34,5485
-33,5484
-59,5483
69,5482
92,5480
75,5479
8,5477
-48,5475
70,5474
75,5473
-64,5471
95,5469
65,5468
-18,5466
58,5465
82,5463
14,5462
-79,5461
-9,5459
-99,5457
-73,5450
-29,5448
69,5447
45,5446
96,5445
-49,5444
-35,5443
-35,5442
10,5439
1,5438
6,5437
98,5436
37,5434
27,5433
36,5432
-72,5429
-45,5427
48,5426
65,5425
4,5423
79,5422
-44,5421
29,5420
2,5419
36,5417
29,5416
72,5415
34,5414
34,5413
11,5411
-13,5410
0,5408
-91,5407
-86,5406
-17,5405
14,5403
-75,5402
-74,5401
-81,5399
50,5398
24,5397
37,5396
11,5395
61,5394
79,5393
-98,5392
4,5391
-46,5390
23,5389
-58,5388
51,5387
-71,5386
31,5385
36,5383
37,5382
39,5381
22,5378
-18,5377
-58,5376
58,5375
-33,5372
-48,5370
22,5369
-66,5368
44,5367
-58,5366
-28,5365
46,5364
-43,5363
-92,5362
-55,5361
65,5360
-79,5359
68,5358
-34,5357
40,5356
17,5355
-52,5354
-29,5353
15,5352
39,5351
88,5349
16,5348
-93,5344
-34,5343
1,5341
21,5340
71,5338
3,5337
-92,5335
54,5334
75,5333
-33,5332
-2,5331
-7,5330
80,5329
13,5328
-32,5327
-86,5326
-2,5324
-8,5322
-3,5321
60,5320
6,5319
-61,5318
-84,5317
10,5316
95,5314
62,5312
59,5311
-19,5310
-46,5309
-89,5308
71,5306
-33,5305
-73,5304
-11,5303
18,5299
-83,5298
-55,5296
30,5295
-38,5293
93,5290
-22,5289
-38,5287
-57,5283
64,5282
50,5281
68,5280
46,5279
14,5278
10,5277
59,5276
99,5275
15,5273
95,5272
-32,5271
-71,5270
-81,5269
16,5268
33,5266
-43,5265
-39,5264
-4,5263
-26,5262
90,5261
84,5258
7,5257
78,5256
-6,5255
-30,5254
100,5253
68,5252
2,5251
-57,5249
49,5247
11,5246
-26,5245
84,5243
-74,5241
67,5240
-2,5239
51,5238
65,5236
-86,5234
41,5233
-63,5232
41,5230
72,5229
69,5228
-90,5227
-24,5225
78,5223
-18,5222
19,5221
-83,5220
-64,5219
47,5217
28,5215
-50,5214
10,5213
-89,5212
35,5211
63,5210
67,5208
53,5207
-84,5206
-63,5205
65,5204
-78,5202
-98,5201
-5,5200
-33,5199
-52,5198
32,5197
-23,5195
86,5193
-16,5191
64,5190
-11,5188
-61,5186
-85,5185
-63,5184
-6,5183
-48,5182
100,5179
-36,5178
91,5177
40,5176
22,5175
76,5174
45,5173
-19,5172
-65,5168
8,5167
86,5165
97,5164
73,5163
31,5162
5,5161
28,5160
93,5159
44,5158
31,5156
83,5155
-76,5153
-70,5152
-68,5151
-70,5150
51,5148
-74,5147
-10,5146
-36,5144
24,5143
-86,5142
-17,5141
89,5138
25,5137
-89,5136
-91,5135
16,5133
-84,5132
-78,5131
-26,5129
-59,5127
89,5126
-37,5125
66,5123
-46,5121
-53,5120
-77,5118
-6,5115
-34,5114
35,5113
-84,5112
35,5110
38,5109
-55,5105
62,5104
3,5103
27,5101
68,5100
-48,5099
25,5098
-53,5097
56,5096
-68,5094
-86,5093
-69,5092
-63,5090
92,5089
38,5088
-70,5087
-74,5085
91,5084
71,5082
-54,5080
-13,5078
67,5077
10,5075
92,5074
4,5073
74,5072
24,5069
-83,5068
76,5067
-19,5066
3,5064
36,5062
-79,5061
-29,5060
76,5059
-80,5058
20,5057
-29,5056
-24,5055
-42,5054
-93,5053
-26,5052
55,5050
-38,5048
-27,5047
-65,5046
80,5044
49,5043
-44,5042
6,5041
-15,5040
32,5036
77,5035
69,5034
35,5033
-42,5032
62,5031
72,5030
-5,5029
70,5028
-46,5027
20,5026
85,5025
-71,5023
43,5022
-13,5019
-21,5018
1,5017
-45,5016
-99,5014
20,5012
23,5010
25,5009
70,5007
-70,5006
-76,5005
8,5004
1,5003
83,5002
-5,5001
-52,5000
-16,4999
-1,4997
11,4996
18,4993
-38,4991
37,4990
57,4987
-66,4986
41,4985
43,4984
32,4983
-72,4982
30,4981
-60,4979
24,4977
-9,4976
-69,4975
-16,4974
-60,4972
89,4971
56,4970
-89,4969
-49,4967
55,4964
40,4963
19,4961
-66,4960
96,4959
-62,4958
-40,4957
-41,4954
-8,4953
-27,4952
-30,4950
54,4947
60,4946
-32,4944
23,4938
15,4937
-96,4934
-39,4933
91,4932
91,4931
-60,4930
97,4929
33,4928
-46,4927
80,4926
70,4925
-50,4923
-52,4922
-3,4921
9,4920
-19,4919
-48,4917
1,4916
82,4915
47,4914
-36,4913
-60,4911
-27,4910
-48,4908
38,4907
61,4906
-13,4905
-74,4904
13,4903
-36,4902
-26,4901
10,4899
24,4898
-32,4897
34,4893
39,4891
-73,4890
-39,4889
70,4887
89,4884
68,4883
-51,4882
-8,4881
-52,4880
-45,4879
-89,4878
-92,4876
24,4874
96,4873
76,4872
76,4871
74,4870
60,4869
23,4868
3,4867
83,4866
-57,4864
-31,4863
-59,4861
38,4859
9,4857
64,4856
-72,4854
-7,4853
69,4851
-61,4850
28,4849
-24,4848
-11,4847
16,4846
-2,4845
-38,4843
-95,4841
-54,4839
-41,4838
45,4836
-4,4834
21,4833
18,4832
-14,4830
95,4829
-72,4828
90,4827
58,4826
33,4825
-12,4823
-37,4822
78,4821
-70,4820
40,4819
44,4817
3,4816
-34,4815
92,4814
-60,4813
52,4812
65,4810
38,4809
23,4808
66,4806
11,4805
95,4803
-66,4801
30,4800
-29,4799
-17,4796
-76,4795
21,4792
72,4791
77,4790
-60,4789
-4,4788
-49,4786
-56,4784
30,4783
24,4782
-36,4781
81,4780
-22,4779
-55,4778
59,4777
69,4775
6,4774
-38,4773
52,4772
20,4771
21,4770
-65,4769
57,4768
5,4767
74,4765
-10,4764
6,4762
50,4760
-19,4758
78,4757
-40,4756
-77,4755
31,4754
-83,4752
-74,4751
-20,4750
-78,4749
81,4748
-11,4745
16,4744
-70,4743
-68,4742
65,4740
54,4739
-21,4737
42,4736
-88,4735
28,4734
-11,4733
8,4732
100,4729
-48,4728
5,4726
-92,4725
-81,4724
-98,4723
-56,4722
98,4720
70,4719
-94,4718
41,4717
33,4716
29,4715
77,4714
53,4713
95,4712
13,4709
13,4708
-45,4706
68,4705
-76,4704
24,4703
-9,4700
-19,4699
-83,4698
-49,4697
-56,4696
53,4695
33,4694
-19,4693
-99,4692
49,4691
74,4687
-88,4685
61,4684
25,4683
-60,4682
84,4681
-81,4680
-94,4678
-71,4677
76,4676
28,4675
-64,4673
-100,4672
-2,4671
32,4669
-73,4666
67,4662
35,4661
31,4660
68,4659
-9,4658
-8,4657
34,4656
-10,4655
-38,4654
-47,4653
19,4649
-53,4648
-9,4647
68,4646
-97,4645
84,4644
55,4642
-39,4641
11,4640
-24,4639
42,4637
-50,4636
-9,4634
-7,4633
-84,4631
-56,4630
-33,4629
-18,4628
15,4627
-79,4626
-15,4625
47,4624
89,4623
-22,4621
79,4620
100,4619
-88,4617
-95,4616
74,4614
2,4612
71,4611
-39,4610
-85,4609
33,4607
82,4606
70,4605
65,4604
-64,4603
-84,4601
83,4600
-43,4595
-36,4594
73,4593
85,4592
-75,4591
-100,4589
41,4587
63,4586
-57,4585
80,4583
86,4580
-78,4577
50,4574
-70,4570
80,4569
-55,4568
51,4567
-6,4566
-66,4565
12,4564
-90,4563
50,4560
78,4558
9,4557
-79,4556
57,4554
67,4552
39,4551
-98,4550
-18,4549
-63,4548
76,4547
-6,4546
2,4545
38,4544
-7,4543
80,4542
44,4540
-93,4538
-68,4537
17,4536
6,4535
-49,4534
83,4533
-41,4532
-38,4531
3,4530
29,4529
50,4528
-51,4527
13,4524
-85,4522
57,4520
-90,4518
-54,4516
-36,4515
-38,4514
-16,4513
-97,4511
-38,4509
97,4508
-80,4507
-51,4505
-19,4504
-75,4503
1,4502
67,4501
-99,4499
-19,4498
2,4496
-9,4492
-34,4491
-98,4490
20,4488
59,4487
41,4486
27,4485
49,4484
-96,4483
94,4482
-28,4481
-54,4480
-72,4479
41,4478
5,4477
33,4476
-55,4475
-41,4473
-84,4471
-58,4470
59,4469
-79,4467
80,4466
-56,4465
27,4464
-37,4463
-68,4461
-51,4460
64,4459
33,4458
62,4457
-59,4456
41,4454
-28,4453
-11,4452
-4,4451
-81,4450
8,4448
-96,4446
-30,4444
45,4443
17,4442
-87,4441
44,4440
6,4439
-55,4437
-27,4436
-91,4435
21,4434
-51,4433
-1,4432
-9,4431
-59,4429
-22,4428
87,4425
13,4423
-37,4422
-74,4421
26,4420
-98,4419
-45,4418
91,4417
-7,4416
-49,4415
21,4414
15,4413
-61,4412
55,4411
91,4410
13,4409
-53,4408
7,4406
69,4405
-50,4403
-99,4402
-92,4401
98,4400
-3,4399
-14,4398
-70,4397
-1,4396
65,4393
78,4392
-22,4391
-91,4390
3,4386
-37,4385
-60,4384
78,4383
88,4382
29,4380
-14,4379
-46,4378
-61,4377
-92,4375
-13,4374
10,4373
-39,4372
26,4371
-49,4369
6,4367
18,4366
86,4365
-89,4364
35,4363
2,4361
-70,4359
0,4357
-87,4355
95,4354
76,4353
34,4352
15,4350
16,4349
30,4348
-83,4347
-27,4346
-64,4345
-36,4343
-66,4342
-75,4341
63,4339
-57,4338
-84,4337
83,4335
49,4334
-83,4333
-18,4331
61,4330
-84,4329
6,4328
-98,4326
95,4325
38,4324
-80,4323
-84,4320
-53,4319
-11,4318
-94,4317
-70,4316
-95,4315
-43,4314
-13,4313
-12,4312
21,4311
-97,4310
-94,4309
20,4308
-81,4307
63,4305
0,4304
-5,4303
-52,4302
82,4301
-90,4300
89,4299
83,4298
-49,4297
-34,4296
-33,4295
-20,4294
-64,4293
-57,4292
31,4289
-97,4288
97,4285
-46,4284
97,4283
52,4282
-44,4281
73,4279
82,4278
95,4277
85,4274
65,4273
53,4272
-29,4271
-30,4269
-85,4268
97,4267
59,4266
50,4265
-12,4264
71,4263
60,4262
-54,4261
45,4260
88,4259
30,4258
89,4256
-58,4255
-88,4254
-17,4253
-57,4252
1,4249
5,4247
-34,4246
-41,4245
-63,4244
-32,4243
63,4242
0,4241
22,4240
-31,4239
-82,4238
30,4236
-28,4235
5,4234
47,4232
37,4231
-89,4230
30,4228
-16,4227
-63,4226
43,4225
-87,4224
-3,4223
-47,4222
32,4221
89,4220
-32,4219
-42,4218
92,4217
-4,4216
-94,4215
12,4214
52,4213
53,4212
83,4211
38,4210
24,4209
53,4206
57,4204
33,4202
82,4201
-66,4196
-61,4195
13,4193
-2,4192
-50,4191
-23,4187
-16,4186
-65,4185
63,4184
91,4183
-45,4182
-63,4181
-17,4180
22,4179
-92,4177
66,4175
-11,4173
80,4172
-35,4171
79,4170
59,4168
-28,4167
-32,4166
90,4165
-16,4164
69,4163
-24,4162
15,4161
-37,4160
-17,4158
-21,4157
79,4156
54,4155
21,4154
-49,4153
-80,4151
-57,4150
46,4149
32,4148
40,4147
56,4145
54,4144
-14,4143
-77,4139
45,4138
49,4137
-67,4136
81,4132
9,4131
-20,4130
-36,4129
20,4128
57,4125
34,4124
-68,4123
56,4122
-46,4120
-36,4119
67,4118
-9,4117
22,4116
2,4115
-98,4114
-40,4113
81,4112
38,4111
-65,4110
-36,4109
38,4108
14,4107
81,4106
88,4105
-65,4104
100,4103
78,4101
-87,4100
-27,4099
-33,4097
-61,4096
-100,4095
-87,4094
-62,4093
-66,4091
35,4089
-19,4088
-73,4087
53,4086
92,4084
-62,4082
23,4081
-88,4080
-63,4079
61,4077
14,4076
-58,4075
30,4072
90,4071
-42,4070
99,4068
-84,4067
-33,4065
83,4064
-51,4063
80,4062
6,4061
-67,4060
50,4059
-51,4058
-58,4056
4,4055
-100,4054
80,4053
82,4052
74,4051
-62,4050
-80,4049
-45,4047
-98,4046
-14,4045
-2,4044
-16,4043
43,4040
47,4039
54,4038
32,4037
26,4036
-81,4035
72,4034
-53,4032
-23,4030
-91,4029
-83,4027
77,4025
-29,4023
-19,4022
41,4021
21,4020
-46,4019
-43,4017
-22,4016
-19,4015
90,4014
-1,4013
20,4012
4,4011
-69,4010
-69,4009
16,4008
-89,4007
-37,4006
69,4005
9,4004
-41,4003
-17,4002
-58,4001
13,3999
-68,3998
-12,3997
-92,3996
73,3995
31,3994
-99,3992
-80,3991
86,3990
-37,3987
53,3986
-94,3985
27,3984
67,3983
26,3982
77,3981
34,3979
97,3978
-8,3977
40,3976
27,3974
61,3973
-35,3972
55,3971
24,3970
-44,3968
81,3965
85,3964
95,3963
34,3959
72,3958
-86,3956
-96,3955
-87,3954
-25,3953
-10,3952
82,3950
44,3949
74,3948
-68,3947
-64,3946
-50,3945
39,3944
7,3943
81,3942
75,3941
-43,3940
-58,3936
-13,3935
-82,3934
69,3933
92,3932
-53,3931
-54,3930
-99,3929
16,3927
78,3925
-51,3924
21,3923
-4,3922
95,3921
35,3920
75,3919
-88,3918
-60,3915
35,3914
98,3912
94,3911
6,3910
-46,3908
-64,3907
-18,3906
-51,3905
-24,3903
-50,3900
14,3899
-7,3896
60,3895
34,3894
32,3893
43,3892
-85,3891
91,3890
78,3889
22,3887
37,3886
12,3885
-34,3883
87,3882
-74,3881
-19,3879
54,3878
28,3877
72,3876
-77,3875
98,3874
-80,3873
24,3872
-44,3871
61,3869
-59,3868
-3,3867
-67,3866
50,3865
-83,3864
24,3862
48,3861
-9,3860
55,3859
-25,3857
-31,3856
-50,3855
32,3854
20,3852
49,3851
-80,3850
90,3849
-20,3848
-46,3847
67,3846
0,3845
79,3844
34,3843
51,3842
-32,3841
-30,3840
7,3839
93,3838
-11,3835
92,3832
-33,3831
-39,3829
-47,3828
-98,3827
58,3825
-97,3824
52,3823
36,3822
36,3821
-82,3820
72,3818
-29,3817
-99,3816
-52,3815
-55,3813
68,3812
-35,3811
-26,3810
-79,3808
-33,3807
-23,3806
70,3805
95,3804
-35,3803
53,3801
-94,3800
-98,3799
-74,3798
26,3797
-83,3796
-59,3795
-71,3793
-81,3792
16,3791
-38,3790
-19,3789
74,3785
16,3784
-17,3782
86,3781
50,3780
-71,3779
89,3778
39,3777
-89,3775
27,3774
-42,3773
35,3772
-81,3770
70,3769
-11,3768
-41,3767
-92,3766
98,3765
-99,3764
65,3762
23,3761
-56,3760
88,3759
-10,3756
-17,3755
70,3754
-25,3753
57,3751
100,3750
39,3749
49,3748
-48,3747
87,3744
-67,3742
-15,3741
79,3739
28,3736
-34,3735
-62,3734
-10,3731
-32,3730
90,3729
37,3727
-51,3726
-13,3724
7,3723
-97,3721
82,3720
-24,3719
-41,3716
100,3715
36,3714
-19,3713
47,3711
41,3710
-16,3708
54,3707
25,3706
66,3705
57,3704
-91,3703
15,3702
34,3700
-25,3699
-60,3698
32,3697
-53,3696
-49,3695
35,3693
36,3692
91,3691
-44,3689
-14,3687
-89,3686
-88,3685
14,3684
-12,3683
-61,3682
49,3681
27,3680
54,3679
-80,3677
-9,3676
-66,3675
-30,3673
47,3672
75,3671
89,3670
-72,3669
50,3668
68,3667
-89,3666
75,3663
47,3662
-70,3661
-100,3660
6,3658
-42,3656
-94,3655
64,3654
15,3652
-65,3651
59,3649
14,3648
-63,3647
-56,3646
-13,3645
69,3644
56,3643
-80,3641
-25,3640
36,3639
16,3637
-17,3636
90,3634
80,3633
-85,3631
-100,3629
87,3627
-83,3626
-29,3625
37,3624
55,3623
-13,3619
-44,3618
-59,3617
-41,3616
-93,3614
-55,3613
76,3609
-72,3608
99,3607
-58,3606
-34,3604
57,3603
19,3602
55,3601
35,3600
-93,3599
25,3597
45,3596
-93,3595
-33,3594
12,3592
7,3591
-90,3590
-65,3589
-98,3588
-78,3587
-11,3586
-63,3585
31,3584
82,3582
-63,3581
94,3579
-69,3577
-48,3576
-35,3575
-48,3573
58,3572
32,3571
34,3569
76,3567
-47,3566
69,3565
-69,3564
58,3561
-8,3560
-11,3559
86,3557
17,3556
-6,3555
-29,3553
-3,3552
-74,3551
89,3550
30,3548
-66,3547
-56,3546
22,3545
9,3544
-39,3543
49,3542
13,3541
63,3540
76,3535
-97,3534
49,3533
62,3532
100,3531
46,3530
-39,3529
31,3528
-24,3527
-78,3526
10,3524
-30,3523
-63,3522
93,3519
-44,3517
-46,3516
30,3515
-53,3511
38,3510
-25,3508
-10,3507
-5,3506
-81,3505
47,3504
42,3503
-94,3502
90,3501
-10,3500
-82,3499
87,3498
78,3497
-60,3495
39,3494
93,3491
42,3490
-76,3487
-78,3484
-33,3481
-75,3479
55,3478
33,3477
-54,3474
-67,3473
29,3472
-8,3471
-89,3470
55,3467
-75,3466
-51,3464
30,3463
-44,3461
0,3459
56,3458
79,3457
0,3455
-63,3454
47,3453
23,3452
17,3451
29,3450
24,3449
67,3448
8,3445
-81,3444
-6,3441
16,3440
28,3439
-66,3438
97,3437
-66,3435
-85,3434
5,3433
-98,3432
-46,3431
-82,3429
15,3427
-84,3426
64,3425
-39,3423
-100,3422
-44,3420
45,3419
-35,3418
57,3416
-19,3414
21,3413
-48,3412
-39,3411
19,3409
71,3408
-23,3407
-63,3406
14,3405
87,3403
-60,3402
-38,3397
-93,3396
-21,3395
-24,3392
10,3391
25,3389
12,3388
11,3387
-18,3386
84,3385
-6,3384
31,3383
-45,3382
-73,3381
5,3380
-2,3379
14,3378
-90,3377
8,3376
-88,3375
-74,3374
69,3373
68,3372
-26,3371
-29,3370
-47,3368
-64,3367
22,3366
77,3364
69,3363
-62,3362
81,3361
-11,3359
-33,3358
59,3356
-72,3355
-60,3354
-35,3353
63,3352
50,3351
25,3350
97,3348
60,3347
-58,3346
9,3345
13,3341
-55,3340
-19,3339
-94,3338
-56,3337
-53,3336
-41,3335
-90,3334
-40,3333
21,3332
68,3331
96,3330
-35,3327
25,3326
56,3325
59,3324
-100,3323
97,3322
-16,3321
58,3320
29,3319
-39,3317
-56,3316
-48,3315
20,3314
-47,3313
-63,3312
-11,3311
-79,3309
-41,3308
-55,3307
87,3306
87,3305
100,3304
-99,3303
23,3302
-83,3301
-13,3299
-60,3296
-48,3293
74,3292
53,3291
-97,3289
43,3288
-94,3287
-68,3285
20,3284
-76,3281
71,3280
-49,3279
48,3278
2,3277
82,3275
66,3274
55,3271
87,3270
-85,3269
-61,3267
47,3264
12,3263
20,3261
97,3260
47,3259
-84,3258
-83,3257
49,3254
-88,3253
-77,3252
55,3250
-13,3247
-41,3246
61,3245
45,3244
-64,3243
-24,3242
-24,3241
-69,3239
23,3238
-64,3237
100,3236
20,3235
-65,3234
-63,3233
11,3232
67,3230
40,3229
24,3227
1,3225
-63,3224
70,3223
50,3222
-88,3221
32,3220
16,3219
41,3218
-82,3217
81,3215
14,3214
-63,3212
56,3211
36,3210
31,3208
13,3207
81,3206
-16,3205
82,3202
31,3201
-76,3200
2,3198
78,3197
-76,3196
96,3195
-23,3193
-83,3192
-1,3191
96,3190
30,3189
-80,3188
-100,3185
2,3183
-88,3182
-37,3181
-84,3180
88,3178
57,3177
1,3176
-70,3175
84,3173
59,3172
-67,3171
-93,3170
-23,3169
-2,3168
-12,3167
-11,3166
45,3165
51,3164
-17,3163
-82,3162
-85,3161
31,3160
40,3159
40,3157
-6,3156
31,3155
-67,3154
47,3153
-7,3151
-98,3149
-6,3147
-15,3145
-27,3144
37,3142
-45,3140
-25,3139
97,3138
24,3137
100,3136
81,3134
0,3133
-97,3132
-32,3131
-88,3129
-30,3128
-46,3127
-43,3126
-47,3124
-91,3123
51,3120
-1,3119
-92,3118
46,3117
56,3116
6,3115
15,3114
-65,3113
59,3112
57,3110
-59,3109
-44,3108
17,3107
63,3106
-97,3105
25,3104
84,3103
43,3102
-77,3101
3,3100
98,3099
13,3096
-82,3095
-15,3094
91,3091
18,3090
-27,3089
78,3088
-63,3087
100,3086
-49,3085
-59,3084
-59,3083
50,3082
94,3080
-44,3078
56,3077
82,3076
-71,3075
-97,3074
79,3072
68,3069
-95,3068
65,3067
-72,3066
41,3065
-47,3064
-43,3062
-82,3061
25,3060
-18,3057
36,3056
-20,3055
12,3054
-26,3053
-14,3052
95,3051
-16,3050
67,3049
-61,3048
-72,3047
80,3044
100,3043
-22,3042
4,3041
0,3038
10,3037
94,3036
97,3035
39,3034
1,3032
-86,3031
3,3030
10,3029
71,3028
-88,3027
-38,3026
41,3025
45,3024
54,3023
-26,3022
15,3021
-57,3020
-20,3019
47,3018
76,3015
97,3014
-56,3013
100,3012
-21,3011
-7,3009
58,3008
52,3005
-3,3004
-4,3003
50,3002
-11,3001
-93,3000
-51,2999
4,2998
61,2997
9,2995
-45,2994
-72,2993
90,2992
-37,2991
37,2990
14,2988
38,2984
-71,2982
47,2981
-51,2980
18,2978
40,2975
-92,2974
83,2973
-55,2972
71,2971
-28,2970
19,2969
-54,2967
-39,2966
21,2965
-3,2964
-57,2962
19,2961
-61,2960
-1,2959
-85,2958
-7,2957
-5,2955
4,2954
-76,2953
-79,2952
16,2950
-4,2947
11,2945
18,2943
17,2942
-74,2941
-55,2940
-33,2939
-14,2937
47,2936
-66,2935
-6,2934
80,2931
72,2930
-88,2929
91,2927
98,2926
79,2925
61,2923
6,2922
17,2921
30,2920
-61,2919
-32,2918
-62,2916
100,2915
14,2914
-48,2913
-36,2911
-32,2909
54,2908
-82,2907
-51,2906
-86,2905
-38,2904
-57,2902
-55,2901
-83,2899
10,2898
41,2897
25,2896
-13,2894
100,2893
-65,2892
-6,2891
-52,2890
38,2889
15,2888
35,2887
-93,2885
-73,2884
8,2883
-7,2880
12,2879
-45,2878
-57,2877
4,2875
-30,2874
-12,2873
-46,2871
43,2870
-67,2869
-66,2868
-73,2867
0,2866
-77,2864
100,2863
-29,2861
-23,2860
-91,2859
2,2858
-78,2857
0,2855
-4,2854
-28,2852
-32,2851
58,2849
20,2848
-33,2847
27,2845
31,2844
-14,2843
-84,2842
-46,2841
-8,2840
98,2838
-65,2837
90,2836
63,2835
64,2834
10,2833
31,2832
27,2831
-51,2830
-2,2829
5,2828
9,2827
40,2825
-22,2824
-50,2823
60,2822
28,2821
66,2820
22,2819
44,2818
73,2817
-72,2815
7,2814
33,2812
-64,2811
-30,2808
93,2807
5,2806
7,2803
-69,2802
99,2801
-52,2800
-80,2799
-96,2798
48,2797
-17,2796
78,2795
78,2794
-97,2793
-81,2792
41,2791
-13,2790
21,2789
7,2788
-21,2787
41,2785
60,2784
-19,2783
-52,2782
-53,2781
-82,2780
-16,2779
-82,2778
35,2777
8,2776
-8,2774
-64,2773
75,2771
36,2770
-72,2769
-83,2768
-95,2767
-81,2766
31,2765
13,2764
-14,2762
82,2761
68,2760
39,2759
-50,2758
-84,2757
49,2756
-21,2755
89,2754
-11,2753
-8,2752
-31,2751
-20,2750
53,2749
97,2748
93,2747
36,2746
23,2745
0,2742
-57,2741
72,2740
-41,2739
-21,2738
10,2737
18,2736
-41,2735
93,2733
-70,2732
58,2731
-31,2730
47,2727
58,2724
-93,2723
-65,2720
-88,2718
-50,2716
95,2715
-60,2713
32,2712
-51,2708
-42,2707
-81,2706
-40,2704
-32,2701
-6,2693
89,2692
-53,2691
32,2689
-13,2688
73,2687
-13,2686
76,2685
-77,2684
67,2683
-48,2682
38,2681
82,2680
-31,2679
35,2674
-26,2672
52,2671
84,2669
-99,2668
77,2665
-55,2664
-28,2663
85,2662
-75,2660
98,2659
51,2657
-2,2656
-90,2655
-43,2654
-33,2653
-18,2652
-97,2651
-14,2650
-51,2649
11,2647
-91,2646
-47,2644
23,2642
93,2641
32,2640
16,2639
29,2638
-7,2636
-3,2635
100,2634
72,2633
-46,2632
-54,2630
-31,2628
-98,2627
-42,2626
-49,2625
-40,2623
29,2622
-6,2621
79,2620
21,2619
-78,2617
74,2616
27,2615
29,2613
36,2612
-96,2610
-66,2609
-80,2608
-31,2607
24,2606
49,2604
70,2602
22,2600
22,2599
-54,2596
-9,2594
33,2592
-3,2591
-21,2589
-43,2588
84,2586
-2,2585
-85,2584
40,2583
-88,2581
-36,2580
-19,2579
-97,2578
-64,2576
73,2574
-19,2572
27,2570
8,2568
97,2567
-74,2566
-11,2565
44,2564
9,2563
-24,2562
-3,2560
62,2559
16,2558
2,2556
72,2555
-16,2554
43,2553
-18,2552
17,2551
27,2549
-41,2548
-37,2546
27,2545
70,2544
-64,2543
35,2542
16,2541
16,2540
-57,2539
15,2538
55,2537
-31,2536
-10,2534
47,2533
-99,2532
55,2531
28,2529
59,2527
63,2526
7,2525
51,2524
-49,2523
19,2522
-30,2521
-72,2520
56,2519
-75,2517
-50,2516
45,2515
92,2514
29,2513
-35,2512
-20,2511
34,2510
-63,2509
69,2506
90,2505
-70,2502
37,2501
-27,2500
48,2499
-54,2497
58,2495
-90,2494
-11,2493
38,2491
-28,2489
1,2488
-99,2486
61,2485
27,2484
1,2482
-20,2481
-38,2480
-16,2479
-40,2478
-33,2474
-43,2473
53,2472
-55,2471
13,2470
53,2469
-19,2468
50,2466
95,2465
66,2464
-26,2463
-49,2461
-1,2460
-88,2458
-89,2456
76,2455
14,2453
-5,2452
-4,2451
41,2450
29,2449
-37,2448
94,2447
21,2446
-43,2444
-81,2443
-23,2442
35,2441
7,2440
28,2439
86,2437
26,2436
80,2433
-62,2432
5,2431
17,2430
61,2429
28,2428
94,2427
-73,2426
49,2425
-63,2424
67,2422
-61,2421
44,2420
28,2419
45,2418
50,2417
-92,2415
-1,2411
-62,2410
-41,2409
-12,2406
-100,2404
88,2402
38,2401
50,2400
29,2399
80,2398
-2,2397
14,2396
83,2395
44,2394
-32,2393
-89,2392
-50,2391
-57,2388
-26,2387
59,2386
25,2385
-91,2383
-93,2382
27,2379
-66,2377
87,2376
94,2375
-70,2374
79,2373
23,2372
25,2371
-78,2370
-42,2367
13,2366
-70,2363
52,2362
-75,2361
39,2360
44,2359
82,2357
29,2355
-98,2354
31,2353
-34,2352
-14,2351
-12,2350
67,2349
60,2348
30,2347
46,2346
-40,2345
5,2344
-8,2343
-88,2341
48,2340
38,2339
-12,2338
-35,2337
-59,2336
0,2335
18,2334
-23,2333
-7,2332
-55,2331
20,2330
-97,2329
-18,2328
-48,2327
55,2326
-36,2325
-36,2324
84,2322
-73,2321
52,2320
3,2319
26,2317
14,2315
-14,2314
29,2311
-20,2309
-24,2308
-80,2307
-77,2306
15,2305
27,2304
24,2303
73,2302
22,2300
-57,2299
98,2298
-1,2297
-76,2296
-71,2295
63,2294
40,2293
18,2292
-61,2291
-31,2290
74,2289
51,2288
-49,2287
52,2285
43,2282
76,2277
-16,2276
24,2275
-66,2271
55,2270
37,2268
-8,2267
-99,2265
-90,2264
34,2262
-84,2259
99,2257
89,2254
-26,2252
54,2251
-45,2250
62,2249
-13,2248
-9,2247
5,2246
-30,2242
-78,2241
92,2240
-82,2239
-80,2237
-90,2236
83,2234
-98,2233
-53,2232
-4,2231
-41,2228
72,2227
-39,2226
-8,2225
58,2224
-85,2223
-74,2222
8,2221
92,2220
1,2219
-70,2218
99,2217
21,2215
-10,2214
-78,2213
-43,2212
70,2211
-48,2210
-7,2209
29,2208
14,2207
-74,2206
80,2205
17,2204
-93,2203
76,2202
49,2200
-10,2199
-87,2198
60,2197
94,2196
-53,2195
25,2194
25,2193
-91,2192
-35,2190
85,2188
-91,2186
85,2185
-13,2183
-54,2182
-4,2181
-38,2180
22,2179
75,2176
-35,2171
-61,2170
15,2168
-27,2167
-94,2165
-59,2164
-39,2163
32,2162
86,2161
62,2160
-95,2159
54,2158
-54,2156
6,2155
35,2154
35,2153
-17,2152
-70,2151
47,2150
-25,2149
68,2148
76,2147
-5,2146
55,2145
73,2144
-92,2143
89,2141
76,2140
39,2138
31,2137
24,2136
-11,2135
69,2134
-4,2133
82,2132
63,2130
7,2129
-33,2127
81,2126
-30,2125
-89,2124
-22,2122
39,2121
84,2118
-70,2117
-18,2116
18,2115
-3,2114
-9,2113
-63,2112
-30,2110
-38,2109
61,2107
5,2105
-41,2104
94,2103
44,2100
-77,2099
58,2097
45,2096
25,2094
13,2093
-59,2091
-95,2090
19,2089
40,2088
8,2087
-84,2086
66,2085
-19,2084
-83,2082
-2,2080
100,2079
-58,2078
-77,2077
-21,2076
-12,2075
45,2074
-52,2072
66,2071
66,2070
-50,2069
-12,2067
-62,2066
11,2065
-52,2064
96,2062
67,2060
94,2059
80,2058
22,2057
-50,2055
-2,2054
-83,2053
-22,2052
100,2050
95,2047
-100,2045
91,2043
77,2042
72,2041
77,2040
-94,2039
97,2038
-69,2037
67,2036
-49,2034
29,2033
54,2032
98,2029
40,2027
82,2025
87,2024
-73,2023
-64,2021
51,2020
90,2019
86,2018
-34,2017
72,2016
44,2015
-25,2014
43,2013
61,2012
-13,2010
-12,2009
93,2008
-57,2007
-16,2006
15,2005
48,2004
-38,2003
64,2001
33,1999
85,1996
-41,1995
61,1994
-22,1993
-91,1991
18,1989
5,1988
2,1987
-72,1985
-5,1984
12,1983
41,1982
-73,1981
1,1980
-3,1979
-12,1978
-97,1977
-90,1976
-95,1974
-13,1973
62,1972
97,1971
-39,1970
34,1969
76,1968
84,1966
-57,1965
-26,1964
0,1963
73,1962
74,1961
50,1960
-81,1959
-15,1958
-100,1957
73,1955
73,1954
-62,1952
-60,1951
81,1948
30,1946
-75,1943
-76,1942
-20,1941
14,1940
-77,1938
-13,1937
41,1936
-89,1935
59,1934
48,1933
15,1932
-63,1931
43,1930
35,1928
96,1927
57,1926
89,1925
-70,1924
-21,1922
-35,1921
-79,1920
79,1919
10,1917
44,1916
-27,1915
-92,1914
47,1913
-47,1912
-62,1911
26,1910
-78,1909
20,1908
54,1907
23,1905
96,1903
14,1902
68,1901
46,1900
-68,1899
43,1898
10,1897
-99,1896
-61,1895
45,1894
59,1893
-22,1892
-86,1891
-58,1890
70,1889
-1,1888
-71,1887
83,1886
-13,1885
-3,1884
-39,1883
46,1882
-89,1881
-37,1880
-34,1879
25,1878
58,1877
81,1876
-100,1875
34,1874
-71,1873
12,1872
61,1871
1,1870
-62,1867
-32,1866
93,1865
49,1864
-88,1863
-47,1861
62,1860
-31,1859
-44,1855
-1,1852
-76,1851
-47,1850
9,1849
27,1848
44,1847
-21,1846
25,1844
-70,1843
43,1842
67,1841
-82,1840
-33,1839
70,1838
3,1836
-77,1834
96,1833
18,1830
-67,1829
85,1828
65,1827
29,1826
-10,1825
67,1824
-76,1823
15,1819
14,1818
82,1816
-60,1815
-35,1813
-15,1812
62,1811
-48,1810
78,1809
-28,1807
19,1806
39,1805
63,1804
90,1803
-27,1802
91,1799
-88,1798
83,1797
-25,1796
-8,1795
60,1793
-12,1792
-32,1791
-92,1790
-84,1788
-21,1787
3,1784
48,1782
-18,1781
-21,1780
-63,1779
-90,1778
29,1777
13,1775
83,1774
27,1773
60,1772
-59,1771
36,1769
52,1768
52,1766
-73,1765
-92,1764
47,1762
4,1761
-70,1760
89,1759
6,1756
48,1755
21,1754
-19,1753
-40,1752
-55,1751
79,1750
-41,1748
-30,1747
-5,1746
50,1744
-7,1743
-83,1742
-44,1741
96,1740
-11,1739
81,1737
30,1735
78,1734
77,1733
81,1732
-6,1731
63,1730
59,1729
-96,1728
-94,1727
13,1726
-79,1725
40,1724
-50,1723
-14,1722
86,1721
84,1720
-43,1719
100,1718
-68,1715
-23,1714
-60,1713
-49,1712
5,1711
33,1709
-88,1708
-63,1707
-6,1706
-53,1705
24,1704
97,1703
69,1702
75,1700
5,1699
82,1697
57,1696
94,1694
-90,1693
28,1691
89,1690
77,1688
-77,1687
38,1686
67,1685
77,1684
28,1681
-32,1680
-18,1679
8,1678
44,1677
74,1676
-56,1675
37,1674
48,1673
46,1672
-82,1671
-11,1669
8,1668
-69,1667
-54,1665
52,1662
-3,1661
15,1660
-93,1658
34,1657
-16,1656
-14,1655
-83,1654
22,1653
65,1650
38,1649
86,1647
-56,1646
9,1645
15,1644
-85,1643
98,1642
-65,1639
77,1638
-53,1636
-16,1635
69,1634
90,1632
1,1630
-91,1629
55,1625
73,1624
-53,1623
48,1622
-63,1621
93,1620
-99,1619
-100,1617
-28,1616
-41,1615
23,1614
1,1613
-28,1612
-85,1610
74,1609
-71,1608
55,1607
-41,1606
67,1604
-23,1603
-38,1600
21,1599
-77,1598
-100,1597
-88,1596
-62,1594
-76,1592
-4,1591
82,1590
90,1589
-43,1588
33,1587
8,1586
52,1585
49,1584
66,1583
-61,1582
-53,1581
46,1580
-50,1577
-61,1576
48,1574
55,1573
59,1572
82,1570
96,1569
10,1568
-30,1567
-48,1566
-96,1563
80,1562
-90,1561
-36,1560
-10,1559
9,1558
-49,1557
-11,1556
62,1554
-60,1551
-32,1547
-7,1545
16,1544
47,1543
99,1542
-81,1541
38,1539
38,1538
89,1537
14,1536
46,1535
-4,1534
-77,1532
43,1530
-100,1529
-10,1528
-47,1527
-42,1526
-68,1524
-18,1520
26,1519
-56,1518
2,1517
-92,1516
-36,1515
-50,1514
44,1513
5,1512
12,1508
-35,1506
-34,1505
-56,1504
-34,1502
32,1501
-97,1500
74,1499
-1,1497
-96,1496
3,1494
5,1493
-54,1490
41,1489
86,1488
94,1486
42,1485
56,1484
-78,1483
64,1482
91,1480
-41,1479
-47,1477
-50,1476
92,1473
14,1471
-14,1470
-38,1469
-7,1466
93,1464
-25,1463
73,1462
-41,1456
93,1455
27,1454
-16,1453
49,1452
51,1451
-94,1450
74,1449
-14,1448
-29,1447
51,1446
51,1445
56,1443
20,1442
-62,1441
61,1439
17,1438
-67,1437
-12,1436
86,1435
8,1434
79,1432
82,1431
-46,1430
3,1429
-13,1427
74,1426
-53,1425
-81,1423
76,1421
-10,1420
94,1418
-66,1417
-50,1416
-99,1414
-25,1413
53,1412
76,1410
-62,1409
76,1408
-4,1407
92,1406
-20,1405
-93,1403
-87,1402
-10,1401
24,1400
-25,1399
47,1398
-13,1397
-41,1396
58,1394
-31,1393
64,1392
76,1391
46,1388
86,1387
-30,1386
66,1382
47,1381
68,1380
13,1379
-82,1378
69,1377
-69,1375
45,1373
-32,1372
44,1371
-76,1369
77,1367
41,1365
33,1364
16,1362
-95,1361
68,1359
-92,1358
85,1357
45,1356
89,1355
-18,1354
12,1353
88,1352
-1,1351
2,1350
-56,1349
19,1346
-84,1345
81,1343
80,1342
86,1340
-66,1339
78,1338
55,1337
-7,1336
61,1335
55,1334
-10,1333
-60,1332
-100,1331
85,1330
90,1329
34,1328
46,1327
18,1326
-36,1325
42,1324
-1,1323
4,1322
-67,1320
89,1318
-15,1317
47,1316
92,1315
2,1314
22,1313
58,1312
-61,1311
78,1310
-10,1309
21,1308
-36,1307
-81,1306
54,1305
-11,1304
-41,1301
-64,1300
-21,1299
-46,1298
52,1297
82,1296
-75,1294
-71,1293
7,1292
95,1291
7,1290
43,1289
-72,1287
52,1286
86,1285
-86,1283
-87,1282
18,1280
-13,1279
-31,1278
37,1277
80,1276
-34,1274
43,1273
-93,1272
99,1270
62,1269
59,1268
-90,1267
-75,1266
-96,1265
-86,1264
92,1263
73,1261
-84,1260
-82,1259
4,1258
-66,1256
-19,1255
-8,1254
-24,1253
-68,1252
-48,1251
-81,1250
55,1249
0,1248
-21,1247
93,1246
92,1245
94,1243
-70,1242
-78,1241
-61,1240
93,1239
-55,1238
64,1237
-67,1236
-73,1235
-90,1234
63,1231
27,1230
29,1229
-12,1228
31,1226
-39,1225
-4,1224
75,1223
7,1221
-37,1220
13,1218
49,1217
-75,1214
-26,1213
-2,1210
82,1209
-46,1208
-90,1207
-57,1206
35,1205
-59,1199
3,1198
30,1197
15,1196
-34,1195
-65,1194
47,1193
-24,1192
-17,1191
-55,1190
82,1189
73,1186
-71,1184
69,1182
51,1181
8,1180
-22,1179
-76,1178
-29,1177
67,1176
56,1174
-4,1173
-9,1171
-36,1170
63,1169
-50,1168
40,1167
69,1166
-89,1165
-47,1164
-80,1162
-61,1161
48,1160
-26,1159
-44,1158
-90,1157
-56,1156
-22,1155
-36,1154
-67,1153
54,1152
-3,1150
-23,1149
-75,1148
100,1147
-91,1144
9,1143
-2,1140
8,1139
78,1137
-15,1136
9,1135
92,1134
92,1133
-78,1132
63,1131
-10,1129
78,1128
100,1127
-89,1126
78,1125
-6,1124
-100,1123
-22,1122
60,1117
-31,1116
94,1114
-37,1113
-8,1112
5,1111
11,1109
-56,1107
-7,1105
65,1104
56,1102
91,1101
21,1099
40,1098
39,1097
14,1096
91,1095
17,1094
50,1091
9,1090
66,1088
-8,1087
-53,1086
-23,1085
-13,1084
-50,1083
22,1082
-63,1080
70,1079
22,1078
12,1077
76,1076
94,1074
-82,1073
-69,1072
43,1071
-50,1070
-56,1068
-100,1066
53,1064
-92,1063
-40,1062
49,1060
44,1059
-35,1058
-49,1057
-18,1056
-82,1053
-16,1052
-27,1050
48,1049
29,1048
47,1047
-34,1044
83,1043
74,1041
-71,1040
-26,1036
-90,1035
61,1034
36,1031
55,1030
96,1029
-70,1028
96,1027
-10,1025
5,1024
-31,1023
-69,1022
-100,1021
-8,1020
60,1016
-37,1014
18,1013
83,1012
-61,1011
-28,1010
-59,1009
-12,1008
-16,1007
-78,1006
23,1003
-51,1002
-84,999
-44,997
-100,996
58,995
-16,994
-86,993
31,991
90,990
-5,988
45,987
-15,986
58,985
-29,984
-74,983
-96,982
-68,980
63,979
69,978
-65,977
67,976
20,975
-98,974
-38,971
23,970
-25,969
83,968
-55,967
7,966
-87,965
-41,964
-35,962
-12,959
15,958
-51,957
0,956
-16,954
-24,953
-52,951
79,950
68,949
-66,947
-18,946
12,945
92,943
15,940
-10,939
-38,938
26,936
21,935
44,934
77,933
-22,932
-83,931
-54,930
8,929
-89,928
-61,926
-38,924
64,923
97,922
-1,921
24,920
98,918
-37,917
-78,916
-77,914
-72,913
-60,912
59,910
91,909
93,908
-30,906
44,903
16,902
63,901
-20,900
-75,899
81,897
28,896
26,895
-98,894
85,892
77,891
-21,890
-29,888
30,887
-31,886
35,882
-99,880
82,879
-81,878
97,877
48,876
81,874
30,872
-53,871
82,870
97,869
26,868
77,867
54,866
-59,864
-4,862
36,861
-10,860
-70,859
64,858
-79,857
78,856
6,854
-58,853
48,851
19,850
45,847
34,846
-3,845
25,844
40,843
-73,841
-53,840
-23,839
50,838
-52,836
-69,835
-95,834
-10,833
11,832
-33,830
-46,829
90,828
-2,827
-58,824
-60,823
-62,822
-23,820
6,819
43,818
-89,817
74,816
-41,815
-88,814
2,813
-97,810
92,808
-41,806
-81,805
80,803
-54,802
-50,801
-93,800
-98,799
0,798
-45,797
24,796
-29,795
87,794
-21,793
-47,792
25,791
55,790
73,789
-25,788
91,787
80,786
-46,784
-94,783
-56,781
99,780
14,778
-82,777
-75,775
-24,773
23,772
3,770
88,769
61,768
-56,767
84,766
7,765
-83,763
-15,761
98,759
-58,758
28,757
-43,756
81,755
55,754
31,753
-89,752
24,751
-62,750
42,749
-87,748
-75,747
-96,746
-67,745
-88,744
8,743
-60,742
39,741
-44,740
-16,738
39,737
30,736
67,735
-63,734
-47,731
86,730
22,729
36,725
82,723
66,722
-62,721
60,720
-41,719
-95,718
-54,716
-49,715
21,713
-19,712
43,710
-17,708
55,707
29,706
-83,704
-26,703
40,701
95,700
15,699
-39,698
-11,696
-3,695
39,694
-11,693
7,692
83,691
-62,690
66,689
-45,688
-30,687
-17,686
37,685
-68,684
-9,683
-70,682
0,680
7,679
-25,678
-72,677
9,676
-45,675
22,674
83,673
74,672
-60,671
-25,669
23,668
13,666
-9,665
-27,664
71,663
73,662
-97,661
-9,660
63,658
68,657
14,656
-8,654
62,652
-54,651
-68,650
91,649
77,647
-61,646
-45,644
50,643
-64,642
-22,641
16,640
-91,639
-24,637
-12,635
16,634
-66,632
-19,631
-51,630
50,628
-76,627
-73,626
-2,625
51,623
-98,622
98,621
-67,620
-47,618
-18,617
1,615
-38,614
-82,613
-66,612
68,611
-65,610
-85,609
-90,608
52,607
-11,606
63,605
-6,603
-65,601
-43,600
-92,599
-87,598
58,597
11,596
79,595
75,594
45,591
-95,589
69,588
-51,587
-99,586
47,585
-42,584
91,583
85,580
46,579
-65,576
-85,575
-44,574
60,573
90,572
15,571
-22,569
-52,568
-1,567
98,566
60,564
-97,563
6,560
-27,558
-37,555
56,554
87,553
22,552
88,551
-2,550
81,549
80,546
12,544
28,543
-42,542
-28,541
-28,538
76,536
-27,535
5,533
-15,531
55,530
-7,529
74,527
50,524
1,522
34,520
77,519
-22,518
53,517
90,516
59,515
9,514
47,513
-83,510
-7,509
8,508
6,507
43,506
-40,503
55,502
-76,501
-90,500
-43,499
89,496
-22,495
75,492
-2,491
-93,490
37,489
21,488
44,487
-69,486
97,485
82,484
79,482
-44,480
-7,478
43,476
68,474
51,472
-31,471
-49,470
-96,466
-50,465
-6,463
-87,462
82,460
2,458
66,457
35,454
82,451
9,449
-62,448
-2,447
76,446
-25,445
-16,444
67,443
-19,442
93,438
35,437
-90,436
-30,435
-33,434
7,432
33,431
-31,430
81,428
-1,427
-73,426
52,425
16,424
92,422
-19,421
6,420
-47,419
-14,418
-3,417
72,416
36,413
49,411
-39,407
-78,406
44,404
48,402
-93,401
4,400
-1,399
49,398
-22,396
27,394
-14,393
78,392
47,390
33,388
11,387
-75,386
80,384
28,383
66,382
-39,379
94,378
47,376
-25,375
-97,372
83,370
-49,369
-2,367
37,365
18,364
-96,361
84,360
-69,359
15,357
-83,356
-57,355
-90,354
73,353
78,350
68,349
60,348
56,345
-86,344
-2,343
-14,342
67,341
86,340
39,338
-11,337
-52,336
43,335
-89,334
-46,333
38,332
0,331
67,330
77,329
71,328
4,327
-84,326
71,325
-65,323
-3,322
-77,318
60,317
98,316
91,314
60,313
97,312
76,311
92,310
16,309
88,308
4,307
-54,306
-48,305
-22,304
-33,303
4,301
19,299
-31,296
-65,295
-51,294
-78,292
-88,291
-79,289
-14,286
3,284
34,283
-71,282
-14,280
21,278
25,277
-17,276
65,275
-26,274
-73,273
-37,272
35,271
-50,270
86,269
80,268
62,267
-32,266
-77,264
65,263
-88,262
-26,261
60,260
59,259
49,258
-94,257
61,256
92,255
90,252
25,251
22,249
-43,247
100,245
74,244
47,242
-93,241
34,239
6,238
-57,237
36,236
-99,235
-9,234
86,233
-80,232
13,231
-48,230
21,229
27,226
-97,224
-78,222
-32,221
83,219
59,218
84,214
-10,213
44,212
59,211
5,210
12,208
-51,207
70,206
86,205
-52,204
64,203
-69,202
62,200
-65,199
71,198
-79,197
-81,196
-50,194
-11,193
89,192
-36,190
96,189
-73,186
-48,185
-35,183
-94,182
-81,181
35,179
19,178
-37,176
18,175
-54,173
97,172
12,170
5,168
17,167
34,165
53,163
16,162
-35,161
65,160
78,159
11,157
63,156
-76,154
85,153
46,152
-36,151
47,150
26,149
5,148
75,147
-37,146
35,145
-79,144
27,142
-96,141
15,140
47,139
19,138
-60,137
78,134
79,132
-50,131
27,129
39,127
-91,126
6,125
97,124
65,122
0,121
58,120
33,119
61,118
67,116
15,115
12,114
81,113
50,111
-77,110
-9,109
-45,108
-25,105
73,104
-58,103
9,101
13,99
-99,98
75,97
-90,96
51,95
-17,94
-68,92
25,91
72,90
76,89
-72,88
33,86
93,85
44,84
-88,83
23,82
-66,81
38,80
55,79
-52,78
33,77
-61,76
-95,75
-21,74
-82,73
1,72
-98,69
48,67
2,66
37,65
-62,63
-28,61
39,60
67,57
-8,56
99,55
-89,54
-52,52
-13,50
84,49
-15,46
28,44
58,43
-58,42
-24,41
-51,40
82,39
87,38
-99,37
83,36
-69,35
-46,31
37,30
55,29
-95,28
-50,27
-64,26
-41,25
88,24
31,23
-97,22
26,21
-19,20
52,18
-42,17
-62,16
-87,11
-73,9
-15,8
43,7
-15,6
67,5
-40,4
3,3
-6,2
-44,1
-11,0
