-76,10000
69,9999
-33,9997
-58,9996
80,9995
51,9993
-83,9992
-3,9991
55,9990
-3,9989
-65,9988
65,9986
-47,9984
43,9982
81,9981
39,9979
80,9977
-58,9976
30,9975
-31,9973
-23,9972
41,9971
-20,9969
-48,9968
17,9967
-43,9966
57,9965
-92,9964
22,9963
-32,9962
76,9960
-35,9959
10,9958
-96,9957
84,9956
30,9955
-95,9950
-81,9949
-7,9948
-90,9946
73,9942
33,9941
93,9940
-95,9939
69,9937
-20,9936
-68,9935
-6,9934
-73,9932
9,9929
20,9928
-11,9927
-23,9926
-82,9925
27,9920
-2,9919
-16,9918
-49,9917
-20,9916
-86,9915
-10,9914
31,9913
-85,9912
-16,9909
-8,9908
70,9907
29,9906
10,9905
99,9904
2,9902
-36,9901
-61,9899
-34,9898
94,9897
-36,9896
-86,9895
55,9894
-84,9893
52,9892
28,9891
-7,9890
41,9888
74,9887
-64,9885
-75,9884
-77,9883
-24,9882
9,9881
27,9880
7,9879
-4,9878
53,9876
-33,9875
-77,9872
46,9871
16,9870
-82,9869
-5,9868
-28,9867
61,9866
-39,9865
-73,9863
74,9860
74,9859
38,9857
-54,9856
-83,9853
78,9852
-79,9851
91,9849
-28,9848
9,9846
100,9845
73,9844
-96,9843
-48,9842
89,9841
-39,9840
38,9839
-35,9838
-46,9834
-74,9833
-24,9832
10,9831
-67,9830
-64,9829
-84,9828
-57,9827
50,9826
9,9825
15,9823
-67,9822
-93,9820
41,9817
-51,9815
54,9812
98,9811
58,9810
48,9809
-16,9808
27,9806
15,9805
-64,9804
75,9803
-78,9802
90,9801
-9,9800
88,9799
5,9798
-7,9797
-47,9796
41,9795
-57,9794
71,9793
49,9792
69,9791
-94,9790
68,9789
-75,9788
-25,9787
-67,9786
32,9785
-97,9784
-41,9782
60,9780
-36,9779
-99,9778
80,9777
43,9776
75,9774
-20,9773
61,9772
-60,9771
57,9770
38,9768
-95,9766
26,9765
-27,9764
-66,9763
-34,9762
-86,9761
-49,9756
-11,9755
-86,9754
93,9751
-74,9749
-33,9748
-85,9747
-31,9746
-80,9745
-91,9744
54,9743
85,9742
44,9741
-8,9740
-15,9739
-73,9738
-91,9737
41,9736
3,9734
-42,9733
45,9731
2,9730
69,9729
-14,9728
36,9727
-74,9726
22,9725
19,9723
-38,9722
-23,9721
-76,9720
-42,9719
17,9718
-66,9717
-50,9716
15,9715
30,9714
-56,9713
-85,9711
88,9710
34,9709
53,9707
-73,9706
-71,9704
-7,9702
-2,9701
99,9700
-55,9699
-57,9698
56,9697
-56,9696
66,9695
81,9694
13,9693
-28,9691
-8,9690
-57,9689
4,9688
-66,9687
-70,9685
100,9684
-35,9683
-68,9682
-74,9681
-92,9679
-9,9678
-40,9677
-24,9676
-86,9674
-9,9673
47,9672
71,9671
-25,9670
-97,9668
3,9667
-12,9666
31,9665
-32,9663
-83,9660
-58,9659
95,9656
5,9655
-77,9653
81,9652
-2,9651
-35,9650
36,9649
15,9648
-36,9647
29,9646
76,9645
70,9643
-84,9642
-89,9640
74,9635
50,9633
36,9632
43,9631
-55,9630
-37,9629
48,9628
64,9625
-61,9623
64,9622
-6,9620
-18,9619
-58,9618
-96,9617
68,9616
99,9614
50,9613
-93,9612
70,9611
63,9610
-2,9609
-11,9608
-24,9607
41,9606
-49,9604
64,9603
-32,9602
60,9601
-56,9600
28,9599
-44,9598
78,9597
-51,9596
67,9595
39,9594
-57,9593
72,9592
3,9591
74,9590
-79,9589
89,9587
-72,9586
-88,9585
-80,9584
11,9583
84,9581
37,9580
76,9579
-36,9578
-1,9576
78,9575
64,9572
-12,9571
68,9570
-60,9569
8,9568
-35,9567
94,9566
58,9565
84,9564
-90,9563
-75,9562
52,9559
-40,9557
50,9556
61,9555
43,9554
-70,9553
20,9550
52,9549
-67,9548
-21,9547
-71,9546
-97,9545
33,9544
27,9543
17,9542
-96,9541
99,9540
-41,9537
-36,9536
-12,9535
-98,9534
90,9531
-94,9529
-63,9528
-75,9527
12,9525
60,9524
52,9523
53,9522
-48,9521
-12,9520
-56,9517
-30,9516
35,9514
89,9512
26,9511
-16,9510
-89,9509
-67,9508
-47,9507
27,9505
-80,9503
78,9501
15,9499
24,9497
78,9496
50,9495
-5,9494
-23,9492
43,9491
74,9490
-22,9487
15,9486
-20,9485
82,9482
-54,9481
-31,9480
47,9479
-45,9478
25,9477
5,9475
34,9474
13,9473
41,9470
88,9469
47,9468
43,9467
82,9466
55,9465
2,9464
-32,9463
-19,9462
87,9461
-35,9460
48,9459
92,9458
-36,9457
-18,9456
94,9454
-25,9452
77,9451
47,9450
8,9449
72,9447
59,9446
55,9444
-99,9443
47,9442
-95,9441
-79,9440
-17,9439
-23,9438
93,9437
72,9436
38,9435
29,9434
49,9432
-82,9431
35,9430
-36,9429
18,9428
-38,9427
34,9425
-74,9424
-31,9423
-36,9422
-51,9421
-91,9420
-84,9419
90,9418
-13,9417
72,9416
-36,9415
-18,9414
-43,9413
-96,9412
-45,9411
10,9410
-10,9409
85,9408
-2,9407
31,9406
99,9405
-83,9404
3,9402
66,9400
10,9399
-21,9397
27,9396
37,9395
-3,9394
-12,9393
74,9392
-15,9390
-4,9389
-10,9388
72,9387
57,9386
-48,9385
-7,9384
-87,9383
-61,9382
91,9381
32,9380
11,9379
-85,9378
63,9377
25,9376
30,9375
-5,9374
-39,9373
24,9372
-8,9371
85,9370
69,9369
-52,9368
-62,9366
-76,9365
-8,9364
89,9363
74,9361
82,9360
19,9359
39,9358
26,9357
24,9354
-19,9352
32,9351
97,9350
-9,9349
-6,9348
69,9346
-99,9345
-59,9344
87,9343
-81,9342
-26,9341
-6,9339
87,9338
-4,9337
71,9336
36,9335
95,9333
45,9332
91,9330
99,9329
17,9328
35,9327
11,9326
-3,9325
53,9324
63,9323
-22,9322
-39,9321
-96,9320
0,9319
-18,9318
-8,9317
85,9315
93,9314
-8,9313
58,9312
31,9311
37,9310
-45,9309
39,9306
27,9305
-76,9304
89,9303
-99,9302
73,9301
72,9299
-20,9295
-100,9294
-98,9293
66,9290
-99,9289
-39,9288
7,9287
93,9285
-68,9284
32,9283
86,9281
-54,9280
-39,9277
-24,9275
0,9273
39,9272
91,9271
73,9270
-44,9267
81,9266
25,9265
65,9264
-40,9263
-74,9262
7,9260
-92,9259
-42,9258
-79,9257
-40,9255
-76,9254
75,9253
76,9252
7,9250
-75,9249
24,9248
28,9247
-94,9246
78,9245
65,9244
10,9243
-73,9240
-74,9239
62,9238
-88,9234
9,9233
25,9232
25,9231
38,9230
35,9229
-38,9228
98,9225
12,9224
16,9222
39,9221
46,9220
-4,9218
-95,9217
96,9216
-72,9213
-12,9212
-10,9210
-11,9209
42,9205
-39,9204
4,9202
-40,9201
-66,9200
-65,9197
31,9195
-39,9194
77,9193
-83,9192
55,9190
-95,9188
-32,9187
-86,9185
-72,9184
-8,9183
55,9182
-56,9181
-49,9179
-74,9178
7,9177
90,9176
81,9175
73,9174
-77,9172
-52,9171
-25,9170
45,9169
8,9168
-9,9167
-51,9165
28,9164
-63,9163
-3,9160
4,9159
-26,9157
79,9155
-65,9151
-83,9150
58,9149
-25,9148
-24,9147
-94,9146
-25,9145
-19,9144
-81,9143
-87,9142
21,9141
-67,9140
7,9138
-56,9137
-7,9136
51,9135
81,9134
-59,9133
64,9132
-95,9131
65,9130
61,9129
-20,9128
-13,9127
97,9126
-29,9124
60,9122
88,9121
-61,9120
-9,9119
39,9118
-82,9117
-19,9114
96,9112
-75,9111
-57,9109
-96,9108
-48,9107
-82,9106
-71,9105
-22,9104
-77,9101
-24,9100
93,9097
-58,9096
20,9095
-45,9093
34,9091
-87,9090
60,9089
40,9087
-16,9086
22,9083
-27,9082
-72,9080
-97,9078
-88,9077
4,9076
-91,9075
59,9073
2,9072
91,9071
95,9070
-24,9069
26,9067
78,9065
-89,9064
-83,9061
98,9060
-90,9058
7,9057
77,9056
99,9055
100,9054
19,9052
60,9051
51,9050
58,9047
89,9046
71,9044
-35,9043
21,9041
-35,9040
-67,9039
-57,9038
-32,9036
-37,9035
35,9034
-43,9033
33,9032
64,9031
-61,9030
4,9029
-94,9028
62,9026
-66,9025
-38,9023
70,9022
95,9021
-18,9020
64,9019
25,9018
-5,9017
48,9016
-30,9015
30,9013
78,9012
-6,9011
84,9010
68,9009
32,9007
41,9005
-90,9003
-13,9002
80,9001
6,9000
80,8997
72,8996
-48,8995
55,8994
41,8993
82,8992
-35,8991
-83,8990
-9,8989
45,8988
-79,8985
-92,8984
60,8982
36,8980
-98,8979
57,8978
16,8977
0,8976
-14,8975
-37,8974
62,8973
-55,8972
66,8971
48,8970
-54,8969
17,8967
97,8965
-90,8964
-98,8963
-50,8962
50,8960
-4,8959
-39,8958
-58,8956
45,8955
-67,8954
-20,8953
39,8952
86,8951
-83,8949
62,8948
20,8947
23,8946
-15,8944
-96,8942
-69,8941
-40,8940
-3,8939
-58,8938
84,8937
13,8936
86,8935
-67,8934
29,8933
29,8932
67,8931
71,8929
-36,8927
-11,8925
7,8922
60,8921
-83,8920
-46,8919
-18,8916
-22,8915
94,8914
-39,8913
-100,8912
-99,8911
-27,8910
-80,8909
-94,8907
-38,8905
-72,8904
80,8903
53,8902
-79,8901
-65,8899
91,8898
-22,8897
93,8896
-7,8894
-74,8893
-86,8892
30,8891
-57,8890
-80,8888
-67,8885
41,8884
87,8883
75,8882
-70,8881
-27,8880
-54,8878
-82,8877
-73,8876
84,8875
95,8872
-9,8871
-98,8870
-82,8869
-52,8868
-97,8867
89,8865
-70,8864
87,8863
-23,8862
48,8861
-62,8860
-76,8858
-4,8857
62,8856
-89,8855
-86,8854
51,8853
58,8851
-38,8850
-7,8849
53,8848
-69,8847
23,8846
-86,8845
-75,8844
84,8843
25,8842
27,8841
-32,8840
62,8838
-15,8837
5,8836
-18,8835
42,8834
-95,8833
-34,8831
84,8829
-50,8827
30,8826
32,8825
-41,8820
-82,8819
46,8817
-100,8816
-43,8814
24,8813
81,8812
50,8810
-42,8808
-79,8806
60,8805
-42,8804
-37,8803
6,8801
46,8800
95,8799
24,8798
14,8797
65,8796
-84,8795
-15,8794
44,8792
-72,8791
-94,8789
-48,8788
100,8787
-44,8786
23,8782
-93,8781
-94,8780
32,8778
64,8777
-75,8776
-32,8775
-19,8774
63,8773
-77,8770
8,8769
-11,8768
35,8767
82,8766
-32,8764
-60,8762
-79,8761
51,8758
-59,8757
-94,8755
13,8753
49,8752
47,8751
89,8750
-58,8749
44,8748
25,8747
-79,8744
-21,8743
-3,8742
-36,8741
84,8740
-21,8735
-70,8734
-8,8733
44,8732
92,8731
92,8729
-79,8728
27,8727
-10,8726
49,8725
30,8723
-79,8722
4,8720
-9,8719
-1,8717
71,8716
-59,8714
-43,8713
50,8712
68,8711
-2,8710
39,8709
49,8708
-32,8705
86,8703
-1,8702
-5,8700
63,8699
-37,8698
59,8697
91,8695
95,8693
33,8692
35,8691
37,8690
36,8688
-30,8687
-3,8686
-80,8685
19,8683
-13,8680
73,8678
-37,8677
26,8676
-22,8675
-63,8674
-9,8672
-32,8670
-87,8669
93,8668
98,8667
-28,8666
84,8664
92,8663
-63,8662
27,8661
48,8660
-81,8658
-56,8657
37,8656
0,8655
-15,8651
-36,8650
44,8648
-24,8646
-18,8644
62,8643
41,8642
-15,8641
-12,8639
53,8638
0,8637
-97,8636
61,8635
93,8634
77,8633
-72,8632
17,8630
82,8627
-12,8626
-98,8625
82,8623
41,8622
-100,8621
14,8620
-50,8619
15,8618
70,8617
-3,8615
-51,8614
25,8613
-40,8612
-36,8610
-34,8609
2,8605
47,8604
17,8603
-44,8602
72,8601
58,8600
-87,8598
57,8597
60,8596
-51,8594
33,8593
-46,8592
64,8591
7,8590
-69,8589
95,8588
-74,8587
10,8586
73,8585
92,8584
89,8583
40,8582
-50,8581
94,8580
-15,8579
-39,8578
-80,8577
-1,8576
24,8573
92,8572
-76,8571
-29,8570
94,8569
10,8568
-58,8566
-26,8565
68,8564
28,8563
96,8562
-59,8561
-27,8560
-47,8559
-15,8557
49,8556
-100,8554
88,8553
59,8552
-11,8551
87,8550
8,8549
83,8548
72,8547
11,8544
81,8541
-48,8540
7,8539
61,8538
-62,8536
-28,8535
-46,8534
-100,8528
33,8527
12,8526
-37,8525
-68,8523
-87,8522
14,8521
-2,8519
91,8517
37,8515
-49,8514
96,8513
-69,8511
80,8510
-100,8508
5,8507
-89,8504
-65,8503
54,8502
-97,8501
-16,8499
81,8498
-82,8497
86,8496
92,8494
16,8493
28,8492
74,8491
25,8490
-65,8488
28,8487
-3,8485
16,8484
-97,8482
41,8481
-94,8480
-77,8479
-45,8478
41,8475
-49,8474
3,8471
-48,8470
-13,8469
-14,8466
79,8462
-66,8461
27,8460
56,8458
90,8457
-84,8454
66,8453
-73,8452
91,8451
-8,8449
18,8448
48,8446
-78,8445
98,8444
58,8443
48,8441
-4,8440
33,8439
38,8437
1,8436
1,8435
56,8434
-6,8432
29,8431
47,8428
-84,8427
-21,8426
98,8425
50,8424
84,8423
76,8422
0,8420
-6,8418
-96,8417
-98,8415
38,8413
91,8411
73,8410
-1,8409
57,8408
-64,8405
31,8404
-50,8403
-78,8398
-19,8397
30,8396
23,8395
55,8394
67,8392
40,8391
3,8390
-30,8388
-11,8385
-95,8384
-43,8383
83,8382
-74,8381
39,8380
14,8379
100,8378
-2,8377
-66,8376
-58,8375
60,8374
49,8372
80,8370
-8,8369
27,8368
-98,8367
42,8366
-97,8365
-64,8362
36,8361
57,8360
-33,8359
-4,8358
68,8356
-24,8355
-38,8354
13,8353
39,8352
32,8351
59,8350
49,8349
30,8348
-44,8347
47,8346
-63,8345
-90,8344
20,8343
-37,8342
33,8341
66,8340
62,8339
66,8338
67,8337
96,8336
82,8335
-42,8334
91,8333
-2,8332
-62,8331
53,8330
22,8328
-27,8327
14,8326
-14,8324
-89,8323
90,8321
-93,8320
-41,8319
23,8318
10,8317
24,8315
-36,8314
36,8313
-96,8312
51,8311
62,8310
29,8309
-81,8308
-93,8307
73,8306
74,8305
-38,8304
-82,8303
-5,8302
-39,8301
-7,8300
-25,8299
-81,8297
-34,8295
-88,8293
-35,8290
-34,8289
33,8288
66,8287
48,8284
85,8283
-1,8282
-46,8281
91,8278
20,8277
-10,8276
100,8274
-17,8273
-8,8272
-12,8271
67,8270
-89,8269
32,8268
54,8267
69,8266
51,8265
-13,8264
-80,8263
-25,8262
-53,8261
10,8260
-8,8259
-8,8258
-87,8257
28,8256
63,8255
23,8254
-91,8252
-40,8251
-39,8249
29,8248
59,8247
-13,8246
52,8244
10,8242
46,8239
39,8238
-72,8236
86,8235
38,8233
-37,8232
-99,8231
-75,8230
44,8227
70,8226
67,8225
90,8223
65,8222
-50,8220
86,8219
17,8218
91,8217
-71,8216
91,8215
-98,8212
-97,8211
80,8210
57,8209
51,8208
-55,8207
96,8204
-37,8203
-17,8202
-52,8201
-64,8200
36,8197
84,8196
-91,8195
71,8194
72,8192
-68,8191
-23,8190
75,8189
-85,8188
-30,8187
-51,8186
-93,8185
35,8184
100,8182
49,8181
98,8180
-77,8179
-32,8178
55,8176
-16,8174
-34,8173
62,8172
-51,8170
93,8168
19,8166
60,8165
-52,8163
3,8162
12,8159
-81,8157
-87,8156
60,8155
7,8152
-91,8151
41,8150
54,8149
-8,8148
98,8147
18,8146
19,8145
-95,8143
50,8142
-12,8140
-16,8139
26,8137
-49,8136
59,8135
84,8134
73,8133
-53,8132
87,8130
16,8128
-87,8127
94,8126
62,8124
55,8123
83,8122
17,8121
-81,8120
58,8118
68,8117
-66,8116
38,8114
31,8113
-63,8112
-37,8110
66,8109
58,8108
-24,8107
-16,8106
-13,8105
48,8103
-26,8102
-95,8095
-2,8094
65,8093
-54,8092
43,8089
56,8088
-40,8087
-24,8086
23,8085
-76,8084
56,8083
-97,8082
80,8081
-33,8078
48,8077
10,8076
-92,8075
28,8074
-3,8073
-54,8072
64,8071
12,8070
-56,8069
-53,8068
-66,8067
9,8066
7,8065
-60,8063
-98,8061
100,8060
-45,8059
40,8057
94,8056
-49,8055
22,8053
68,8052
-26,8051
-43,8049
-32,8047
48,8044
66,8043
-57,8042
90,8041
-71,8040
16,8039
-19,8036
-100,8035
52,8034
-32,8033
-57,8031
-74,8029
28,8028
49,8027
37,8026
-94,8025
-47,8020
-77,8019
9,8018
-12,8017
98,8016
-88,8015
-25,8014
-19,8013
-28,8012
-19,8010
89,8008
-66,8007
-45,8006
-75,8005
-72,8004
32,8000
-66,7999
-55,7998
85,7996
99,7995
-93,7994
52,7993
-83,7992
55,7991
-8,7989
25,7988
38,7987
-34,7986
-25,7985
-48,7982
-69,7980
76,7979
-99,7978
87,7977
-79,7976
17,7975
-79,7974
20,7973
16,7972
89,7970
-36,7969
-15,7968
-7,7967
26,7966
-45,7965
-17,7963
-35,7962
-71,7961
60,7960
-76,7958
70,7957
-69,7955
86,7954
18,7953
17,7952
-19,7951
35,7950
45,7947
-63,7946
-28,7945
97,7944
3,7943
-8,7942
12,7939
-74,7938
24,7937
9,7935
-99,7934
-54,7933
55,7932
15,7931
-59,7928
-70,7926
-25,7925
-52,7923
-30,7922
-68,7921
-63,7920
75,7919
53,7917
-51,7916
38,7915
-51,7914
23,7912
-65,7911
91,7910
64,7908
24,7907
77,7906
-28,7905
-46,7904
-56,7903
89,7902
-75,7900
64,7899
12,7898
-10,7897
42,7896
45,7894
87,7892
-23,7890
-7,7888
49,7887
-54,7885
-15,7884
79,7883
-76,7882
-14,7881
80,7880
-62,7879
-50,7877
3,7876
27,7875
78,7873
-48,7872
57,7871
34,7870
-37,7867
-30,7866
-54,7865
45,7864
43,7863
34,7862
-86,7861
-100,7860
-72,7859
91,7858
-80,7857
-43,7856
70,7855
-52,7854
1,7853
28,7852
-34,7851
85,7850
29,7848
-57,7847
51,7845
31,7844
10,7842
71,7841
-41,7840
14,7839
-21,7836
8,7835
-52,7834
54,7833
77,7832
-50,7830
-31,7829
-20,7828
27,7827
37,7825
-33,7824
14,7823
-90,7822
-26,7821
-41,7819
15,7818
-78,7817
54,7816
-99,7815
-7,7814
-81,7813
89,7812
-57,7811
-72,7810
-65,7809
-36,7808
7,7807
65,7805
-26,7804
-78,7802
-61,7801
-68,7800
-47,7799
-48,7798
30,7797
66,7796
-87,7794
-63,7793
49,7792
78,7791
-88,7790
61,7788
-54,7787
-55,7786
-45,7784
-77,7783
-28,7782
53,7781
-97,7780
-49,7779
45,7776
-98,7774
-6,7773
58,7772
77,7771
36,7770
53,7768
82,7767
14,7765
10,7764
-34,7763
-34,7761
-72,7760
-31,7759
-37,7758
-65,7757
-77,7756
-34,7755
100,7754
38,7753
-63,7751
88,7750
-7,7749
-89,7748
50,7746
-50,7744
-4,7743
-16,7742
19,7741
-3,7739
-73,7738
-26,7737
48,7736
-70,7735
-23,7734
-63,7733
79,7732
38,7731
-71,7730
-83,7729
96,7727
-66,7726
95,7725
-36,7724
-14,7723
35,7722
-17,7721
40,7720
96,7719
-99,7718
73,7717
-92,7715
-38,7713
4,7712
-82,7711
-6,7710
35,7709
-46,7708
-58,7707
-52,7706
-31,7704
-24,7703
-3,7702
57,7701
-27,7700
-49,7697
-79,7695
-78,7694
-81,7691
-34,7689
46,7688
-41,7687
86,7686
37,7684
-68,7682
70,7681
-14,7680
48,7679
38,7678
0,7677
0,7676
-4,7675
100,7674
-81,7673
76,7672
47,7671
13,7670
40,7669
-83,7668
57,7667
1,7664
33,7663
63,7662
-66,7659
32,7658
-97,7657
32,7656
-16,7654
81,7653
39,7652
93,7651
4,7650
-51,7649
-85,7648
-85,7647
47,7646
100,7644
0,7643
11,7640
76,7639
-7,7638
-33,7636
14,7634
-59,7632
-68,7631
81,7630
-48,7629
-88,7628
-57,7627
57,7626
-2,7625
61,7624
-43,7623
5,7621
-65,7620
-86,7619
-14,7618
-86,7617
57,7616
24,7615
62,7614
-93,7612
-63,7610
-35,7609
-91,7607
4,7605
12,7602
89,7601
-11,7598
-13,7597
75,7595
97,7594
97,7592
4,7589
-5,7587
-67,7586
17,7584
84,7582
41,7581
-29,7579
-28,7578
19,7575
70,7574
79,7570
94,7569
-85,7568
-50,7567
-94,7566
-17,7564
-98,7562
94,7561
21,7560
42,7559
-14,7558
89,7557
-93,7556
87,7554
37,7553
60,7552
32,7551
-85,7550
-36,7548
-5,7547
83,7545
-44,7544
60,7542
13,7541
-55,7540
43,7539
5,7535
58,7534
81,7533
-67,7532
-11,7531
23,7530
21,7529
87,7528
-96,7527
-5,7526
-61,7525
69,7524
76,7523
35,7522
-26,7521
-88,7520
-17,7519
100,7516
-73,7515
-68,7513
-15,7512
53,7510
-96,7509
-28,7508
4,7506
51,7502
10,7501
13,7500
19,7499
-63,7498
-2,7497
18,7496
14,7494
86,7493
93,7492
70,7491
1,7490
84,7489
-69,7488
95,7487
37,7486
-44,7484
94,7483
-70,7482
88,7481
2,7480
-37,7479
-80,7477
43,7476
1,7474
-97,7473
-36,7472
-62,7470
-6,7469
19,7468
-53,7467
-86,7466
-41,7464
75,7462
22,7461
62,7460
89,7459
-61,7458
58,7457
-21,7456
-29,7454
65,7452
70,7450
20,7449
13,7447
24,7446
30,7445
-95,7444
27,7443
71,7442
19,7440
95,7439
35,7438
-56,7437
55,7436
33,7435
71,7434
-69,7433
-66,7432
-59,7431
-83,7430
-30,7429
-35,7428
8,7427
-34,7426
79,7425
-69,7424
52,7423
21,7421
88,7420
-95,7419
-43,7418
27,7416
37,7415
29,7414
-28,7413
21,7412
-9,7410
-53,7409
-97,7408
37,7407
60,7406
83,7405
-69,7404
-82,7403
-43,7402
94,7401
-73,7400
36,7399
-92,7398
74,7397
1,7396
-92,7395
45,7394
-37,7393
93,7392
49,7390
69,7389
-64,7388
-34,7386
23,7385
-85,7384
53,7383
9,7380
-59,7379
26,7378
-33,7377
51,7373
-15,7372
-88,7369
-21,7368
-69,7367
72,7366
33,7364
-29,7363
-25,7361
52,7360
-95,7359
-67,7358
-88,7356
7,7355
-27,7354
38,7353
32,7352
-57,7351
39,7349
69,7348
-39,7346
-77,7345
31,7344
-64,7342
71,7341
17,7340
-28,7339
-11,7337
5,7336
-87,7335
79,7334
-77,7332
-5,7331
59,7330
-93,7329
-88,7328
46,7327
-14,7326
87,7324
35,7321
-76,7319
-67,7318
17,7317
-39,7316
6,7315
63,7314
-52,7313
66,7312
48,7311
-58,7310
-75,7309
-44,7308
-7,7307
-3,7306
-58,7303
-47,7302
-10,7301
-97,7300
6,7298
-51,7297
47,7295
97,7293
-18,7292
-17,7291
-75,7290
28,7289
-51,7287
31,7285
20,7282
-35,7281
78,7280
96,7278
74,7277
-34,7276
-67,7274
-12,7273
14,7272
-76,7271
-88,7270
68,7269
29,7268
-94,7267
-50,7266
-44,7264
69,7263
5,7261
93,7259
78,7258
-99,7257
-31,7256
55,7255
18,7254
-29,7253
100,7252
-3,7251
-97,7250
12,7248
0,7246
-10,7245
-21,7244
-93,7242
34,7241
16,7240
71,7239
21,7238
50,7237
-41,7236
10,7235
-81,7234
40,7232
72,7231
-30,7229
-35,7227
-74,7224
-46,7223
47,7221
-10,7219
61,7217
56,7216
56,7215
-56,7214
-42,7213
92,7212
-53,7210
-37,7209
-42,7207
82,7206
26,7205
69,7204
-87,7203
93,7202
59,7201
60,7198
-90,7197
-95,7196
-91,7195
78,7194
9,7193
-12,7192
-13,7191
-68,7190
-20,7189
74,7186
-13,7185
54,7182
5,7181
8,7179
7,7178
-76,7177
-15,7175
-60,7174
-12,7172
72,7170
63,7168
80,7166
-44,7165
94,7163
-28,7162
54,7161
-28,7158
-37,7156
-57,7155
-27,7152
-39,7151
15,7150
50,7149
-55,7147
78,7146
-26,7145
92,7142
40,7141
36,7140
47,7139
-57,7138
-87,7137
-26,7136
56,7135
39,7134
-27,7132
-22,7130
-45,7129
-38,7127
-14,7126
-22,7125
11,7123
-15,7122
-11,7121
56,7119
-89,7118
-99,7117
56,7113
-11,7111
-50,7110
-66,7108
85,7107
78,7106
-2,7104
-82,7102
-76,7101
-5,7100
-74,7098
47,7097
44,7096
6,7095
-30,7093
-19,7092
86,7091
55,7090
80,7089
40,7088
-38,7087
43,7086
99,7084
1,7083
-37,7082
-35,7081
1,7079
-84,7078
100,7077
-66,7076
14,7074
-79,7073
-74,7072
-57,7071
74,7070
-2,7069
-50,7066
31,7065
-83,7064
-9,7063
-43,7061
-28,7060
78,7058
-91,7057
-79,7055
-73,7054
46,7053
81,7052
50,7050
-75,7048
-58,7047
93,7046
-69,7044
49,7043
64,7042
-98,7041
51,7040
52,7039
8,7038
35,7037
-33,7036
-8,7035
-24,7034
-15,7032
-81,7031
26,7030
-9,7028
-57,7026
-80,7025
62,7024
30,7023
7,7022
13,7021
19,7020
40,7019
-66,7018
-55,7017
-64,7015
65,7014
-17,7013
-91,7011
66,7010
-73,7009
62,7008
8,7007
32,7006
-25,7005
37,7004
-76,7003
53,7002
-97,7001
28,7000
-56,6998
-38,6996
83,6993
-53,6992
66,6991
-62,6990
100,6989
86,6987
92,6986
42,6985
34,6984
-100,6981
73,6980
66,6979
-3,6977
69,6976
-40,6973
93,6972
86,6971
97,6970
-77,6969
8,6968
34,6967
-10,6965
-27,6964
80,6963
-92,6962
58,6961
-31,6960
60,6959
9,6957
-52,6955
-97,6954
68,6952
72,6951
64,6949
25,6948
-25,6947
49,6945
47,6944
-63,6943
-5,6941
-52,6937
79,6934
-94,6933
-21,6932
21,6931
-80,6927
95,6926
11,6925
-47,6922
-5,6918
-47,6917
-54,6916
79,6915
15,6914
-55,6913
-80,6912
-18,6911
58,6910
-89,6909
-41,6908
42,6907
67,6906
-39,6905
0,6904
91,6903
-64,6902
3,6899
7,6898
-85,6896
-11,6895
87,6894
-82,6893
23,6892
-37,6891
-10,6890
15,6889
-58,6888
-55,6886
-36,6884
-38,6883
19,6880
39,6879
-1,6878
-29,6877
-70,6876
-61,6875
85,6874
-81,6873
37,6872
-79,6871
-33,6869
-28,6867
61,6866
91,6865
2,6864
21,6861
-52,6860
48,6859
50,6858
-64,6857
55,6856
0,6855
40,6853
-72,6852
-100,6851
-26,6850
-67,6849
-56,6848
-47,6845
-48,6843
29,6842
6,6841
-13,6840
95,6838
37,6833
-59,6831
91,6830
-99,6829
25,6827
-23,6825
62,6823
-23,6822
83,6821
2,6820
91,6819
100,6818
26,6817
-66,6815
-86,6814
-52,6813
62,6812
1,6810
-68,6809
93,6808
26,6807
78,6806
70,6805
-14,6804
97,6803
18,6801
-76,6800
4,6798
75,6797
-98,6796
-87,6795
-76,6794
15,6792
-38,6791
-26,6790
42,6789
-74,6788
28,6785
-35,6784
-73,6783
-100,6782
-83,6779
-5,6777
70,6776
-65,6774
-21,6772
-84,6771
28,6770
-30,6769
66,6767
50,6765
-37,6764
-34,6763
88,6760
55,6759
-25,6758
73,6757
1,6756
-16,6754
9,6753
-92,6752
-19,6751
48,6750
-98,6749
18,6748
1,6747
87,6745
64,6744
82,6743
-48,6742
-87,6741
-92,6739
-49,6738
13,6737
24,6735
-36,6734
13,6732
64,6731
-90,6730
-28,6729
50,6728
-46,6727
31,6724
-7,6722
76,6721
57,6720
56,6719
-11,6718
5,6715
-6,6714
71,6712
-47,6710
-43,6708
-35,6706
-28,6705
-39,6704
-24,6700
-96,6699
-35,6697
32,6696
-57,6695
-61,6694
97,6693
72,6692
-32,6691
-32,6690
-28,6689
92,6687
82,6686
-2,6685
-73,6683
-56,6679
32,6678
-82,6677
57,6676
-60,6675
-50,6674
-91,6673
-28,6672
-35,6671
88,6670
95,6669
95,6668
-3,6667
-83,6666
-1,6664
7,6663
80,6661
36,6659
-60,6658
48,6657
63,6656
43,6655
40,6654
14,6653
-19,6652
45,6647
31,6646
79,6644
-70,6643
-85,6642
-88,6641
-17,6640
36,6639
79,6638
-11,6636
11,6635
-70,6633
-57,6632
-30,6631
-55,6630
-64,6629
-18,6628
-31,6626
59,6625
-2,6624
-75,6623
70,6622
67,6621
32,6620
2,6619
62,6618
-67,6615
60,6614
-81,6613
-99,6612
-55,6611
-58,6610
76,6608
50,6606
-90,6605
3,6604
100,6603
82,6601
38,6600
1,6599
-70,6598
48,6597
-59,6596
44,6595
75,6594
43,6589
-71,6588
42,6587
98,6586
-38,6585
-91,6584
-26,6583
67,6582
43,6580
-71,6578
-74,6577
-38,6576
82,6575
-2,6572
-87,6567
94,6565
-40,6562
-15,6560
-34,6558
-71,6557
-8,6554
21,6553
42,6552
42,6551
-89,6548
73,6547
46,6546
-26,6545
56,6544
21,6542
-34,6541
91,6540
28,6539
-30,6538
64,6537
52,6536
-46,6534
49,6533
58,6531
26,6529
-25,6525
54,6524
-37,6523
-44,6522
-48,6521
80,6520
-55,6519
-4,6518
77,6517
68,6515
51,6513
75,6512
93,6510
31,6509
26,6508
75,6507
29,6506
-96,6505
-80,6503
18,6502
-23,6501
25,6500
52,6499
-28,6498
5,6496
-12,6495
46,6494
-30,6491
-71,6488
-69,6486
66,6485
12,6484
42,6482
-22,6481
70,6480
-87,6477
-3,6476
57,6472
51,6471
94,6470
21,6469
27,6468
-70,6467
-10,6466
-4,6465
77,6464
51,6463
62,6462
81,6461
32,6460
-60,6459
74,6457
-7,6456
86,6455
-8,6454
-72,6453
15,6452
23,6451
-13,6450
20,6447
-52,6446
-12,6444
-64,6443
-31,6441
-12,6440
22,6439
-96,6438
23,6437
53,6436
69,6434
-12,6433
32,6432
-35,6430
91,6429
38,6428
64,6425
66,6424
-16,6423
-19,6422
-45,6419
58,6417
-5,6416
71,6414
51,6413
-29,6412
-92,6409
-21,6408
93,6407
-41,6406
-73,6405
42,6404
-92,6403
-65,6401
91,6400
55,6398
-24,6397
98,6396
79,6395
-70,6391
-79,6390
16,6389
-76,6388
-95,6387
84,6386
75,6385
-79,6382
-53,6380
92,6379
79,6377
84,6376
-7,6375
-61,6374
73,6373
79,6372
-45,6371
91,6370
-13,6369
85,6368
-51,6366
-39,6364
-23,6363
86,6362
-75,6361
100,6360
-91,6358
80,6357
-50,6356
-86,6355
-67,6351
-42,6350
-37,6348
45,6347
-69,6346
-42,6345
-9,6343
-64,6342
95,6340
-31,6339
-84,6338
-61,6336
-25,6335
61,6333
-61,6331
69,6329
8,6328
-77,6327
-4,6325
-57,6323
-34,6320
94,6319
-33,6318
-50,6317
-60,6316
-94,6315
-36,6314
93,6313
35,6312
70,6311
-64,6310
-30,6309
5,6308
-75,6307
-46,6306
-24,6304
-62,6303
24,6302
83,6301
-45,6300
-83,6299
63,6297
-83,6295
-48,6291
10,6290
97,6289
-35,6288
19,6287
51,6286
62,6285
38,6284
85,6283
20,6282
-25,6281
-39,6280
-1,6279
20,6278
28,6276
55,6275
18,6274
-9,6272
-38,6271
8,6270
-27,6269
-99,6268
91,6266
62,6265
25,6264
-11,6263
19,6262
7,6261
4,6259
47,6257
-93,6256
43,6254
-84,6253
-31,6252
-83,6251
88,6250
-72,6249
22,6246
-34,6245
-94,6242
-7,6241
-49,6240
10,6239
12,6238
81,6237
60,6236
-68,6235
0,6234
-49,6232
30,6231
-74,6230
41,6228
32,6227
68,6226
-100,6225
-35,6224
-86,6222
-95,6221
-65,6219
19,6218
-84,6217
-37,6216
47,6215
-63,6214
87,6213
-29,6212
22,6211
-48,6208
18,6207
-96,6206
-27,6205
-72,6204
-14,6203
5,6202
32,6201
63,6198
-63,6197
-57,6196
94,6195
1,6193
-7,6192
-8,6191
-26,6190
9,6189
-86,6188
31,6187
-99,6186
85,6185
-43,6183
-82,6182
60,6181
8,6180
-71,6178
84,6176
45,6175
-27,6174
-21,6172
87,6171
-86,6170
-65,6169
43,6167
-78,6165
61,6164
-47,6163
46,6161
99,6159
-45,6158
-19,6155
-59,6154
-70,6153
-97,6152
28,6150
-54,6149
-23,6148
6,6147
-48,6146
26,6145
66,6144
-38,6143
-33,6142
-97,6141
23,6140
26,6139
25,6138
-30,6137
-33,6135
29,6133
67,6132
59,6131
-12,6130
-95,6129
3,6128
-79,6126
-9,6125
50,6124
58,6123
-45,6122
10,6121
71,6120
-41,6118
81,6117
-71,6116
-25,6114
16,6113
39,6112
54,6110
-73,6108
20,6107
10,6106
62,6105
-59,6104
-16,6103
13,6102
79,6101
54,6099
66,6098
21,6097
88,6096
47,6095
-57,6094
70,6093
15,6092
83,6091
76,6090
-34,6088
75,6087
-96,6086
-48,6085
54,6084
-87,6083
-75,6082
-90,6081
-63,6079
54,6078
-87,6076
63,6075
5,6073
82,6071
-93,6070
44,6069
-29,6067
-41,6066
25,6064
-24,6061
-99,6060
37,6059
66,6058
-61,6057
-16,6056
-78,6053
38,6051
-31,6050
83,6049
72,6048
97,6047
-58,6046
-71,6044
-28,6043
56,6042
-22,6040
25,6039
8,6038
-15,6037
-5,6036
56,6035
69,6034
79,6032
-31,6031
59,6030
97,6029
-28,6028
-93,6027
2,6026
-32,6025
44,6024
73,6023
-46,6022
22,6021
-69,6018
65,6017
-45,6015
-95,6012
-93,6011
28,6010
100,6009
-60,6007
58,6006
29,6005
-5,6003
-51,5999
4,5998
-29,5997
21,5996
-17,5995
-75,5994
59,5993
52,5990
14,5989
68,5988
-45,5986
3,5985
59,5984
-19,5983
-28,5982
-92,5980
8,5979
25,5976
-98,5975
69,5972
96,5971
-69,5970
-51,5969
59,5968
6,5967
5,5966
-73,5965
32,5964
-33,5962
-97,5961
-4,5960
68,5959
-97,5958
12,5957
-77,5956
81,5955
72,5954
4,5953
-70,5952
1,5951
16,5950
-83,5949
0,5948
92,5947
70,5946
-55,5945
99,5944
-68,5943
64,5942
73,5941
36,5940
70,5939
-75,5938
6,5935
87,5934
49,5932
59,5931
-50,5930
28,5929
-90,5928
-29,5927
-16,5926
-61,5924
42,5923
18,5921
38,5920
-68,5917
-45,5916
-4,5915
-42,5914
9,5913
-62,5911
-20,5910
28,5909
58,5908
-55,5907
35,5906
9,5905
-62,5903
86,5902
45,5901
68,5900
33,5899
92,5898
-84,5895
38,5894
-17,5892
93,5891
66,5889
-9,5888
92,5887
-30,5886
13,5885
12,5884
-95,5883
62,5881
56,5878
-27,5877
-62,5876
-79,5874
73,5873
100,5872
-47,5871
-97,5870
-48,5867
47,5866
-9,5865
99,5864
9,5863
98,5862
-90,5861
-32,5860
11,5859
94,5858
-73,5857
-96,5856
70,5855
-100,5854
-76,5852
37,5851
76,5850
-71,5849
77,5848
6,5847
-32,5846
-37,5843
-86,5842
-98,5841
-97,5839
-43,5838
68,5836
58,5835
-42,5834
-8,5833
54,5832
92,5831
12,5830
-54,5829
-25,5828
-69,5827
38,5826
-30,5825
45,5824
-29,5823
40,5821
22,5820
20,5819
1,5818
-34,5816
-70,5815
-80,5814
94,5813
61,5812
-88,5811
-11,5810
-75,5809
20,5808
-82,5807
-12,5806
18,5805
85,5804
-26,5802
5,5801
20,5800
-92,5799
-17,5798
45,5794
32,5793
19,5792
-96,5788
76,5784
5,5783
-70,5781
-5,5780
95,5779
-86,5778
-57,5777
-74,5776
65,5775
-50,5773
45,5771
74,5770
6,5769
0,5768
-36,5766
94,5765
20,5763
-90,5762
29,5760
-92,5759
37,5757
-97,5756
39,5754
99,5752
98,5751
1,5750
-17,5749
27,5748
-73,5746
43,5742
-63,5741
-37,5739
-19,5738
-18,5737
27,5736
43,5735
-6,5733
8,5732
-74,5731
-49,5730
35,5729
-11,5727
6,5726
-29,5723
-94,5722
-1,5721
-83,5720
15,5719
89,5718
-32,5717
1,5716
19,5715
49,5714
-83,5712
-76,5710
88,5708
88,5707
50,5706
58,5705
17,5704
-7,5703
88,5702
18,5701
-78,5700
-7,5699
21,5698
27,5697
51,5696
-30,5693
45,5691
72,5689
73,5688
-39,5687
-65,5685
17,5683
-92,5681
-69,5680
-80,5679
83,5678
60,5677
33,5675
-37,5673
-93,5672
45,5671
4,5670
21,5669
-12,5668
-88,5667
24,5666
20,5665
14,5663
33,5662
27,5661
-90,5660
-14,5659
88,5658
-25,5657
-21,5656
-7,5655
-59,5654
12,5653
-36,5652
66,5651
82,5647
35,5646
54,5642
38,5641
-28,5640
-99,5639
41,5638
-71,5636
-77,5635
49,5634
75,5632
-34,5631
36,5630
-75,5629
7,5627
18,5623
77,5621
-1,5620
56,5619
44,5618
99,5617
-65,5614
87,5613
5,5612
-39,5611
54,5609
38,5606
-73,5605
15,5603
40,5602
51,5601
85,5600
45,5599
-82,5597
14,5596
-92,5595
-10,5594
93,5593
0,5592
34,5591
45,5590
11,5587
16,5586
93,5583
89,5582
-17,5578
-17,5577
-55,5576
1,5575
-46,5574
-40,5573
92,5572
-21,5571
-24,5570
53,5566
-50,5565
-66,5564
-20,5562
25,5561
80,5560
-99,5559
63,5557
30,5556
-37,5555
95,5553
48,5551
-21,5550
-13,5549
89,5547
-91,5546
-38,5545
-25,5544
-92,5543
47,5540
68,5539
-44,5538
-98,5536
23,5533
-23,5532
7,5531
10,5530
-2,5529
-33,5527
88,5526
71,5525
-79,5523
94,5522
97,5521
31,5520
75,5519
6,5518
-86,5517
-65,5516
100,5515
-71,5514
13,5513
-8,5511
-98,5509
-67,5508
-86,5507
40,5506
-23,5505
13,5504
44,5502
58,5501
44,5500
11,5499
33,5498
87,5497
74,5495
-95,5494
40,5493
-79,5491
28,5490
46,5489
1,5488
-100,5486
-46,5485
-35,5484
-59,5482
17,5479
-64,5478
-28,5477
46,5476
48,5475
-39,5474
-30,5473
62,5472
-72,5471
-86,5470
24,5469
-69,5468
58,5467
-82,5466
-73,5465
100,5461
41,5460
74,5459
27,5458
-91,5457
-78,5455
72,5451
98,5450
-72,5449
59,5447
43,5445
-54,5444
-24,5443
-3,5442
72,5441
-23,5440
88,5439
-68,5438
85,5437
-8,5436
93,5435
-22,5434
51,5433
84,5432
-56,5429
18,5428
33,5427
46,5425
23,5424
96,5423
12,5422
-71,5420
67,5418
-53,5417
-68,5416
-40,5415
0,5414
64,5413
0,5412
-24,5411
97,5409
82,5407
7,5406
-15,5405
76,5404
-33,5402
7,5401
52,5400
-12,5399
-20,5398
-48,5397
-18,5395
-100,5394
83,5393
-71,5392
57,5389
-16,5388
62,5387
-54,5386
-17,5385
4,5384
14,5382
-30,5381
82,5380
91,5379
44,5377
98,5376
1,5375
14,5374
-64,5373
51,5372
-37,5370
5,5368
-51,5366
-78,5365
28,5364
-36,5363
65,5361
-9,5360
-86,5359
46,5358
29,5356
13,5354
55,5352
-71,5350
-20,5349
-93,5348
93,5347
17,5346
17,5345
-36,5340
70,5339
-85,5338
-24,5337
27,5335
35,5334
-96,5333
7,5332
98,5330
-37,5328
-87,5327
-99,5326
11,5323
-18,5320
59,5319
-99,5318
-8,5317
-12,5316
30,5315
10,5314
54,5313
-99,5312
-66,5311
-68,5310
-29,5308
53,5307
94,5306
9,5304
-59,5303
3,5302
61,5299
42,5298
-6,5297
-84,5295
-18,5294
70,5293
-63,5291
-85,5290
-56,5288
-24,5287
-67,5286
28,5284
-16,5283
6,5282
-6,5281
-15,5280
21,5279
6,5278
-47,5277
-1,5276
28,5275
88,5274
77,5272
65,5271
9,5269
0,5268
65,5267
-88,5264
96,5263
46,5262
-62,5260
46,5258
-27,5257
36,5255
66,5254
92,5253
-12,5252
-72,5250
87,5248
32,5247
-20,5246
46,5245
93,5242
98,5241
-13,5240
16,5239
25,5238
26,5237
-15,5236
-78,5234
-6,5233
-71,5232
98,5230
-19,5229
81,5228
-71,5227
25,5226
-93,5225
67,5223
88,5222
-48,5221
22,5219
-99,5216
36,5215
47,5214
-56,5213
-73,5212
9,5210
4,5209
-84,5208
29,5205
-3,5204
14,5203
-38,5202
92,5200
-91,5199
-1,5198
68,5197
-66,5196
-64,5195
-72,5194
-24,5192
84,5190
-74,5189
86,5188
80,5187
100,5186
74,5185
-20,5184
-65,5183
53,5182
-21,5180
-95,5179
-52,5178
-71,5177
-89,5176
-35,5174
95,5172
59,5171
-20,5170
6,5169
-87,5168
21,5167
10,5166
64,5165
-17,5164
65,5163
2,5162
37,5160
-3,5159
54,5158
19,5157
29,5156
89,5155
-80,5152
-10,5151
-7,5150
34,5149
75,5148
-24,5147
48,5146
48,5144
-69,5143
20,5142
10,5141
-71,5140
-70,5139
39,5138
80,5137
85,5136
95,5135
-47,5134
71,5133
-68,5132
-63,5131
-83,5130
-24,5129
-21,5128
50,5126
-70,5125
-27,5124
-47,5123
42,5122
80,5121
81,5119
44,5118
18,5117
-35,5116
39,5115
55,5114
-97,5113
-64,5112
-12,5111
84,5110
35,5109
-92,5108
-11,5106
17,5105
-40,5104
-87,5103
-84,5102
64,5101
73,5100
-95,5096
-6,5095
78,5093
-13,5092
-53,5091
3,5087
5,5085
-8,5084
68,5083
29,5082
-79,5077
-13,5076
89,5075
25,5074
73,5070
41,5069
-4,5068
-40,5067
86,5066
43,5065
75,5064
-20,5063
89,5062
18,5060
-69,5058
-48,5057
92,5056
-84,5055
42,5054
43,5053
-55,5051
-32,5050
89,5049
10,5047
-15,5046
3,5045
14,5044
-90,5042
97,5041
-24,5040
20,5039
-19,5038
72,5036
-51,5035
-20,5033
90,5032
92,5031
30,5029
-33,5028
-21,5027
19,5026
80,5025
-80,5024
66,5023
-44,5021
-91,5020
-13,5019
-32,5017
-1,5015
37,5014
43,5013
84,5011
87,5010
-14,5009
-17,5008
75,5003
-52,5001
95,5000
33,4999
-78,4998
90,4997
20,4995
-48,4994
83,4993
49,4992
13,4991
-43,4990
-69,4988
99,4987
37,4986
-32,4985
-77,4984
24,4982
-18,4981
39,4980
73,4979
-7,4978
-47,4977
90,4976
98,4974
63,4973
-50,4972
23,4971
88,4969
-77,4967
9,4966
49,4965
54,4964
80,4963
41,4962
88,4960
15,4957
62,4956
54,4954
73,4953
-84,4952
4,4951
80,4947
-41,4946
60,4945
62,4944
-22,4943
-50,4941
47,4939
-50,4938
74,4937
7,4935
37,4934
84,4933
-64,4932
87,4931
45,4930
-20,4929
-85,4928
70,4926
11,4924
-6,4923
-26,4922
-53,4921
90,4920
-9,4919
47,4918
-82,4917
-4,4915
-19,4914
87,4912
-83,4911
-12,4910
48,4909
9,4908
-53,4907
-27,4906
-83,4905
-60,4904
26,4903
85,4902
-76,4901
-64,4900
-35,4898
-67,4897
-35,4896
-40,4895
-90,4893
-44,4892
-92,4891
-10,4887
16,4885
-99,4884
30,4883
8,4882
97,4879
-9,4878
74,4877
100,4876
25,4875
-65,4874
56,4873
64,4872
0,4869
11,4868
-47,4867
55,4865
-63,4864
50,4861
-79,4860
78,4858
-32,4857
-54,4854
84,4852
-72,4850
-73,4848
-17,4847
10,4846
-42,4843
-63,4842
-55,4840
37,4839
4,4837
68,4835
-56,4834
-48,4833
48,4832
29,4830
50,4829
47,4828
-38,4826
-74,4825
-62,4823
-41,4822
-47,4821
-36,4818
82,4817
45,4816
-75,4815
11,4814
41,4812
-94,4811
25,4810
44,4809
44,4808
44,4806
60,4805
27,4804
-63,4802
55,4801
-32,4800
51,4798
-43,4797
-60,4795
43,4794
1,4792
-62,4791
45,4790
-63,4789
72,4788
67,4786
-71,4785
-52,4784
65,4783
-94,4782
-33,4781
40,4780
-76,4777
20,4776
98,4774
85,4773
-80,4772
82,4771
29,4770
48,4769
-44,4768
-29,4767
4,4766
-70,4764
4,4763
63,4762
26,4760
63,4759
83,4758
-25,4756
96,4754
-47,4753
-47,4752
-36,4748
-90,4747
53,4746
-38,4745
-35,4743
36,4742
-16,4741
-84,4740
-37,4738
17,4736
-34,4735
96,4734
-5,4733
-85,4732
-87,4731
-72,4730
1,4729
16,4728
-75,4726
62,4724
-23,4723
-19,4722
-35,4721
1,4720
-80,4719
96,4718
64,4716
-45,4714
25,4712
-59,4711
73,4710
2,4709
91,4708
47,4707
14,4706
34,4705
-78,4704
62,4701
57,4700
11,4699
-53,4698
-12,4697
56,4696
-2,4695
-16,4694
8,4693
-20,4692
-52,4691
-90,4689
13,4687
-42,4686
-10,4685
93,4684
-68,4683
95,4682
14,4681
-93,4679
24,4675
46,4674
14,4671
44,4670
4,4668
-25,4667
-37,4666
88,4665
11,4664
-71,4661
-69,4658
72,4656
-48,4655
-31,4654
-50,4653
47,4652
-85,4650
-70,4649
41,4647
-28,4645
-18,4644
24,4643
-5,4642
-68,4641
-72,4640
98,4639
-34,4638
-64,4634
-84,4633
16,4632
-70,4630
-71,4628
15,4627
-93,4626
-57,4625
-100,4623
-49,4622
17,4621
97,4620
46,4619
15,4618
-69,4617
-84,4615
-43,4614
-3,4613
-11,4612
20,4611
61,4610
-20,4609
-98,4608
5,4607
-41,4606
-7,4605
30,4604
10,4603
-6,4602
-93,4599
-72,4598
-48,4597
-60,4596
18,4595
84,4594
42,4593
16,4591
5,4590
46,4589
-43,4588
71,4587
-53,4586
75,4585
-21,4582
74,4581
-97,4580
-18,4579
87,4578
63,4577
78,4576
-45,4575
44,4574
-79,4572
29,4570
-76,4569
74,4567
36,4566
0,4565
-68,4564
-97,4562
81,4561
24,4559
-40,4557
-5,4555
-48,4554
-10,4553
-9,4552
81,4551
-75,4550
-23,4549
-29,4547
-25,4545
38,4542
-14,4541
-34,4540
30,4539
-21,4537
39,4536
86,4533
-10,4532
53,4531
-45,4530
93,4529
-71,4527
90,4525
-23,4523
71,4522
33,4520
9,4518
-29,4516
-37,4515
29,4513
-68,4512
-45,4511
95,4510
82,4509
32,4508
100,4507
-26,4506
-14,4505
-64,4504
88,4503
45,4502
-55,4500
10,4499
-97,4498
-87,4497
-37,4496
-28,4495
-59,4492
-29,4491
-48,4489
-54,4487
-20,4486
-71,4484
-90,4483
59,4481
97,4480
37,4479
-31,4478
-67,4476
43,4471
-45,4470
-10,4469
42,4467
-41,4466
-52,4465
-64,4464
76,4463
-51,4462
-18,4461
26,4460
-57,4458
6,4457
-16,4455
-99,4454
16,4453
22,4452
19,4451
19,4450
100,4449
51,4448
36,4447
-9,4446
-41,4445
-52,4444
-55,4442
19,4441
-67,4440
-96,4438
-51,4436
-36,4435
-83,4434
79,4432
-87,4431
-56,4430
-40,4428
94,4426
-34,4424
-19,4422
39,4421
95,4420
55,4419
79,4418
82,4417
91,4416
-36,4414
-71,4413
-49,4412
11,4411
-49,4410
-25,4409
70,4408
39,4405
-32,4404
-34,4403
-9,4402
-23,4400
64,4399
99,4398
-37,4397
-7,4396
56,4395
-90,4394
92,4393
-52,4392
98,4391
66,4390
7,4388
55,4385
99,4384
26,4382
-46,4381
91,4378
-76,4377
-32,4374
24,4373
-24,4372
-48,4369
-22,4367
-70,4366
-96,4365
-84,4364
-91,4361
100,4359
-32,4358
40,4357
14,4356
43,4355
-94,4354
-77,4353
-96,4352
70,4350
-66,4349
-89,4348
-89,4346
-82,4345
43,4344
45,4343
24,4341
46,4339
43,4338
-75,4337
32,4335
-32,4334
36,4332
39,4331
9,4329
-84,4328
45,4327
-4,4325
-2,4324
-52,4323
85,4322
25,4320
-94,4318
-81,4317
-49,4316
-10,4314
-54,4312
-54,4310
0,4308
-16,4307
88,4306
-6,4305
48,4304
-15,4303
-12,4301
42,4300
-48,4299
-63,4298
-79,4294
73,4293
-13,4291
-78,4290
83,4289
-26,4288
-30,4287
-22,4286
-5,4284
43,4282
35,4281
-23,4279
-94,4278
38,4277
-89,4274
-36,4273
68,4272
37,4271
-6,4270
-67,4268
-87,4267
-94,4266
39,4265
-39,4264
-23,4262
22,4257
24,4256
-1,4255
-65,4254
71,4253
-16,4252
93,4251
23,4250
42,4249
-49,4248
74,4245
19,4244
83,4242
-34,4241
-36,4240
98,4239
-44,4238
18,4237
85,4235
-100,4234
6,4233
9,4232
19,4231
29,4229
-73,4228
-51,4226
-70,4225
-50,4224
-90,4223
58,4222
-72,4221
-67,4220
27,4219
87,4217
7,4216
3,4215
-72,4213
23,4212
-65,4209
47,4208
52,4207
73,4204
-92,4203
-9,4202
-67,4201
-62,4200
66,4199
81,4198
55,4197
40,4196
-18,4195
18,4194
92,4193
-56,4191
36,4189
-2,4188
-4,4187
-89,4183
-84,4182
94,4181
-51,4180
79,4179
-58,4178
91,4177
87,4176
72,4175
32,4173
85,4172
62,4169
-79,4168
84,4166
-65,4164
-54,4161
34,4159
-81,4158
-79,4157
18,4156
88,4155
-15,4154
83,4153
-78,4151
82,4150
-75,4148
56,4147
25,4146
43,4143
-61,4140
-26,4139
6,4138
-75,4137
-42,4135
13,4134
70,4133
-100,4131
-14,4129
86,4128
37,4127
-55,4126
-77,4125
96,4124
48,4123
-27,4120
-67,4119
16,4118
-15,4117
-57,4115
-29,4113
-28,4112
-19,4110
-82,4109
22,4108
-37,4107
-67,4104
6,4103
68,4102
53,4101
-20,4100
-14,4099
-70,4097
76,4096
-96,4094
-94,4093
-21,4092
-15,4091
89,4090
-95,4088
-75,4087
32,4086
21,4085
36,4084
-43,4083
7,4080
87,4079
-98,4078
21,4077
2,4075
40,4074
-94,4073
33,4072
-66,4071
98,4070
-14,4069
26,4066
-26,4065
-60,4064
2,4063
-14,4062
-73,4060
92,4059
64,4058
-11,4057
-30,4055
37,4054
-97,4053
97,4051
-60,4050
-6,4048
5,4045
85,4044
31,4043
-62,4041
73,4040
-99,4038
83,4037
-77,4036
65,4034
-97,4032
-16,4030
-5,4029
-83,4026
42,4024
81,4023
-41,4022
-28,4021
-11,4020
-58,4019
-99,4016
-96,4015
75,4014
90,4013
-85,4011
-93,4010
-23,4008
96,4007
-75,4005
-83,4004
-6,4002
-17,4001
99,4000
81,3999
72,3997
-96,3996
-80,3995
4,3994
35,3993
77,3991
26,3990
56,3989
-17,3988
-36,3987
40,3984
38,3982
-1,3981
-6,3979
89,3978
-31,3977
-22,3975
-47,3974
-4,3973
-29,3972
-10,3971
-84,3970
22,3969
-58,3968
-26,3967
71,3965
-64,3964
-51,3963
42,3962
-16,3961
-93,3960
-16,3959
32,3958
15,3954
75,3952
5,3951
-91,3949
100,3948
-24,3947
94,3946
69,3944
-4,3943
-15,3941
52,3940
-95,3939
4,3938
-69,3937
-75,3936
34,3935
-59,3934
64,3933
-27,3930
86,3928
-93,3927
-97,3926
-100,3925
78,3924
91,3922
86,3921
27,3917
-54,3916
44,3915
-24,3910
-90,3909
-38,3908
37,3907
82,3905
-93,3904
42,3903
-89,3902
17,3901
32,3899
69,3898
56,3895
80,3894
-32,3893
64,3892
-34,3891
36,3890
-93,3889
16,3888
16,3887
-61,3886
43,3884
-8,3881
-23,3880
-16,3879
40,3878
-73,3877
-4,3876
-67,3875
69,3874
-51,3873
-72,3871
-50,3870
95,3869
-59,3868
25,3867
54,3866
-37,3864
-29,3863
-43,3862
31,3861
-6,3859
29,3858
-74,3857
78,3853
34,3852
91,3851
-94,3850
17,3849
-80,3848
-65,3847
-35,3846
83,3845
84,3844
-73,3843
-35,3842
53,3841
-68,3840
41,3839
-81,3838
-5,3836
89,3835
36,3834
46,3833
-93,3832
26,3831
-96,3830
-76,3827
72,3825
-90,3823
36,3822
-2,3819
30,3818
-72,3817
27,3816
78,3814
-18,3813
-22,3812
-35,3809
87,3808
-79,3807
44,3806
67,3804
-57,3803
26,3802
-66,3801
-11,3798
-56,3794
50,3793
29,3792
30,3791
-48,3790
45,3788
2,3785
64,3784
-90,3783
87,3782
-9,3781
14,3780
65,3779
-40,3778
-19,3777
-2,3776
-46,3774
3,3773
-42,3772
-70,3770
94,3769
36,3768
-33,3767
-42,3765
80,3764
18,3763
19,3762
-99,3761
-38,3760
34,3759
-83,3756
-99,3755
20,3754
-62,3753
-62,3752
13,3750
-55,3749
23,3748
-73,3747
45,3745
-29,3743
36,3742
-41,3741
98,3740
-22,3738
6,3737
53,3736
-81,3734
-73,3733
-24,3732
51,3731
65,3730
-23,3729
-95,3728
96,3727
-93,3725
-81,3723
-92,3722
89,3721
84,3720
41,3719
-57,3718
50,3717
-8,3716
-23,3715
63,3714
-90,3712
77,3711
36,3710
56,3709
29,3708
23,3707
100,3706
-31,3705
76,3704
56,3703
96,3701
77,3699
94,3698
11,3697
-95,3696
39,3694
-47,3693
10,3692
-27,3691
-52,3690
29,3689
-86,3687
45,3686
-64,3685
-19,3683
72,3682
0,3681
14,3680
96,3679
-77,3677
83,3676
45,3674
60,3673
35,3671
-40,3670
-94,3669
25,3667
-80,3666
19,3664
-77,3663
-88,3659
71,3658
54,3657
61,3655
88,3654
42,3653
5,3652
43,3651
-47,3650
-18,3647
-59,3646
4,3645
-88,3644
49,3643
-93,3642
-37,3641
-29,3639
-55,3638
71,3637
36,3636
-26,3634
-81,3633
64,3631
-87,3628
28,3627
-31,3626
-35,3625
73,3624
-7,3623
56,3622
25,3621
17,3620
-14,3618
59,3617
52,3613
32,3612
42,3611
4,3609
0,3608
-61,3606
-42,3605
16,3604
-20,3603
60,3601
-32,3599
19,3597
-38,3596
-99,3593
-73,3592
100,3591
52,3590
45,3589
24,3588
-33,3587
-38,3586
2,3585
-65,3584
-86,3583
24,3582
96,3581
-96,3580
-17,3579
-88,3578
0,3577
-49,3576
-48,3575
-62,3574
-11,3573
-93,3572
72,3571
62,3570
-36,3568
-41,3567
-59,3566
49,3563
-74,3562
10,3561
-79,3560
-14,3559
6,3558
97,3557
-22,3556
-50,3554
17,3553
23,3552
74,3551
83,3550
-11,3549
37,3548
87,3547
89,3546
39,3545
46,3544
-77,3542
-46,3541
21,3539
-91,3538
-52,3537
-7,3536
6,3535
-96,3534
13,3531
50,3530
-32,3528
28,3527
-50,3526
29,3525
48,3523
-41,3522
41,3520
-30,3518
23,3517
-84,3516
57,3514
-19,3513
14,3512
-99,3511
26,3510
53,3508
86,3506
87,3503
-39,3501
-2,3500
-9,3499
-94,3498
96,3497
17,3496
-84,3494
99,3492
54,3491
-49,3490
-65,3488
34,3486
81,3485
21,3483
27,3481
-25,3480
2,3479
-27,3477
35,3476
-58,3475
96,3472
-27,3468
53,3466
0,3465
55,3463
8,3462
-6,3461
42,3459
-21,3458
83,3457
-70,3456
-82,3455
-40,3453
48,3452
-97,3449
51,3447
-20,3445
27,3444
6,3443
-56,3442
-91,3441
-77,3439
-95,3435
-49,3432
96,3431
60,3430
-72,3429
41,3428
56,3427
98,3426
-63,3425
41,3423
-31,3422
85,3421
67,3419
63,3417
-84,3416
76,3414
81,3413
-46,3411
-44,3410
-89,3409
80,3408
-6,3407
65,3406
-74,3405
-38,3404
76,3403
-95,3402
-20,3401
-38,3400
87,3399
10,3398
-51,3396
30,3395
30,3394
8,3392
-84,3391
-49,3390
84,3389
1,3386
49,3385
78,3384
39,3383
48,3382
-60,3377
44,3375
-12,3374
-28,3371
-91,3370
-28,3369
58,3368
-38,3367
42,3366
52,3365
42,3364
-16,3363
-61,3362
34,3361
-34,3360
-35,3359
68,3358
-19,3357
47,3356
69,3353
98,3352
-66,3351
-53,3350
94,3349
-61,3348
-91,3345
-34,3344
22,3342
-22,3339
-52,3338
97,3336
42,3333
-31,3332
52,3331
100,3330
-50,3329
-65,3328
-69,3324
8,3323
-16,3322
-92,3321
-40,3320
36,3319
-65,3318
-36,3317
47,3316
-86,3313
99,3311
-50,3310
-55,3309
-91,3308
43,3307
71,3306
-57,3305
-43,3304
95,3301
74,3300
-16,3298
-4,3297
85,3296
60,3295
81,3294
80,3291
-2,3290
-58,3288
76,3287
-23,3285
-52,3284
91,3283
36,3282
-19,3281
-28,3280
-8,3279
82,3278
-87,3277
-33,3276
-27,3275
-14,3271
65,3270
29,3268
37,3266
64,3265
-25,3262
-32,3261
-39,3259
-59,3258
-54,3257
-89,3256
-32,3255
-97,3254
4,3253
-59,3252
20,3251
-19,3250
65,3248
-52,3246
-34,3245
27,3244
-16,3243
-19,3241
-69,3240
-22,3239
-39,3236
16,3234
83,3233
-81,3232
-25,3230
54,3229
11,3228
96,3227
7,3226
-56,3225
-55,3224
93,3223
75,3221
-79,3219
-56,3218
-60,3215
-84,3214
96,3213
-51,3210
-51,3209
-97,3208
10,3206
-8,3204
34,3203
90,3201
-89,3199
-20,3198
4,3197
-100,3195
-75,3194
-24,3193
-32,3192
-13,3189
1,3188
65,3187
-44,3186
25,3185
7,3184
6,3182
-66,3180
-56,3179
81,3178
94,3177
3,3176
28,3175
18,3174
-28,3171
-41,3170
-22,3169
53,3168
38,3167
8,3166
9,3164
33,3162
-68,3161
4,3160
24,3159
-62,3157
-10,3154
66,3153
87,3152
41,3151
2,3149
-89,3147
41,3146
80,3145
-52,3144
-26,3143
84,3142
28,3141
-52,3140
46,3139
38,3138
-8,3137
-92,3135
-95,3130
56,3129
53,3128
-58,3126
-59,3125
-25,3124
-74,3123
33,3122
-45,3121
-56,3120
56,3119
-56,3118
54,3116
-29,3115
-22,3112
99,3110
-49,3109
-90,3108
85,3107
-90,3106
49,3104
-54,3101
-84,3100
33,3098
5,3097
-78,3096
77,3095
19,3094
79,3093
-32,3092
-59,3091
-31,3090
61,3089
37,3088
-79,3087
8,3086
63,3085
-100,3084
-57,3083
-42,3080
-70,3079
81,3077
-72,3075
59,3074
-51,3073
-100,3072
-66,3071
-86,3070
-78,3067
19,3066
37,3065
24,3064
-98,3063
-29,3061
-89,3059
20,3057
-90,3056
-10,3053
-75,3052
40,3050
31,3049
-82,3048
89,3046
-31,3045
74,3044
-53,3042
33,3041
25,3039
10,3038
-42,3037
-36,3035
12,3034
72,3032
9,3030
16,3028
12,3027
-38,3026
-92,3025
-38,3020
53,3018
85,3017
-7,3015
-40,3014
38,3013
-30,3012
-66,3011
-3,3010
-69,3006
24,3003
38,3002
-47,2998
-93,2997
71,2996
-51,2994
71,2993
-66,2992
25,2991
81,2990
74,2988
31,2987
69,2986
-10,2985
-66,2984
-4,2982
-62,2981
-89,2980
10,2979
-12,2978
-78,2977
-39,2975
64,2974
61,2973
-16,2972
-60,2968
-7,2967
47,2966
-50,2965
-21,2964
-50,2963
-35,2962
100,2960
92,2958
76,2957
-21,2955
-8,2953
54,2949
-94,2947
-19,2946
-58,2945
87,2944
-98,2943
42,2942
-94,2940
2,2939
-77,2938
-53,2937
96,2936
-20,2935
77,2934
22,2933
-4,2932
-84,2931
-97,2930
9,2929
-52,2928
10,2927
72,2926
7,2925
9,2924
30,2923
-49,2922
-79,2920
-85,2918
-64,2917
-22,2916
-84,2915
0,2913
52,2911
-97,2910
-79,2908
-18,2907
6,2906
95,2905
-38,2904
95,2903
22,2902
91,2901
34,2900
-64,2899
24,2898
8,2897
-58,2896
-50,2895
64,2894
-87,2890
94,2889
-82,2888
98,2887
-58,2886
68,2885
40,2884
23,2883
19,2881
-55,2880
44,2879
79,2875
26,2874
-90,2873
-85,2871
35,2870
56,2869
-95,2868
-19,2867
-87,2866
42,2865
-73,2864
79,2863
70,2861
-54,2860
-82,2859
91,2858
54,2857
61,2856
-46,2855
-45,2854
-42,2853
-56,2852
-43,2850
-4,2849
36,2847
43,2846
-28,2845
-74,2843
-86,2842
-82,2841
-28,2840
43,2839
15,2838
-17,2837
71,2836
-80,2835
-23,2834
-82,2833
-28,2832
87,2831
53,2830
3,2829
-68,2827
57,2826
-100,2825
61,2823
-63,2821
-31,2820
-77,2817
-15,2816
-31,2815
-20,2814
75,2813
70,2811
59,2810
-48,2809
83,2808
15,2807
-66,2805
87,2804
57,2803
-91,2802
-9,2801
24,2798
-1,2797
-28,2796
-56,2795
45,2794
-5,2793
-78,2792
5,2791
-15,2790
22,2789
54,2788
-73,2787
-22,2786
-24,2783
39,2777
-21,2776
-64,2775
-62,2773
74,2772
-54,2771
-60,2770
-69,2768
-48,2767
-20,2766
31,2765
94,2764
9,2763
57,2762
14,2761
63,2759
-71,2758
24,2757
-37,2756
-78,2755
-27,2754
-21,2752
-22,2751
-90,2750
43,2749
80,2747
53,2746
92,2745
-90,2744
86,2742
88,2740
0,2739
68,2738
-46,2736
-8,2735
-74,2734
25,2732
61,2730
92,2729
-52,2728
1,2727
-56,2726
3,2725
-22,2724
-9,2723
-20,2722
7,2721
-94,2720
-100,2719
6,2717
44,2716
-84,2715
-70,2714
-51,2713
-47,2712
55,2711
-74,2710
95,2709
-63,2708
40,2707
19,2706
38,2704
94,2702
15,2701
46,2700
82,2699
15,2698
13,2697
-91,2696
70,2695
11,2694
-58,2693
-15,2692
-20,2691
5,2690
51,2687
-11,2684
-97,2683
-89,2682
49,2681
69,2680
10,2679
76,2678
70,2677
75,2676
40,2674
65,2673
-30,2672
-82,2671
70,2670
-40,2669
35,2668
56,2667
-88,2666
48,2665
17,2664
-45,2662
1,2661
-2,2660
87,2659
27,2657
70,2656
53,2655
-58,2652
-52,2649
-29,2647
-24,2646
-88,2645
80,2642
2,2640
38,2639
87,2637
38,2635
-72,2634
-81,2632
-31,2631
13,2629
89,2628
-64,2627
1,2626
36,2625
83,2624
-61,2621
-25,2620
-65,2619
66,2618
67,2617
70,2616
-24,2615
-32,2614
-4,2613
100,2612
56,2610
-87,2608
58,2607
45,2606
-8,2605
16,2604
14,2603
98,2602
-77,2601
-16,2600
62,2598
-32,2597
51,2596
18,2594
-3,2593
-53,2592
29,2590
71,2589
36,2588
62,2587
25,2586
-9,2585
75,2580
-66,2578
10,2575
-97,2574
55,2573
63,2571
-77,2569
-94,2568
-21,2567
-56,2566
-28,2565
55,2564
2,2562
-61,2561
32,2560
-64,2559
13,2558
60,2556
-94,2555
-88,2552
-20,2549
-86,2548
-73,2547
-60,2544
12,2542
41,2540
3,2539
99,2538
8,2537
47,2536
-34,2535
-97,2534
39,2532
64,2530
40,2529
-12,2528
10,2527
68,2526
-38,2525
-72,2524
-96,2523
-86,2522
-89,2520
-31,2519
-87,2518
-58,2517
73,2516
-54,2515
15,2514
-57,2513
0,2510
-5,2509
-97,2508
56,2507
66,2506
37,2504
92,2503
-42,2502
-45,2501
83,2500
1,2499
3,2498
97,2497
-5,2496
-13,2495
88,2493
1,2492
-19,2491
97,2490
93,2489
-9,2487
-49,2486
24,2484
15,2483
-76,2481
56,2480
-35,2479
-21,2478
-67,2477
26,2476
53,2473
98,2471
78,2470
-15,2469
23,2468
33,2467
77,2466
11,2465
-19,2464
66,2463
54,2460
52,2459
-76,2458
52,2456
-69,2455
-4,2453
97,2452
-16,2451
-51,2448
-33,2445
-6,2443
55,2442
-87,2441
-89,2440
-41,2438
-54,2437
37,2436
37,2435
-72,2434
-93,2432
21,2430
12,2429
-100,2428
76,2427
-2,2426
-67,2424
-7,2423
26,2422
35,2421
-71,2420
-99,2419
71,2417
42,2415
-1,2414
-11,2413
-55,2412
-10,2411
-65,2410
84,2409
67,2408
56,2406
-76,2404
-37,2403
-81,2402
-27,2401
85,2400
81,2399
3,2398
52,2394
-86,2393
91,2392
-4,2391
37,2390
-100,2388
45,2386
-61,2385
99,2383
-65,2382
-23,2380
-16,2379
3,2378
-3,2377
-41,2375
-81,2374
-40,2373
-1,2372
33,2371
-60,2367
53,2366
15,2365
-82,2363
-73,2362
-1,2361
-41,2357
-69,2356
-72,2354
-89,2353
-53,2352
33,2350
-78,2349
78,2348
50,2347
52,2346
-4,2345
-27,2343
-7,2342
10,2341
90,2340
34,2338
-13,2337
-31,2335
-9,2334
90,2333
-38,2331
3,2330
-74,2329
56,2328
17,2325
71,2324
-50,2323
20,2322
88,2321
-18,2320
-57,2318
85,2317
-39,2316
-50,2315
-96,2314
89,2313
57,2310
100,2309
-9,2308
82,2307
3,2306
-74,2305
-7,2303
-53,2302
27,2301
-5,2299
19,2298
43,2297
-70,2296
98,2295
-19,2293
-39,2291
99,2290
16,2289
9,2288
-54,2287
-90,2286
-18,2285
42,2284
20,2281
49,2280
-16,2278
19,2276
-37,2275
3,2274
-48,2273
-26,2272
86,2270
51,2267
0,2265
-6,2264
-75,2263
58,2261
68,2258
-100,2257
-65,2256
14,2255
-2,2254
24,2252
-95,2250
31,2249
37,2248
65,2247
-29,2246
-71,2245
48,2244
29,2243
80,2242
-72,2241
71,2240
-36,2237
-94,2236
-79,2235
42,2234
-65,2233
-31,2232
35,2231
59,2230
-13,2227
16,2226
11,2225
-54,2223
-62,2222
-52,2220
-14,2219
37,2218
83,2217
-60,2216
9,2214
46,2213
5,2209
-13,2208
32,2206
-85,2205
37,2203
-92,2202
42,2200
69,2199
-41,2198
-87,2197
-66,2196
-54,2195
15,2193
24,2192
53,2190
36,2189
-3,2187
-23,2186
-68,2184
-38,2183
-79,2182
11,2181
35,2180
-90,2178
-32,2177
-97,2175
-68,2174
5,2173
-91,2168
-48,2167
74,2166
-18,2164
7,2163
64,2162
-10,2161
55,2160
-5,2159
-95,2157
30,2156
58,2154
67,2153
-35,2152
34,2151
71,2150
-25,2149
-27,2148
-39,2147
8,2146
-52,2145
-20,2144
-1,2143
59,2142
-100,2141
-68,2139
66,2138
-87,2137
66,2136
-8,2135
-32,2134
-6,2133
34,2132
-88,2130
81,2127
-63,2126
91,2124
67,2123
-91,2122
49,2121
85,2120
-99,2119
23,2118
48,2117
-1,2115
-52,2113
-9,2110
78,2109
-42,2108
49,2107
87,2106
-32,2104
-82,2101
1,2099
-26,2098
-59,2096
-31,2095
-72,2094
-58,2093
12,2091
-79,2089
-66,2088
-71,2087
-44,2086
-4,2085
-14,2084
89,2083
31,2082
-34,2081
9,2080
-39,2078
28,2077
-42,2076
100,2075
14,2074
-48,2072
94,2071
42,2070
56,2069
85,2068
-9,2067
5,2066
65,2065
42,2064
-64,2063
59,2061
18,2060
39,2058
-3,2057
96,2056
-23,2055
-84,2054
40,2053
-29,2052
35,2051
-14,2048
27,2046
-89,2044
86,2043
-8,2042
27,2041
53,2039
84,2038
38,2037
36,2036
14,2033
-100,2032
47,2031
26,2030
34,2029
53,2028
69,2027
-26,2026
-53,2025
-91,2023
47,2022
-70,2021
-14,2020
-91,2019
43,2018
-29,2016
99,2015
-71,2014
100,2013
-1,2011
56,2010
15,2008
-66,2007
56,2006
2,2003
78,2002
90,2000
-85,1999
11,1998
-34,1997
-52,1996
76,1994
30,1993
-77,1991
-59,1987
-30,1985
75,1984
-7,1983
67,1982
-89,1981
54,1980
-7,1979
15,1978
68,1976
-10,1975
10,1974
71,1973
81,1972
34,1970
94,1969
18,1968
-28,1967
-60,1966
44,1965
97,1963
11,1962
-98,1961
-94,1960
-82,1958
-20,1955
-84,1954
-94,1952
85,1951
83,1949
10,1947
0,1946
-10,1945
-89,1944
89,1943
80,1942
11,1940
-38,1938
-59,1935
91,1932
7,1929
-49,1928
-13,1926
9,1925
60,1924
43,1923
69,1922
-59,1921
-76,1920
-37,1919
100,1918
77,1917
71,1916
-96,1915
-71,1912
57,1911
-10,1910
30,1909
53,1908
64,1907
10,1904
-72,1901
99,1900
34,1899
-61,1897
-15,1896
-72,1894
11,1893
28,1891
-44,1890
-65,1889
62,1888
73,1887
42,1886
-74,1885
21,1884
-2,1883
84,1881
78,1879
84,1878
70,1877
99,1876
-90,1875
-4,1874
85,1872
96,1871
-53,1870
13,1869
-32,1868
91,1866
-82,1865
-59,1864
77,1863
-20,1862
-2,1861
65,1859
40,1858
16,1857
-9,1855
-53,1854
13,1853
-19,1852
-60,1850
47,1849
-36,1848
-46,1847
-61,1846
-42,1845
-60,1844
-13,1843
72,1842
29,1841
74,1840
-82,1839
-62,1838
-88,1837
74,1836
-31,1834
89,1833
-15,1832
-36,1830
14,1829
62,1827
39,1826
-56,1824
45,1823
-87,1821
-84,1819
47,1817
-29,1816
-81,1815
-55,1812
49,1811
-56,1810
-91,1809
-40,1808
64,1807
-20,1806
22,1805
-26,1804
3,1801
-15,1800
-71,1799
-70,1797
15,1794
-37,1791
80,1790
-52,1789
-35,1788
-14,1787
-42,1785
-76,1784
34,1783
81,1782
86,1781
-71,1780
99,1778
68,1775
-60,1774
-62,1773
-77,1771
2,1770
20,1769
-86,1768
40,1767
37,1766
44,1765
57,1764
-57,1763
100,1762
70,1761
-81,1760
72,1759
92,1758
30,1757
-35,1756
-48,1755
-6,1754
-64,1752
-32,1750
67,1749
-57,1747
92,1746
3,1745
82,1744
-47,1743
85,1742
60,1741
38,1739
-57,1738
-26,1737
35,1734
40,1733
-5,1732
-39,1731
91,1729
87,1728
-4,1727
77,1726
-80,1725
-28,1724
-5,1723
-58,1722
39,1720
63,1718
26,1716
58,1715
71,1714
-63,1712
-25,1711
17,1710
28,1706
34,1704
-100,1703
43,1702
24,1701
-48,1700
76,1699
37,1698
-23,1697
30,1695
93,1693
30,1691
-85,1690
-5,1687
58,1686
8,1685
29,1684
-62,1683
-51,1680
11,1679
2,1678
27,1677
35,1676
-71,1675
87,1673
-9,1672
-8,1671
-39,1670
-20,1668
9,1667
100,1665
-81,1664
63,1662
-62,1660
-7,1659
-52,1656
7,1655
-99,1654
-4,1653
-4,1652
-33,1651
80,1648
-6,1647
35,1646
-73,1645
79,1640
24,1639
67,1637
23,1636
-54,1635
-71,1634
79,1633
55,1631
17,1629
-40,1627
-19,1626
91,1625
4,1623
-84,1622
-13,1620
97,1619
4,1615
-95,1613
86,1609
-58,1608
67,1607
-79,1606
52,1605
75,1604
38,1603
-57,1600
-33,1599
-90,1598
-47,1596
-1,1595
-48,1594
-66,1592
26,1591
-79,1589
-16,1588
-23,1587
40,1586
-29,1585
89,1584
-77,1583
24,1582
-56,1581
10,1580
5,1579
-31,1578
-14,1577
4,1576
-98,1575
-61,1574
-25,1573
93,1570
-46,1568
-61,1567
94,1566
-71,1565
6,1563
25,1562
82,1561
97,1560
88,1558
68,1557
-92,1556
-23,1552
42,1550
-50,1549
48,1548
94,1547
34,1546
-45,1545
-1,1544
-33,1541
-88,1540
-84,1539
5,1537
39,1536
-11,1533
70,1532
-91,1530
-4,1529
28,1528
99,1527
-27,1526
-38,1525
-26,1524
99,1523
77,1522
43,1521
76,1520
24,1519
80,1518
27,1517
-36,1515
46,1514
-28,1513
22,1511
57,1510
99,1509
44,1508
3,1507
-76,1506
-84,1505
93,1503
-49,1502
99,1501
59,1499
-85,1498
-37,1497
-6,1494
-60,1493
61,1492
94,1490
-78,1488
54,1487
-36,1486
94,1484
78,1483
-56,1482
46,1481
-3,1480
-28,1478
5,1474
-58,1473
-69,1472
-43,1470
-2,1468
-44,1467
-61,1465
55,1464
96,1463
-5,1462
-16,1461
29,1460
0,1459
-45,1458
49,1457
0,1456
15,1455
18,1452
-32,1451
-5,1449
-40,1448
-59,1447
48,1446
-39,1444
36,1442
23,1439
3,1437
77,1433
-14,1431
-42,1430
55,1429
98,1428
-90,1427
-5,1426
-5,1424
-45,1423
-31,1422
-54,1420
-72,1419
-92,1418
-72,1417
58,1416
-73,1415
77,1413
-56,1412
-10,1411
47,1410
-22,1409
-31,1408
-75,1405
-18,1404
90,1403
-45,1402
8,1401
-16,1400
-87,1399
38,1397
-22,1395
78,1392
39,1391
-39,1390
99,1386
-56,1385
48,1384
86,1383
-48,1382
47,1380
83,1379
27,1378
99,1375
71,1371
-78,1370
69,1369
19,1368
-17,1367
51,1366
23,1365
-100,1364
18,1362
-80,1361
-76,1360
44,1359
-98,1357
5,1356
-64,1355
-94,1354
-27,1353
50,1352
83,1351
25,1350
52,1349
-57,1348
0,1347
26,1346
51,1345
67,1344
-82,1343
-44,1342
-53,1341
24,1340
-4,1338
-96,1337
61,1336
-88,1335
-76,1334
-23,1332
45,1331
-87,1330
-39,1329
-94,1328
-93,1327
-6,1326
37,1325
86,1322
-93,1321
-32,1320
30,1318
-59,1317
-72,1316
-37,1315
91,1314
-95,1313
55,1312
-27,1311
82,1310
-30,1308
-61,1307
-59,1306
60,1305
-42,1304
19,1302
30,1298
92,1296
-89,1295
100,1294
-10,1293
-45,1292
27,1291
-4,1290
-23,1289
-18,1287
16,1285
37,1284
84,1283
67,1282
-17,1281
76,1279
-26,1278
-61,1277
4,1276
79,1275
43,1271
-4,1270
82,1269
-18,1267
53,1265
-37,1264
-9,1263
65,1262
84,1261
35,1260
-90,1258
-76,1257
68,1256
84,1255
-23,1253
73,1252
18,1249
65,1247
32,1246
-47,1244
-67,1243
-78,1242
-33,1240
65,1239
95,1238
45,1237
91,1236
-75,1234
40,1233
-47,1231
-14,1230
94,1229
-13,1228
26,1227
61,1226
-36,1224
66,1222
-11,1216
20,1215
-42,1214
-79,1210
31,1208
-92,1207
-74,1206
71,1205
77,1204
51,1203
-31,1201
1,1200
-24,1199
46,1198
14,1197
-56,1196
-18,1195
-56,1194
82,1193
-97,1192
64,1191
-91,1190
-80,1189
89,1188
15,1187
-23,1186
90,1185
83,1184
78,1183
0,1182
-76,1179
44,1177
79,1174
-91,1173
24,1172
-4,1171
69,1170
62,1169
23,1168
-81,1167
-66,1165
-95,1164
-93,1163
-72,1161
-46,1160
-100,1159
14,1158
37,1157
84,1156
-93,1154
69,1153
57,1152
-15,1151
42,1149
-42,1148
79,1147
-15,1145
-80,1144
-53,1143
62,1141
-75,1139
-43,1138
85,1136
75,1134
46,1133
5,1132
-31,1131
95,1130
51,1129
73,1128
2,1127
-38,1125
87,1124
15,1121
49,1119
35,1117
90,1116
26,1115
52,1113
-67,1111
66,1109
-4,1106
-5,1104
85,1103
-52,1102
14,1100
88,1098
-88,1096
-33,1094
-72,1093
-92,1091
-88,1090
-57,1089
53,1086
-61,1085
41,1083
-22,1081
80,1079
68,1078
73,1077
77,1075
-18,1073
-16,1072
63,1071
-14,1070
-92,1069
90,1068
-61,1066
54,1065
-46,1064
72,1063
22,1059
-99,1054
46,1053
-95,1052
-93,1051
20,1049
42,1047
-84,1043
74,1042
19,1041
1,1040
-83,1039
40,1038
73,1037
14,1036
54,1035
-39,1034
-91,1032
-47,1031
-46,1030
99,1029
61,1028
-71,1027
-16,1025
-99,1024
79,1023
84,1022
18,1021
-36,1020
95,1018
-9,1017
40,1016
-51,1014
-55,1011
-91,1010
-25,1008
75,1005
2,1004
-74,1003
-20,1001
-24,1000
87,998
79,997
16,996
-14,995
-41,993
76,992
-20,990
-63,989
88,987
-50,986
90,985
81,984
-18,983
-55,982
-84,981
6,980
43,979
4,977
86,976
73,975
-66,974
51,973
-92,972
40,971
-38,968
87,967
-50,966
39,965
-63,964
-33,963
-97,962
-15,960
-64,959
0,958
69,957
-44,956
-27,955
-42,954
54,950
8,947
-50,944
-34,941
-48,939
-97,938
97,935
-79,934
6,933
41,931
-33,930
20,929
-34,928
-64,926
52,925
-73,924
-54,923
-22,922
-82,921
-80,919
21,918
-66,914
-85,912
41,910
-2,909
-41,908
28,907
98,905
16,904
10,903
45,902
4,901
35,900
-31,898
-75,897
79,895
92,894
-26,893
-40,892
-1,890
-25,888
95,886
73,885
33,884
10,883
13,881
43,880
98,879
47,878
-56,877
-79,876
1,875
63,874
-73,873
-59,871
-35,869
75,868
24,867
81,866
-64,863
82,861
-52,860
-71,859
56,858
84,857
86,856
14,855
91,854
-67,853
-22,852
14,851
69,850
70,849
8,848
21,846
-47,845
72,843
-23,842
-49,841
-97,838
73,837
3,835
-98,834
30,833
-2,832
84,831
-56,829
-100,828
-46,827
-81,826
-56,825
13,824
-89,823
49,822
-88,821
-23,819
-91,818
-79,817
20,816
-49,815
-89,814
82,813
-42,812
42,811
11,810
34,809
-64,808
96,807
-68,806
31,804
86,803
57,802
71,801
12,800
84,799
14,798
-95,797
84,796
-9,795
-74,794
58,793
71,792
10,791
-83,790
-60,789
27,787
-64,786
-52,785
-71,784
55,783
11,782
-7,779
23,778
-99,777
65,776
-60,774
53,773
41,772
-78,771
-26,770
56,769
99,768
54,766
75,765
20,764
-58,763
13,761
-7,760
-39,759
84,757
37,756
-22,755
-54,754
13,753
0,752
61,750
-73,749
97,748
25,747
77,746
75,745
98,744
-34,743
6,741
-38,738
-31,737
99,736
26,735
93,734
73,733
100,732
-60,731
-9,730
31,729
-41,728
34,726
20,725
67,724
25,723
-16,722
-74,721
-82,720
61,719
86,718
50,717
-52,716
-76,715
-98,711
-45,710
-5,709
-2,706
29,705
13,704
39,703
24,700
68,699
81,698
47,697
-31,696
50,695
90,694
41,693
-29,692
-38,691
17,690
-38,689
-33,686
-27,684
-38,683
-36,681
-29,680
-89,679
13,678
79,676
-38,675
66,674
-42,673
-97,672
29,671
83,669
-79,666
71,665
-20,664
82,663
26,662
54,660
-26,659
-57,658
-48,657
-61,656
95,655
-70,653
17,652
-27,651
2,650
81,649
13,648
59,647
36,646
-67,645
19,642
-26,640
72,639
-71,638
28,636
-18,634
-93,633
1,630
86,629
-78,628
-48,627
93,626
-98,624
12,623
43,621
-26,619
-10,616
-13,615
-95,614
-25,613
10,612
35,611
59,610
-73,609
-24,608
-86,606
-55,604
-96,603
-16,602
42,601
-15,600
-6,599
-29,597
15,595
-87,593
-53,592
-27,589
97,588
82,587
-34,586
-45,585
68,583
36,582
59,580
1,579
13,577
-31,576
58,574
8,573
100,571
20,570
67,568
-62,567
-55,566
-71,564
-62,563
-67,562
63,561
-47,560
68,559
89,558
59,556
72,555
-72,554
-98,552
-20,551
83,549
-88,548
69,546
-79,544
-2,543
6,542
-34,541
-82,540
-71,539
90,538
-25,536
-33,535
21,534
75,533
-89,532
-47,530
-41,528
67,527
94,525
-54,523
72,522
98,521
8,520
8,519
87,516
72,515
13,514
4,513
-46,510
-78,509
76,508
-81,507
-84,506
35,505
59,503
72,501
-77,500
8,499
17,498
-1,497
-86,496
99,495
-29,493
-95,492
-92,491
-37,489
82,487
-14,486
39,485
-14,484
-1,482
-16,481
-90,479
-87,477
61,476
30,475
30,474
-50,473
-7,472
-88,471
87,470
-6,468
-15,467
-8,466
-77,465
-99,463
83,462
-36,459
-74,458
-50,457
-29,456
21,455
43,452
33,451
-57,450
26,449
-58,448
33,447
-94,446
30,445
-10,444
-85,442
-72,439
-100,438
-77,437
-29,436
55,435
-66,434
40,433
82,431
63,430
-61,427
-73,425
62,424
5,423
85,422
74,421
17,420
48,418
-49,416
36,414
63,413
44,412
-28,410
100,409
76,408
11,407
8,406
-27,405
31,403
64,402
12,401
39,400
71,399
33,398
-99,396
-9,394
-3,393
2,392
1,391
-18,390
85,389
-41,387
-91,386
40,385
15,384
42,383
28,382
36,380
-75,379
13,378
-28,377
80,376
-79,375
83,374
71,373
-68,371
34,370
-5,369
-81,368
-43,367
38,366
-17,364
-73,362
-52,361
80,360
-8,359
-16,358
6,357
-11,356
16,355
75,353
-53,352
72,349
30,348
31,346
55,345
-12,344
42,342
-67,341
34,340
95,339
15,338
48,337
-94,335
-36,334
-19,333
-74,332
87,331
89,330
25,329
-29,328
-99,327
-87,326
-10,324
-99,323
-3,322
41,321
-62,320
-38,319
-1,318
-58,317
64,316
32,314
77,313
53,312
7,311
59,310
97,308
9,307
-38,306
52,305
-92,304
93,303
-72,302
60,301
-50,299
89,298
90,297
-19,296
97,295
47,294
58,293
41,292
67,291
46,288
62,287
-75,286
-4,283
61,282
47,281
-55,280
10,278
72,276
74,275
-86,274
-67,273
-44,272
-67,271
-92,270
54,269
92,267
22,265
65,264
63,263
92,262
53,261
78,259
-10,258
-30,257
95,255
-17,253
-1,252
18,251
87,250
70,249
90,248
-5,247
14,246
50,245
52,244
-85,243
82,242
-66,241
-46,240
-5,239
99,238
-49,237
-43,236
98,234
-82,233
91,232
42,231
-49,230
7,229
-77,228
-22,227
89,225
-43,224
-63,223
39,222
52,221
-23,220
-61,219
-11,218
-73,217
68,215
86,214
-86,213
-69,212
100,211
10,209
-69,207
-86,206
-54,205
-66,203
-27,202
-32,201
89,200
19,199
56,198
77,196
-49,195
-100,194
86,193
47,191
-54,190
-56,189
84,187
-73,185
-50,184
79,183
-75,182
42,180
19,179
-20,178
-32,177
19,176
-23,175
37,174
81,173
-40,172
-23,170
-35,169
86,168
-46,165
-36,163
-27,162
-20,161
9,160
-47,159
10,157
-52,156
66,154
80,152
80,151
78,150
20,149
-99,148
20,147
63,145
40,143
-8,142
-86,141
-62,140
74,139
26,135
-27,134
-64,132
-20,131
32,130
42,128
75,127
80,126
50,125
77,124
91,123
98,121
70,120
89,119
41,118
63,117
91,116
-76,115
-26,114
95,113
-57,112
-1,111
99,110
-30,109
-50,108
-81,106
66,105
95,103
-91,102
-9,101
-47,100
59,99
-12,98
-79,97
87,96
-8,95
-40,94
43,93
-46,92
-84,90
47,89
19,88
-15,87
-37,86
24,85
44,84
-36,83
90,82
100,80
75,78
-26,77
35,75
72,74
94,70
-33,69
65,68
-28,67
93,66
13,64
88,63
70,62
-92,61
57,60
48,58
52,56
2,55
40,54
99,53
-90,52
31,51
2,50
-28,48
-100,47
-11,46
17,45
72,44
35,43
76,41
90,40
44,39
-82,37
-58,36
44,35
-67,34
-38,32
53,31
-63,30
-6,29
11,27
71,26
-46,25
-91,24
-99,22
-49,21
23,20
-59,19
-79,18
2,16
8,15
-28,14
17,13
-76,12
43,11
-38,10
-87,9
39,7
-17,6
-79,5
-29,4
68,3
-5,2
