91,9999
30,9998
-50,9997
-37,9996
-18,9995
-30,9993
4,9992
-25,9991
-43,9990
-59,9989
53,9987
13,9986
27,9985
41,9984
-79,9982
71,9980
70,9979
-73,9978
62,9977
-44,9976
-14,9975
-78,9974
-1,9973
9,9972
-15,9968
46,9967
-12,9966
87,9965
-94,9964
-91,9962
-25,9961
97,9959
60,9957
46,9956
69,9955
54,9954
95,9953
22,9951
-9,9949
-24,9947
93,9946
-69,9944
-69,9943
54,9942
29,9940
-5,9937
-70,9936
-32,9935
-50,9932
-16,9931
-29,9928
63,9927
86,9926
-54,9924
-32,9923
-23,9921
-80,9920
76,9919
54,9918
-9,9917
90,9915
-7,9913
-62,9912
-93,9911
-38,9910
86,9909
90,9908
-91,9907
-12,9905
-58,9904
-80,9899
-5,9898
-26,9897
-89,9896
21,9895
31,9893
70,9892
-73,9891
-4,9888
39,9885
-12,9884
42,9879
-28,9878
37,9877
52,9876
81,9873
87,9872
100,9871
-74,9870
73,9869
18,9868
71,9867
58,9866
91,9865
37,9863
-17,9862
-22,9861
6,9860
47,9859
89,9858
-22,9857
54,9856
85,9855
23,9854
-49,9853
-11,9851
-77,9850
45,9849
-89,9848
-43,9847
-38,9846
65,9845
-69,9844
-14,9843
-77,9842
94,9841
-61,9840
51,9838
-31,9837
82,9836
-23,9835
75,9832
-43,9829
-32,9827
-76,9825
-41,9824
10,9822
-59,9820
-7,9819
-9,9818
-12,9817
2,9815
-1,9814
8,9813
-65,9812
-100,9811
-98,9810
-38,9809
-17,9808
-35,9806
-1,9804
-84,9803
58,9802
-21,9801
55,9797
48,9796
-81,9795
-71,9793
-81,9792
-34,9791
19,9790
-27,9788
44,9786
95,9785
71,9784
10,9783
10,9782
44,9781
-78,9780
-45,9779
-26,9778
33,9777
39,9776
85,9775
48,9774
-34,9771
-36,9769
19,9768
-61,9766
25,9765
95,9764
-69,9763
97,9762
-68,9761
39,9760
-36,9759
-44,9758
-65,9756
34,9755
9,9754
-68,9753
63,9751
85,9749
-46,9748
5,9747
35,9744
-97,9743
-62,9741
-96,9740
-84,9739
65,9738
-13,9735
-23,9734
78,9733
-13,9732
55,9731
-77,9730
-61,9728
1,9727
15,9726
-32,9725
54,9724
19,9722
-45,9721
55,9720
61,9718
-55,9717
-89,9716
30,9713
1,9712
82,9711
30,9709
41,9708
10,9706
46,9704
19,9701
40,9699
21,9698
22,9696
-46,9695
-36,9694
32,9692
24,9691
60,9689
-59,9687
1,9683
68,9682
-81,9681
-36,9680
51,9679
63,9677
-62,9675
4,9674
89,9673
76,9672
48,9671
-35,9670
35,9668
77,9667
-85,9666
0,9665
22,9664
86,9662
48,9660
73,9659
9,9658
-29,9657
55,9654
-87,9652
-29,9651
79,9650
97,9649
-74,9648
55,9647
-72,9646
-86,9645
-47,9644
18,9641
-89,9640
31,9637
82,9636
-99,9634
-78,9633
58,9632
30,9630
9,9629
-22,9627
92,9625
72,9624
-1,9623
18,9622
25,9621
-1,9620
-7,9619
-82,9618
-73,9616
86,9615
87,9614
-87,9613
23,9612
9,9611
20,9609
-63,9608
-36,9607
-22,9606
-65,9605
81,9604
-86,9603
-56,9600
89,9599
-89,9598
10,9597
-73,9595
-59,9594
50,9593
-74,9591
-82,9590
57,9589
-44,9588
29,9587
64,9581
-72,9579
-1,9577
33,9576
-42,9575
6,9573
90,9572
-86,9571
-30,9570
14,9569
-43,9568
-9,9567
83,9566
100,9564
-64,9563
99,9562
-54,9561
1,9560
19,9559
-84,9558
37,9557
88,9556
-34,9555
64,9554
-94,9553
62,9551
44,9550
-82,9549
39,9548
-76,9547
9,9546
-34,9545
-23,9544
-57,9543
99,9542
23,9541
-5,9540
-42,9539
-25,9537
76,9536
-22,9534
79,9532
30,9531
42,9530
40,9529
17,9528
-5,9527
76,9526
-38,9525
-29,9524
-99,9523
28,9522
-69,9520
77,9519
-36,9518
47,9517
47,9516
46,9515
-46,9514
88,9513
10,9512
24,9511
93,9510
41,9509
-100,9508
77,9507
60,9506
82,9505
-75,9504
78,9503
-25,9502
-86,9501
5,9500
94,9498
28,9497
-1,9496
76,9495
-61,9494
-6,9493
-58,9492
50,9491
-65,9490
-39,9489
14,9488
46,9487
27,9485
-70,9483
82,9482
90,9481
90,9480
-76,9479
-48,9478
-23,9477
57,9476
-73,9475
80,9474
45,9472
-67,9468
-56,9467
23,9466
-10,9465
-2,9464
-94,9463
75,9462
32,9460
73,9459
34,9458
-43,9456
-58,9455
-92,9454
72,9453
-53,9452
-7,9450
84,9449
-75,9447
-8,9446
11,9445
2,9444
-69,9442
-80,9441
-91,9440
77,9439
-28,9438
29,9437
72,9436
-8,9433
-25,9432
-5,9428
-18,9427
13,9426
-62,9425
63,9424
-61,9423
98,9421
-27,9420
-41,9417
7,9416
33,9415
-50,9413
-23,9412
-45,9411
-23,9409
14,9407
-46,9406
20,9405
55,9404
36,9403
86,9401
18,9400
-63,9399
96,9398
-99,9397
-4,9395
-2,9394
52,9393
49,9391
-26,9390
49,9389
72,9387
68,9386
43,9384
89,9383
-58,9382
58,9380
28,9379
19,9378
86,9377
-3,9376
-32,9375
-83,9374
-7,9373
-31,9372
9,9371
-25,9369
73,9368
46,9367
-65,9366
65,9364
60,9362
29,9359
-9,9358
62,9357
71,9356
-31,9353
51,9352
-43,9350
-3,9349
-75,9347
-55,9346
30,9344
8,9342
-77,9338
-41,9336
85,9334
-42,9333
-36,9332
-48,9330
-96,9329
2,9328
35,9327
-55,9326
69,9325
-10,9324
53,9323
89,9322
68,9321
-59,9320
81,9318
50,9317
-54,9316
44,9315
-88,9314
68,9313
-19,9312
91,9311
21,9310
-1,9309
64,9307
-79,9306
82,9305
-99,9301
81,9298
79,9297
-41,9295
-54,9294
82,9293
-100,9292
22,9291
-68,9290
-93,9289
15,9288
67,9287
-91,9286
38,9285
43,9284
-30,9283
-62,9282
76,9281
-22,9280
-72,9278
-62,9277
79,9275
59,9274
53,9273
81,9269
33,9268
-84,9267
-58,9266
0,9265
82,9264
57,9262
-93,9261
-82,9259
43,9258
7,9257
22,9256
-63,9255
34,9254
54,9253
69,9252
40,9250
-57,9249
92,9248
-83,9247
-6,9246
-94,9245
75,9244
-16,9243
1,9241
-30,9240
99,9239
62,9238
-83,9236
94,9234
-17,9233
55,9232
-93,9230
35,9229
46,9228
-69,9227
-45,9225
69,9224
-5,9223
68,9222
6,9221
4,9220
-24,9216
-74,9214
-98,9213
33,9211
87,9208
22,9207
-28,9205
86,9203
-84,9202
45,9199
-11,9198
94,9196
-11,9194
19,9193
81,9192
-79,9191
-29,9188
-58,9187
52,9186
-19,9185
-44,9184
-17,9183
79,9182
49,9181
97,9180
-14,9179
79,9178
-53,9177
36,9176
-88,9175
16,9174
-39,9173
-36,9172
73,9171
-37,9170
-98,9169
81,9168
64,9164
-82,9162
-90,9160
-100,9159
-6,9158
-22,9156
-41,9155
-22,9154
-48,9153
75,9151
-8,9150
-58,9149
-26,9148
71,9146
-46,9145
-1,9144
-3,9143
-6,9142
56,9141
27,9140
-5,9139
53,9138
27,9137
-20,9134
45,9133
-92,9131
-83,9130
78,9129
37,9128
27,9127
16,9126
-33,9122
67,9121
96,9120
-39,9119
83,9117
39,9116
60,9115
10,9114
-18,9113
-12,9112
88,9110
-84,9109
-57,9108
-35,9107
-80,9106
89,9103
-39,9102
74,9101
-99,9100
0,9098
-38,9096
-3,9093
-15,9092
-64,9091
59,9090
-9,9089
-45,9088
55,9087
87,9086
-34,9084
6,9083
11,9080
11,9079
-77,9078
83,9077
84,9075
-98,9073
0,9072
95,9070
58,9069
67,9066
58,9065
-35,9064
-18,9063
4,9062
-54,9061
-25,9060
77,9059
49,9058
24,9055
-6,9054
-14,9053
-20,9052
-84,9051
-44,9050
2,9049
-57,9048
66,9047
95,9046
53,9045
88,9043
26,9042
57,9041
4,9039
-21,9038
7,9037
21,9036
-93,9035
-51,9034
-14,9033
-60,9030
61,9029
-32,9026
-20,9025
89,9024
-67,9023
-20,9020
92,9019
-54,9018
81,9016
34,9015
17,9013
73,9012
-78,9011
-50,9009
94,9008
79,9007
94,9006
-44,9003
-9,9002
-9,9001
-81,9000
53,8999
66,8998
71,8997
79,8996
-85,8995
70,8994
-38,8993
-55,8992
12,8991
74,8990
-89,8989
-16,8988
11,8986
76,8985
-39,8984
-22,8983
94,8981
59,8980
-31,8979
-28,8976
90,8975
55,8974
-82,8973
-48,8972
-70,8971
41,8970
80,8969
-94,8967
68,8965
-38,8964
57,8963
76,8961
18,8960
57,8958
2,8957
-48,8956
44,8955
83,8954
-17,8953
-98,8952
-93,8950
-30,8949
-47,8948
-5,8946
-66,8945
5,8944
75,8943
42,8942
-15,8939
48,8937
55,8934
-47,8933
79,8929
82,8928
-26,8927
-37,8926
-37,8925
5,8924
21,8923
60,8922
80,8920
-14,8919
21,8918
79,8917
-63,8916
-40,8915
30,8914
95,8912
-27,8911
25,8910
-29,8909
53,8908
-63,8907
-15,8906
-94,8905
97,8904
-31,8902
62,8901
-94,8899
-61,8898
75,8897
-11,8895
-70,8892
54,8888
-49,8886
60,8883
69,8882
22,8881
-36,8880
0,8879
-41,8878
29,8877
49,8876
-79,8875
68,8874
86,8873
-86,8872
83,8870
41,8869
61,8868
-72,8866
2,8865
100,8864
77,8862
-97,8861
68,8860
-95,8859
-56,8857
-56,8856
69,8855
12,8854
85,8852
94,8851
1,8849
-67,8846
15,8844
100,8843
82,8842
74,8841
-92,8840
98,8838
56,8837
48,8835
-14,8834
55,8833
-69,8832
-3,8831
-56,8830
-52,8829
-67,8828
75,8827
-61,8826
63,8825
-48,8824
-59,8823
-35,8822
50,8821
19,8820
-41,8819
-17,8818
-91,8817
-48,8816
-45,8815
-48,8814
-35,8813
1,8812
29,8808
-53,8807
21,8805
91,8803
-74,8802
-73,8800
85,8799
2,8798
-46,8797
35,8796
91,8795
-73,8794
41,8792
-9,8790
61,8789
86,8788
-62,8787
-59,8786
80,8783
35,8782
-76,8781
90,8780
-37,8779
-80,8778
-38,8777
25,8776
90,8774
-64,8773
56,8772
50,8771
-78,8770
59,8769
-37,8768
58,8767
59,8766
32,8765
-52,8764
79,8763
45,8762
29,8761
-19,8760
-3,8759
-67,8758
33,8757
32,8755
73,8754
100,8753
83,8751
25,8748
55,8747
-25,8746
-61,8745
-72,8742
46,8741
-7,8740
58,8739
-93,8738
-91,8737
67,8736
24,8735
18,8734
-87,8733
-82,8731
-37,8730
72,8729
-18,8728
99,8727
42,8724
94,8723
41,8722
-38,8721
39,8720
-24,8719
-54,8718
94,8717
65,8716
90,8715
-53,8712
-86,8711
-96,8710
35,8709
30,8708
72,8707
82,8706
-13,8705
-75,8704
-71,8703
98,8702
5,8701
46,8700
58,8699
62,8698
2,8696
-69,8693
-62,8691
84,8690
82,8689
50,8688
-21,8687
63,8685
85,8684
-71,8683
44,8682
-93,8681
83,8680
-36,8678
-27,8676
30,8675
-42,8674
29,8673
-77,8672
44,8671
-88,8669
-70,8668
79,8667
46,8666
-98,8665
-54,8664
-58,8663
14,8662
2,8660
-90,8659
98,8658
-36,8656
-99,8654
21,8653
-44,8650
-28,8649
43,8648
25,8646
-34,8645
-17,8644
30,8643
-27,8642
-88,8641
41,8640
-89,8639
-86,8638
27,8637
-88,8636
-5,8635
-91,8634
-44,8633
80,8631
-25,8630
65,8628
33,8627
75,8626
-54,8625
83,8624
-88,8623
-18,8621
97,8620
-86,8616
-92,8613
95,8612
-61,8611
9,8609
26,8604
8,8603
100,8602
-84,8600
17,8598
-5,8596
63,8595
66,8594
60,8593
63,8592
15,8591
-66,8590
22,8589
79,8588
31,8587
-64,8586
69,8585
28,8584
-61,8583
-18,8582
-35,8581
-48,8580
-31,8579
-92,8577
-50,8576
97,8575
67,8574
88,8573
-77,8572
10,8571
6,8570
-96,8569
29,8568
-88,8567
2,8566
2,8565
11,8564
10,8562
6,8561
-91,8560
-83,8559
29,8558
14,8557
-75,8556
-37,8553
-40,8552
-65,8551
53,8550
15,8547
-39,8546
-52,8545
-61,8544
-68,8543
73,8542
80,8541
-18,8540
54,8539
-78,8538
66,8537
-7,8535
-88,8533
53,8532
99,8531
24,8528
-82,8527
73,8526
-3,8525
98,8523
5,8522
99,8521
-24,8519
-10,8517
-37,8516
-93,8515
-45,8513
-49,8512
-76,8511
-43,8510
22,8508
-2,8506
-18,8505
-78,8504
-39,8503
-53,8502
-41,8501
-13,8500
46,8498
69,8497
0,8495
-49,8494
80,8493
28,8492
-96,8490
86,8489
2,8488
-45,8487
-55,8486
-89,8485
-7,8482
-89,8481
-83,8480
92,8479
-60,8478
-33,8477
24,8476
-100,8475
-72,8474
-11,8473
-32,8472
-15,8471
49,8470
47,8468
-97,8467
59,8466
-11,8464
-21,8463
91,8461
10,8460
-71,8458
36,8457
-2,8456
75,8454
70,8453
-81,8452
-45,8451
-67,8450
26,8449
28,8448
-15,8447
-24,8446
18,8444
-33,8443
31,8442
-56,8441
48,8440
-37,8439
-17,8438
21,8436
94,8434
-54,8433
84,8432
86,8431
-60,8430
-91,8429
21,8428
39,8427
-93,8426
30,8425
-55,8424
-76,8422
40,8421
87,8420
62,8419
82,8418
9,8417
-41,8416
37,8415
-47,8414
-86,8413
-29,8410
-10,8409
54,8408
64,8407
44,8404
82,8403
60,8402
-71,8401
21,8400
95,8399
-73,8397
6,8395
-61,8394
-82,8393
-31,8392
27,8391
-62,8390
-35,8389
40,8388
-89,8387
80,8386
-5,8384
-82,8382
-99,8380
91,8379
-24,8378
-35,8377
85,8375
75,8374
87,8373
13,8371
68,8368
61,8367
-94,8366
-66,8365
2,8362
-37,8359
-72,8357
-42,8355
-54,8354
-70,8353
71,8352
-4,8351
-96,8349
91,8348
1,8347
3,8346
0,8345
99,8344
75,8343
-44,8341
8,8340
-71,8339
-85,8338
79,8337
-62,8335
-11,8334
44,8333
-51,8332
28,8331
-41,8328
-78,8326
29,8320
75,8319
63,8318
41,8317
-45,8316
82,8315
81,8314
-41,8313
98,8312
-32,8311
46,8309
12,8308
-72,8307
30,8304
-38,8303
-36,8302
-21,8301
26,8300
-33,8299
63,8298
-90,8297
35,8296
30,8295
-34,8294
-54,8293
-94,8292
-42,8291
91,8290
-44,8288
14,8287
58,8285
35,8283
-87,8282
22,8281
59,8279
52,8278
69,8277
-15,8276
36,8275
-54,8274
66,8272
34,8271
79,8270
81,8268
39,8267
-8,8266
-86,8265
-67,8264
20,8263
47,8262
80,8261
53,8260
-87,8259
-23,8258
28,8256
43,8253
-52,8252
-21,8251
-56,8250
19,8249
-53,8248
-15,8247
56,8246
66,8245
91,8243
4,8242
48,8241
42,8240
-70,8238
72,8237
23,8236
43,8235
-64,8232
-67,8231
-69,8230
7,8229
3,8228
98,8227
55,8226
7,8225
4,8224
-44,8223
-11,8222
78,8221
67,8219
-17,8218
55,8217
0,8216
64,8215
75,8214
-88,8212
-94,8209
55,8207
100,8206
-5,8205
97,8204
-38,8203
19,8202
-45,8201
-11,8200
49,8199
-87,8198
-19,8197
5,8196
57,8195
99,8194
-51,8193
70,8192
47,8191
51,8190
-26,8189
43,8187
-11,8185
63,8183
50,8182
52,8180
-47,8179
-12,8178
57,8177
24,8176
48,8174
68,8172
13,8171
81,8170
25,8169
24,8168
-97,8167
-56,8166
46,8165
40,8164
-99,8163
-33,8162
-89,8161
78,8160
98,8159
76,8157
33,8156
33,8155
-9,8154
-27,8152
89,8151
71,8150
-31,8149
24,8148
-71,8147
-26,8146
91,8144
43,8143
75,8142
25,8141
47,8140
-78,8137
-74,8136
87,8135
87,8134
-51,8133
-46,8132
34,8131
43,8128
6,8127
71,8126
-79,8124
90,8123
49,8122
16,8121
-37,8120
-14,8119
68,8118
26,8117
45,8115
19,8112
-91,8111
-95,8110
-42,8109
-43,8108
-60,8107
-53,8106
-92,8104
-98,8103
-67,8102
53,8101
-100,8100
-84,8099
-51,8098
-49,8097
94,8095
61,8094
-74,8093
-36,8092
47,8091
61,8090
-85,8087
-41,8085
60,8084
91,8083
90,8082
-78,8081
-10,8080
9,8079
-92,8076
21,8073
-40,8072
-5,8071
-15,8070
57,8069
-94,8068
-95,8066
-5,8064
25,8063
5,8062
82,8060
-31,8059
-64,8058
-95,8057
89,8055
-53,8054
80,8049
-84,8048
42,8047
30,8046
56,8045
-71,8044
-87,8043
-51,8042
37,8041
-5,8039
81,8038
11,8037
83,8036
71,8035
-7,8034
-56,8033
29,8031
43,8030
97,8027
-20,8026
-67,8025
35,8023
-66,8022
-50,8021
-78,8020
-50,8019
-15,8017
88,8016
24,8014
-99,8013
-84,8012
-87,8011
-15,8010
-82,8009
-28,8008
-16,8007
53,8006
-80,8003
22,8002
0,7999
46,7998
14,7997
-6,7996
-54,7995
52,7994
-45,7993
-1,7992
11,7991
-25,7990
-23,7988
95,7986
32,7985
86,7984
56,7983
-35,7982
50,7980
-9,7979
100,7978
65,7977
-83,7976
11,7975
29,7974
-84,7973
-24,7972
-64,7971
59,7970
-29,7969
-26,7967
44,7966
86,7964
33,7963
-63,7962
78,7960
81,7959
-98,7958
-11,7957
64,7955
-85,7953
-39,7951
-27,7950
-56,7949
42,7948
-39,7947
55,7946
-43,7945
39,7944
-88,7943
32,7942
77,7941
-75,7939
88,7938
-93,7936
-46,7935
36,7934
95,7933
59,7932
91,7931
-84,7929
-33,7928
62,7927
55,7925
7,7924
-55,7923
-46,7922
48,7920
67,7919
8,7918
-10,7916
-13,7914
-44,7913
2,7912
34,7911
3,7910
100,7909
-97,7908
57,7907
24,7905
40,7904
-53,7902
-69,7901
-46,7900
46,7898
-95,7897
-20,7896
51,7895
-64,7894
56,7893
98,7892
-46,7891
-27,7889
28,7888
-32,7886
-23,7885
-31,7884
91,7883
10,7881
-95,7880
70,7879
-67,7878
22,7877
29,7876
7,7875
26,7874
11,7873
62,7872
-58,7871
72,7870
-17,7868
29,7867
8,7864
64,7863
22,7859
96,7857
70,7856
65,7855
62,7854
-31,7853
-10,7852
-51,7850
-56,7849
72,7848
39,7846
-13,7844
81,7843
52,7842
11,7841
-15,7840
-39,7839
12,7838
5,7836
24,7835
90,7833
73,7832
-94,7831
-92,7830
-37,7829
67,7828
100,7827
42,7825
-51,7822
-3,7821
93,7820
-58,7819
-13,7817
8,7816
-66,7815
-27,7813
54,7812
-17,7811
-59,7810
4,7808
81,7805
-78,7804
-75,7802
-25,7801
-10,7800
34,7798
69,7797
-6,7794
48,7793
-42,7792
29,7791
-5,7790
-38,7788
-15,7787
-85,7786
6,7785
3,7784
99,7783
62,7780
-21,7779
-35,7778
-40,7777
6,7776
59,7773
-58,7772
63,7771
16,7770
53,7768
-49,7767
19,7766
-87,7765
-40,7764
0,7762
70,7761
-75,7760
-77,7759
-10,7758
-25,7757
-63,7756
-15,7755
64,7754
96,7753
-39,7752
-37,7751
80,7750
-23,7749
-50,7745
65,7743
35,7742
41,7741
-63,7740
11,7739
67,7738
-62,7737
-38,7736
61,7735
-47,7734
31,7733
36,7732
-16,7731
-58,7729
-16,7728
-89,7726
30,7724
34,7722
-76,7720
68,7719
-62,7718
-2,7717
-13,7716
-50,7715
52,7714
-76,7713
-45,7711
-10,7710
-62,7709
-43,7708
-18,7707
-48,7706
-8,7705
-29,7704
-11,7703
30,7702
-90,7701
-50,7700
-2,7698
89,7697
6,7696
71,7695
12,7694
100,7692
27,7691
80,7690
-56,7689
5,7688
-3,7686
-35,7685
-17,7683
55,7682
-24,7681
-19,7680
18,7679
-82,7678
75,7676
-31,7674
-52,7673
5,7672
-98,7671
97,7669
53,7667
-23,7666
-2,7665
91,7663
-35,7662
74,7661
95,7660
-24,7659
-9,7657
58,7656
56,7653
-11,7652
-92,7651
-81,7649
-32,7648
-24,7647
46,7645
48,7644
25,7642
15,7640
38,7639
81,7638
-91,7637
-18,7636
-45,7635
-40,7634
-43,7633
38,7632
79,7631
59,7630
2,7629
40,7626
-48,7625
-69,7623
6,7621
-37,7619
13,7618
64,7617
53,7615
50,7614
-70,7613
-6,7612
-88,7611
-29,7608
-67,7607
-47,7606
54,7603
-28,7602
79,7601
1,7600
-93,7599
95,7598
-90,7597
-35,7596
59,7595
46,7594
-76,7593
66,7587
-79,7586
80,7585
93,7584
-53,7583
10,7582
-69,7581
53,7580
-65,7579
44,7578
-82,7577
-77,7576
-41,7575
42,7574
-78,7573
52,7572
18,7571
58,7570
-37,7569
-89,7568
-43,7567
-17,7566
-61,7565
53,7563
20,7559
42,7557
58,7556
-35,7554
-94,7553
28,7551
-82,7550
56,7549
31,7548
-74,7547
66,7546
-100,7544
-12,7543
20,7542
-78,7541
79,7539
61,7538
24,7537
95,7536
-17,7534
65,7533
18,7532
39,7531
54,7530
-78,7528
-94,7527
-20,7526
81,7523
-62,7522
23,7521
25,7520
-58,7517
10,7516
18,7515
59,7514
46,7513
-90,7512
96,7511
-83,7510
-57,7509
-75,7508
-93,7507
84,7506
4,7505
77,7504
-12,7503
46,7502
49,7501
66,7500
94,7499
47,7498
-87,7497
9,7496
-41,7495
26,7494
-82,7493
-93,7492
86,7491
-53,7490
-32,7488
49,7487
13,7484
38,7480
-19,7478
2,7477
-7,7473
-43,7472
-75,7469
39,7468
79,7467
10,7466
99,7465
-41,7462
-57,7461
-10,7460
-97,7459
22,7458
75,7456
-64,7454
63,7452
71,7451
65,7448
-48,7447
-75,7446
42,7445
67,7444
75,7443
-9,7440
61,7439
5,7438
31,7436
-5,7435
41,7434
-20,7433
-73,7432
87,7431
24,7430
-65,7429
-54,7425
33,7424
98,7423
-83,7422
-92,7419
11,7418
-75,7417
24,7416
-58,7415
-53,7414
-82,7412
94,7411
-87,7410
73,7409
-78,7408
21,7407
-55,7406
-22,7405
-20,7404
78,7402
48,7401
-47,7400
76,7397
68,7396
-64,7395
79,7394
-75,7393
57,7391
-21,7388
-37,7387
-34,7386
51,7385
94,7384
-82,7382
-11,7381
7,7379
41,7378
-78,7377
66,7375
-78,7374
-93,7373
-78,7370
18,7368
-34,7367
-3,7365
-73,7364
-8,7361
71,7358
-18,7355
5,7353
12,7352
-70,7350
-79,7349
71,7348
31,7347
-55,7346
-78,7345
-22,7344
22,7340
-96,7337
77,7336
34,7334
-74,7333
-89,7329
20,7328
-75,7327
32,7326
-11,7324
51,7322
-84,7321
86,7320
-53,7319
59,7316
-58,7314
-11,7313
-19,7312
32,7311
-58,7310
97,7309
62,7308
-92,7303
90,7302
96,7301
83,7300
-84,7299
-1,7298
65,7296
-57,7295
-95,7294
85,7291
-8,7290
22,7289
-79,7288
53,7287
-18,7286
33,7285
2,7284
-98,7283
-90,7280
-47,7279
74,7278
95,7277
71,7275
-67,7273
34,7272
45,7271
-58,7270
8,7269
48,7268
82,7267
31,7265
-76,7264
96,7263
59,7262
91,7261
97,7260
-21,7259
-17,7258
-55,7257
99,7256
10,7253
23,7252
35,7251
68,7250
69,7249
33,7247
85,7246
48,7244
-49,7242
89,7241
92,7238
-20,7237
-51,7236
-34,7235
-7,7234
-81,7233
67,7232
61,7231
-89,7229
82,7228
-76,7227
81,7226
90,7223
24,7222
-27,7221
32,7220
-68,7219
-54,7217
-45,7216
-89,7214
-24,7213
-16,7212
-12,7211
-79,7210
-99,7209
45,7208
-68,7207
-8,7206
-87,7204
-65,7203
90,7202
-30,7201
-47,7199
84,7198
6,7196
18,7193
-37,7192
-71,7191
-17,7190
80,7189
62,7188
55,7187
16,7185
91,7184
72,7183
88,7182
97,7181
96,7180
-48,7179
-70,7178
-27,7177
38,7176
49,7175
73,7174
-75,7173
55,7172
7,7171
14,7170
-76,7169
-61,7168
74,7167
-77,7165
-20,7164
74,7163
-29,7162
40,7161
-95,7160
-38,7159
57,7158
-29,7157
91,7156
100,7155
16,7154
98,7153
15,7152
-31,7151
-86,7150
-41,7149
-4,7148
86,7147
11,7143
95,7142
22,7141
4,7140
75,7139
-96,7138
-64,7136
-13,7135
51,7133
-41,7132
-13,7131
78,7130
-57,7129
94,7128
-95,7126
-34,7124
28,7123
19,7122
-94,7121
-78,7120
60,7119
-64,7117
79,7116
40,7115
59,7114
58,7113
-73,7112
-70,7110
-41,7109
39,7107
78,7106
98,7105
-68,7104
12,7102
-75,7101
57,7100
63,7099
73,7097
-48,7096
-73,7095
-96,7094
-86,7093
-53,7092
-66,7091
-97,7090
77,7089
83,7088
58,7086
-7,7085
24,7084
74,7083
-38,7081
70,7080
37,7078
-67,7077
-82,7076
-16,7075
58,7074
32,7073
-4,7072
76,7070
33,7068
-42,7065
-18,7063
79,7061
-61,7060
-25,7058
-100,7057
64,7056
44,7054
-12,7053
10,7052
-49,7051
-12,7050
-30,7047
-64,7045
69,7042
-86,7041
77,7039
-56,7038
-75,7037
47,7036
-82,7034
100,7033
77,7032
66,7030
-51,7029
12,7028
100,7027
42,7026
-50,7025
87,7022
76,7021
-40,7018
-20,7016
-30,7015
17,7014
-86,7012
-55,7011
-7,7009
-31,7006
31,7004
78,7003
-86,7002
57,7000
48,6999
-83,6997
0,6996
-86,6995
38,6994
-92,6988
-78,6987
-93,6986
41,6982
27,6981
-50,6980
72,6979
-99,6978
25,6977
-70,6976
35,6974
98,6972
87,6971
93,6969
-70,6968
-22,6967
82,6966
-14,6965
-34,6964
-89,6963
92,6962
54,6960
64,6959
-33,6958
64,6957
83,6955
-82,6953
26,6952
-64,6951
-34,6950
6,6949
-13,6948
-20,6946
34,6945
51,6942
21,6941
52,6940
76,6938
-6,6937
-48,6936
63,6935
67,6934
49,6933
-96,6932
46,6931
-75,6930
14,6929
94,6928
75,6927
-84,6926
-79,6925
26,6924
46,6923
17,6922
83,6921
51,6920
5,6919
2,6918
-52,6916
-58,6914
-79,6913
-18,6912
73,6911
9,6910
-97,6908
25,6907
-17,6906
-61,6905
43,6904
13,6903
-84,6902
92,6901
-83,6900
-75,6899
-90,6896
-29,6893
-83,6892
53,6891
79,6890
8,6887
-39,6886
-38,6885
-21,6884
-97,6883
47,6880
-37,6879
-81,6878
71,6877
-89,6876
-11,6873
-69,6872
-88,6871
47,6870
-65,6869
-8,6868
-58,6867
51,6866
-95,6865
65,6864
77,6862
92,6861
85,6860
-53,6858
-20,6855
-32,6854
27,6852
-22,6851
16,6850
38,6848
-93,6846
-95,6845
-9,6843
73,6840
0,6839
90,6837
-50,6836
-78,6834
-24,6833
87,6831
78,6828
20,6827
76,6826
100,6825
-3,6824
30,6823
-5,6822
11,6821
54,6820
-65,6816
-86,6815
39,6814
77,6812
91,6809
71,6808
31,6806
52,6805
-83,6804
16,6803
-7,6802
-94,6801
1,6800
-91,6795
-14,6794
78,6793
0,6792
62,6791
13,6788
100,6787
-68,6785
-11,6783
-61,6781
-75,6779
63,6777
7,6776
85,6775
25,6772
44,6771
-68,6769
-51,6768
9,6767
-12,6766
-39,6764
48,6762
1,6761
12,6760
-45,6759
-95,6758
-38,6756
-48,6755
50,6754
-97,6752
-11,6751
-83,6750
73,6748
-46,6747
88,6746
98,6745
87,6744
-73,6743
-58,6742
-61,6739
-13,6738
29,6735
70,6732
43,6730
-80,6729
-91,6728
61,6727
-30,6726
68,6725
-78,6724
-70,6723
-15,6721
-73,6720
88,6718
-55,6716
-84,6715
-41,6714
59,6713
-75,6712
-76,6711
-3,6710
59,6709
52,6708
4,6706
-100,6705
28,6704
52,6703
100,6702
-7,6701
-73,6700
67,6699
-59,6698
-78,6697
92,6696
-1,6695
29,6694
49,6693
87,6691
-18,6690
18,6689
89,6688
38,6686
-75,6685
14,6684
58,6683
70,6682
-82,6681
-22,6680
84,6678
90,6677
-72,6676
-47,6675
86,6674
-79,6673
-5,6672
27,6671
-11,6668
-89,6667
52,6666
-9,6665
-58,6664
71,6662
44,6661
19,6660
-42,6659
37,6657
-8,6656
30,6655
35,6654
37,6653
50,6652
-98,6650
67,6649
-28,6647
-22,6645
31,6644
46,6643
-87,6642
97,6641
81,6640
52,6639
9,6636
19,6635
43,6634
7,6631
29,6630
-55,6628
-19,6627
18,6626
-6,6625
36,6624
65,6623
-100,6622
-12,6621
-11,6620
-86,6619
91,6617
61,6616
-18,6615
-46,6614
-70,6613
-89,6612
1,6611
-17,6610
30,6609
-39,6608
34,6607
43,6605
96,6604
56,6603
25,6602
98,6600
70,6598
52,6597
39,6595
53,6594
-54,6593
-97,6592
-12,6591
3,6590
29,6589
-11,6588
-59,6586
23,6584
-59,6583
-34,6582
-77,6579
48,6578
77,6576
74,6574
-9,6573
47,6572
97,6571
32,6568
62,6567
-62,6566
37,6564
21,6563
61,6562
89,6561
-15,6560
53,6559
50,6558
56,6557
25,6554
34,6553
-21,6551
89,6550
67,6549
14,6547
47,6545
56,6543
83,6542
-80,6541
55,6540
92,6538
43,6537
95,6534
0,6533
-16,6532
-26,6530
-33,6529
-95,6527
32,6526
16,6524
-33,6522
55,6521
-51,6520
65,6519
19,6518
-28,6517
15,6515
42,6514
-97,6512
-54,6510
-3,6509
-69,6508
57,6505
-25,6504
-53,6503
13,6502
-31,6501
70,6500
18,6499
69,6498
-45,6497
63,6496
46,6495
-74,6494
-67,6493
66,6492
36,6491
94,6487
25,6486
-62,6485
33,6483
-67,6482
16,6481
-9,6478
-59,6477
33,6474
-78,6473
-6,6472
-67,6471
-36,6470
-80,6469
53,6468
64,6467
-13,6466
60,6465
-37,6464
-20,6463
-37,6462
9,6461
31,6460
-33,6458
-32,6457
-21,6456
40,6455
1,6454
10,6451
-51,6450
-80,6449
17,6448
-94,6446
40,6445
-81,6444
82,6443
90,6442
-47,6441
-90,6439
86,6438
83,6437
29,6436
-10,6435
49,6434
1,6433
-34,6432
-17,6429
91,6426
18,6424
37,6423
-51,6422
48,6421
-27,6420
-18,6419
-66,6418
-51,6417
76,6415
-21,6413
73,6412
77,6411
-48,6409
-32,6407
-26,6406
-42,6405
-96,6404
32,6402
-13,6401
99,6400
51,6399
-9,6398
-6,6396
-18,6395
76,6393
-81,6389
40,6388
66,6386
20,6385
-59,6384
-52,6383
64,6382
47,6380
-11,6379
-3,6378
-56,6377
72,6376
67,6374
8,6373
95,6371
53,6370
35,6369
87,6368
-80,6367
41,6365
70,6362
-85,6361
73,6360
-22,6359
-73,6358
76,6357
-94,6356
59,6353
26,6352
-32,6351
32,6350
-93,6349
-57,6348
-74,6347
-78,6346
51,6345
50,6344
-26,6343
-7,6340
24,6339
54,6338
-89,6336
-65,6335
8,6334
97,6332
71,6331
-46,6329
56,6328
16,6327
49,6326
-59,6325
-56,6322
100,6319
44,6317
62,6316
66,6314
69,6313
-54,6312
-14,6311
-30,6310
10,6309
25,6308
76,6307
-20,6306
-45,6305
-55,6302
-90,6300
68,6299
-57,6295
56,6292
-90,6291
-29,6290
38,6289
82,6288
-71,6287
52,6286
44,6285
34,6284
-38,6283
13,6282
39,6281
44,6280
-45,6279
72,6277
43,6276
-88,6275
-38,6273
56,6272
50,6271
-99,6270
-7,6269
-17,6267
-49,6266
-35,6265
74,6264
66,6263
49,6259
50,6258
-25,6257
-75,6256
89,6255
83,6253
-76,6252
50,6251
75,6250
-7,6249
-44,6248
-38,6247
36,6244
62,6242
-68,6241
-66,6240
-37,6239
-27,6237
-32,6236
-62,6235
-82,6234
-40,6232
35,6230
-77,6229
67,6228
-54,6227
42,6226
88,6225
1,6223
77,6222
-79,6221
-98,6220
-64,6219
-14,6217
28,6216
100,6215
-72,6214
-63,6213
-63,6212
-53,6211
-6,6210
95,6208
64,6207
2,6205
94,6203
-56,6202
1,6201
-85,6200
56,6199
-74,6198
-15,6196
-18,6194
27,6193
-25,6192
11,6190
-31,6189
-88,6188
-16,6187
-45,6186
-20,6185
-28,6184
14,6183
-60,6182
42,6181
-23,6180
63,6179
-50,6177
43,6176
82,6174
87,6172
16,6171
79,6170
76,6169
-70,6167
-23,6166
75,6165
13,6164
75,6163
19,6162
30,6159
51,6158
-77,6156
-62,6155
52,6152
31,6151
-48,6150
-96,6149
-97,6148
45,6146
95,6144
72,6143
69,6142
-85,6141
23,6140
53,6138
49,6134
47,6131
78,6130
54,6128
-100,6127
-21,6126
-28,6125
-35,6123
-42,6122
18,6120
21,6118
71,6117
-62,6116
36,6114
-38,6113
57,6112
19,6110
-68,6109
75,6108
-70,6107
20,6106
-5,6105
3,6103
26,6102
-3,6101
64,6100
86,6099
-24,6098
92,6097
83,6095
-38,6093
-74,6092
36,6091
-38,6090
97,6089
12,6088
-46,6087
60,6083
-66,6082
-90,6081
-31,6076
45,6074
63,6073
-54,6071
9,6070
18,6069
26,6068
-40,6067
33,6066
-27,6065
62,6064
-73,6063
24,6062
63,6061
-44,6060
91,6058
100,6057
-16,6056
69,6055
-41,6054
93,6053
-44,6051
20,6050
-29,6049
-96,6048
-20,6047
-13,6046
-19,6045
-57,6043
9,6042
57,6040
72,6039
66,6038
48,6037
73,6035
85,6033
-36,6031
19,6030
-68,6029
23,6028
-2,6026
-26,6025
19,6023
65,6021
-47,6019
-27,6016
-29,6015
-79,6014
-22,6012
77,6010
98,6009
-89,6008
18,6007
17,6006
-81,6005
-95,6004
-82,6003
91,6002
-33,6001
-81,6000
-51,5999
-73,5998
0,5997
-8,5996
-71,5994
-21,5992
-28,5989
88,5988
77,5987
-34,5986
-52,5985
-79,5984
83,5983
-58,5982
66,5981
-6,5980
-94,5979
-3,5978
93,5977
99,5974
-54,5972
16,5971
28,5970
22,5969
-91,5968
45,5967
15,5966
55,5965
-84,5963
58,5959
-56,5958
-93,5957
80,5956
28,5954
33,5953
-31,5952
-66,5951
17,5950
-57,5949
-34,5948
57,5946
92,5945
60,5944
-76,5943
-67,5940
36,5939
35,5937
23,5936
-10,5935
-34,5933
76,5929
34,5928
-100,5927
17,5926
-79,5925
-72,5924
64,5923
14,5922
-44,5919
32,5917
-62,5915
-48,5914
-18,5913
79,5909
-64,5908
-6,5907
89,5906
-33,5905
0,5903
-11,5902
-92,5901
68,5900
-70,5899
21,5897
-35,5896
75,5895
75,5894
86,5893
-33,5892
27,5889
32,5885
13,5884
-82,5883
95,5881
-73,5880
25,5879
79,5878
47,5877
6,5876
-43,5873
-40,5872
-41,5871
80,5869
-10,5867
-95,5865
-11,5864
54,5863
19,5862
24,5860
-79,5859
-77,5857
-62,5856
-68,5855
83,5854
-79,5853
92,5852
17,5849
16,5848
-24,5847
92,5846
-91,5845
12,5843
-25,5842
-13,5841
-85,5840
-85,5838
79,5835
-23,5834
-70,5833
-9,5832
-71,5831
68,5830
36,5829
-42,5828
65,5827
-94,5826
41,5824
39,5823
-35,5821
-95,5820
-97,5819
-76,5818
-60,5817
-38,5816
39,5815
-71,5814
10,5813
60,5812
-44,5811
-31,5810
-77,5809
-5,5808
51,5806
78,5805
-34,5804
-29,5803
38,5802
-30,5800
-60,5796
32,5795
-91,5794
96,5790
90,5788
-39,5787
-57,5786
59,5783
77,5782
-34,5781
-81,5780
25,5778
32,5777
47,5775
-68,5772
41,5771
-61,5770
74,5769
38,5768
68,5766
-91,5764
54,5763
-99,5762
36,5761
9,5760
97,5758
-63,5757
-54,5756
65,5753
20,5751
98,5749
52,5748
-34,5746
20,5745
-4,5744
-31,5743
85,5742
-34,5741
84,5740
-18,5738
-8,5737
-83,5731
53,5730
0,5729
88,5728
2,5727
94,5725
-42,5723
-15,5722
21,5720
-7,5718
-34,5717
-31,5713
28,5712
47,5709
98,5707
-66,5705
8,5704
91,5703
21,5702
18,5701
-65,5699
38,5698
16,5697
48,5696
-47,5695
-24,5692
34,5689
-34,5688
70,5687
-4,5686
21,5685
-87,5684
18,5683
75,5682
-35,5681
-81,5678
-97,5677
58,5676
26,5675
32,5674
86,5673
-24,5671
-2,5669
22,5668
-33,5667
59,5666
45,5665
32,5664
46,5663
45,5661
61,5659
85,5658
-1,5657
-7,5656
19,5655
-99,5651
15,5650
-54,5649
74,5648
-92,5647
-26,5646
-99,5644
-38,5643
-72,5642
-87,5640
65,5638
-90,5637
38,5636
-57,5635
-87,5633
-38,5631
85,5629
-70,5628
20,5627
-83,5626
42,5625
-86,5623
-19,5622
-61,5621
27,5620
17,5617
-97,5616
16,5614
-83,5613
15,5612
15,5611
72,5610
-17,5609
-79,5607
11,5606
88,5605
21,5604
10,5603
4,5602
-41,5601
-43,5600
57,5599
-81,5598
-98,5597
92,5596
-9,5595
-77,5593
-43,5592
26,5591
-62,5589
-77,5588
95,5587
83,5586
3,5585
69,5584
-29,5582
49,5580
-10,5579
-34,5578
-12,5577
-90,5576
32,5575
2,5574
-73,5573
95,5572
10,5571
56,5569
-36,5568
90,5566
4,5565
40,5564
25,5563
25,5562
-12,5560
39,5559
46,5558
-45,5557
-91,5556
94,5555
25,5554
38,5552
40,5551
-93,5550
15,5548
-22,5547
46,5545
-37,5544
51,5543
58,5541
0,5540
69,5539
2,5535
-97,5533
92,5532
86,5531
-67,5527
-38,5526
-9,5525
70,5524
-50,5523
-6,5521
74,5519
1,5518
20,5517
-20,5516
-90,5515
-95,5514
41,5512
-22,5511
34,5510
-37,5509
100,5507
45,5504
-97,5503
52,5502
17,5501
67,5500
60,5499
12,5498
58,5497
15,5496
-3,5494
-78,5493
-8,5492
-84,5491
42,5490
-38,5488
66,5486
-56,5485
-53,5483
34,5482
-44,5480
87,5479
-42,5477
-86,5476
-1,5475
-47,5473
-15,5472
-69,5471
-29,5470
-24,5469
89,5467
-20,5466
60,5465
14,5464
-39,5463
-79,5461
-95,5460
47,5459
10,5456
20,5455
-80,5454
-6,5453
12,5452
58,5451
26,5450
48,5449
-75,5448
73,5447
-59,5443
-50,5442
-78,5439
50,5438
93,5436
28,5434
-79,5432
-88,5431
-42,5430
92,5429
-36,5428
-78,5427
36,5426
56,5425
-78,5422
-65,5421
32,5418
-82,5417
98,5416
-38,5414
-3,5411
-77,5410
24,5408
-86,5407
-41,5405
-10,5404
16,5403
-84,5402
56,5398
-10,5397
-8,5395
-61,5394
75,5391
26,5390
52,5387
92,5386
-75,5385
-56,5384
-72,5382
58,5381
42,5379
-65,5378
88,5377
95,5375
99,5374
63,5372
77,5371
-13,5370
-68,5369
51,5368
-34,5366
46,5365
62,5364
-44,5362
71,5361
22,5360
47,5359
23,5358
-46,5356
-99,5355
84,5354
67,5352
11,5351
23,5350
-2,5346
-22,5345
-94,5344
32,5343
100,5342
-83,5341
-79,5340
-24,5339
-23,5338
89,5337
-79,5336
-100,5335
40,5334
-10,5331
-11,5330
-91,5329
71,5328
-17,5326
-88,5325
92,5324
-22,5323
-47,5321
74,5320
-69,5319
36,5318
56,5317
-48,5316
-71,5315
59,5314
-87,5313
0,5312
-68,5311
-66,5310
-100,5309
-69,5308
81,5307
41,5306
-23,5305
-87,5304
-60,5303
41,5302
76,5298
68,5297
15,5296
-3,5295
-57,5293
25,5292
21,5291
-33,5290
-77,5289
-19,5286
-93,5285
26,5284
-93,5282
35,5281
-72,5279
15,5278
-46,5277
-28,5275
30,5271
-23,5270
-49,5269
-9,5268
-38,5267
38,5266
-50,5265
-28,5264
55,5263
-27,5262
78,5261
-71,5260
-61,5259
-58,5257
89,5255
81,5254
7,5253
31,5252
-39,5251
82,5250
-62,5249
35,5247
30,5246
33,5243
-14,5242
52,5241
-34,5239
-60,5238
98,5237
25,5235
82,5233
-91,5232
88,5230
-53,5229
40,5227
-3,5226
8,5225
55,5224
-96,5223
-2,5221
-6,5220
19,5218
-5,5216
-56,5215
-66,5214
-77,5213
59,5212
90,5211
-51,5210
-27,5209
46,5208
32,5207
-93,5206
71,5205
-46,5204
37,5203
-42,5202
27,5201
19,5200
84,5199
26,5198
-91,5196
-63,5194
-11,5192
-31,5191
94,5190
95,5189
82,5187
37,5186
78,5184
49,5183
-57,5182
31,5180
-24,5179
-2,5178
88,5177
78,5176
22,5175
-76,5174
41,5172
-76,5171
-6,5170
-5,5169
-47,5167
-73,5166
93,5165
74,5164
-24,5163
-34,5161
63,5157
100,5156
80,5154
26,5153
12,5152
-40,5151
-73,5149
-24,5148
-9,5147
-97,5146
-88,5145
-77,5144
45,5142
-29,5141
-4,5140
64,5139
-52,5137
-43,5136
35,5135
-78,5134
25,5133
-89,5132
19,5131
45,5130
16,5129
13,5128
10,5127
-87,5124
43,5123
-43,5122
-39,5121
90,5120
96,5119
72,5118
-14,5117
46,5116
42,5115
-55,5114
-54,5113
24,5111
52,5110
-65,5109
3,5108
67,5107
-62,5106
26,5104
92,5102
83,5101
13,5100
50,5099
16,5098
63,5097
-23,5096
64,5095
84,5094
81,5093
-26,5091
-73,5090
-84,5089
-23,5087
-15,5086
-40,5084
39,5083
75,5082
-92,5081
-44,5080
0,5079
88,5077
-87,5076
29,5075
-47,5074
-88,5073
36,5072
27,5071
9,5068
-45,5067
77,5066
-22,5064
-98,5063
99,5062
95,5061
-79,5060
-68,5059
42,5058
47,5055
-83,5053
-31,5052
-88,5051
13,5050
71,5049
-42,5048
39,5047
22,5046
-19,5045
-87,5044
-60,5043
-93,5042
47,5041
-5,5039
-80,5038
-72,5037
88,5036
-21,5035
-22,5034
-8,5033
-9,5032
-16,5030
-59,5028
-23,5027
84,5026
50,5025
32,5024
96,5023
31,5022
-19,5021
65,5020
62,5019
73,5018
-47,5017
-6,5016
94,5015
30,5014
52,5013
70,5012
-19,5011
-60,5010
-13,5009
-86,5008
23,5006
15,5005
-27,5004
1,5003
-55,5001
-66,5000
-85,4999
-89,4995
-38,4994
-28,4992
-7,4991
81,4990
17,4989
-25,4988
56,4987
-18,4986
42,4983
73,4980
93,4979
63,4976
16,4975
20,4974
44,4973
-34,4972
-76,4971
92,4970
23,4968
-95,4967
-26,4966
24,4965
59,4964
69,4963
-18,4962
100,4961
36,4960
45,4959
-4,4958
-68,4957
-14,4956
83,4955
-73,4953
60,4952
-91,4951
-48,4950
-14,4949
90,4947
63,4945
-10,4944
-29,4943
33,4942
-89,4941
36,4940
25,4939
-27,4938
66,4935
84,4934
100,4933
-41,4932
85,4930
65,4929
-19,4926
-62,4924
23,4921
-95,4920
-29,4919
78,4917
-11,4916
56,4915
84,4914
-11,4912
-16,4911
51,4910
21,4909
-99,4908
-69,4907
17,4906
80,4903
-72,4902
-63,4901
12,4900
33,4898
67,4897
77,4896
76,4895
65,4894
14,4892
-54,4891
-55,4890
76,4889
79,4887
-51,4886
2,4884
-65,4882
-96,4880
-71,4879
-55,4877
58,4876
-57,4875
46,4873
-25,4872
-16,4869
50,4867
83,4866
-61,4865
44,4864
74,4863
48,4862
-51,4860
16,4857
-42,4856
87,4854
-25,4853
62,4851
-68,4850
-85,4849
10,4848
-61,4847
46,4845
64,4842
-40,4840
-12,4839
-26,4838
-99,4837
35,4836
-35,4835
57,4833
75,4832
-100,4831
70,4828
34,4827
35,4826
25,4824
42,4823
-71,4822
20,4821
-54,4819
-97,4817
66,4816
22,4815
-86,4814
-50,4813
-2,4812
55,4811
-88,4810
-24,4809
-33,4808
-24,4807
8,4804
44,4803
-18,4802
-69,4801
83,4798
-43,4797
-89,4796
55,4795
97,4794
-52,4793
-87,4791
9,4790
-47,4789
-60,4788
-17,4787
28,4786
4,4785
-38,4784
-31,4783
-12,4782
-21,4780
-99,4779
-92,4778
-55,4777
-45,4774
-87,4773
-32,4772
53,4771
-47,4770
75,4768
86,4767
-51,4766
14,4765
60,4763
12,4761
-31,4760
-35,4759
52,4757
69,4756
-28,4755
-50,4754
21,4753
-71,4751
-14,4750
54,4749
55,4748
56,4747
37,4746
-84,4743
-67,4741
40,4740
6,4739
-7,4738
-1,4737
-65,4736
-25,4733
93,4732
52,4730
-73,4729
85,4728
-54,4727
94,4726
87,4725
-93,4724
47,4723
79,4722
22,4721
92,4720
-88,4719
85,4718
-87,4717
24,4716
17,4715
-27,4714
37,4713
-51,4711
62,4710
-35,4709
-36,4708
-95,4707
72,4706
-33,4705
61,4704
82,4703
-78,4702
43,4701
10,4699
3,4698
78,4697
-84,4696
97,4695
15,4694
18,4693
100,4692
-96,4691
-4,4690
30,4689
-58,4688
85,4687
-92,4686
20,4684
-70,4683
19,4682
56,4680
66,4679
-73,4676
-77,4675
42,4673
62,4672
38,4670
-63,4669
43,4668
77,4667
79,4665
-6,4664
76,4663
-56,4660
-44,4659
57,4658
5,4657
-79,4656
86,4655
69,4654
53,4651
-46,4650
2,4649
-65,4647
-12,4646
-56,4645
-55,4644
-77,4643
-97,4642
99,4641
-83,4640
-53,4638
74,4637
3,4636
-99,4635
-68,4634
-14,4632
-87,4630
29,4629
57,4628
76,4626
55,4624
-43,4623
96,4621
33,4619
-5,4618
-53,4617
14,4615
-69,4612
24,4611
90,4610
-33,4609
-46,4608
-94,4606
98,4605
-25,4604
46,4603
25,4602
60,4601
-98,4600
-96,4599
-65,4597
87,4595
-59,4594
94,4593
-57,4591
67,4590
-28,4589
2,4588
43,4586
-73,4585
98,4584
81,4583
7,4582
100,4581
-71,4579
13,4577
-84,4576
8,4575
79,4574
-6,4572
-88,4571
-87,4570
-9,4569
14,4568
15,4567
-17,4566
16,4564
-85,4563
6,4562
0,4561
-43,4560
-7,4559
60,4558
72,4557
-46,4556
66,4555
35,4553
-2,4552
-54,4551
20,4550
-13,4549
-76,4547
-21,4545
83,4544
28,4542
-72,4541
62,4540
-74,4539
-47,4538
64,4537
40,4536
-96,4535
98,4534
-19,4531
40,4530
58,4529
-29,4528
90,4527
83,4526
13,4525
-93,4524
-27,4523
88,4521
92,4520
86,4518
-66,4516
-16,4515
-21,4514
49,4513
-42,4511
-19,4510
-38,4509
93,4508
-9,4507
-47,4506
-51,4505
98,4503
92,4502
41,4500
-30,4497
-85,4496
29,4494
-69,4492
21,4490
82,4488
-18,4487
-17,4486
27,4484
-9,4483
-40,4480
-38,4476
18,4473
-25,4471
5,4470
-72,4468
57,4467
20,4465
38,4463
98,4462
9,4461
50,4458
9,4457
90,4456
-98,4455
71,4454
-6,4453
-96,4452
44,4449
99,4448
-27,4446
6,4445
84,4443
-53,4442
-79,4439
44,4438
10,4437
-18,4436
-29,4434
36,4433
-33,4432
-8,4430
13,4429
50,4427
60,4424
18,4421
-100,4420
56,4419
-49,4417
88,4416
-82,4415
-98,4414
-80,4413
24,4412
-59,4410
-42,4409
21,4408
-17,4406
-64,4405
-82,4404
68,4403
-19,4402
-58,4401
-7,4400
-33,4398
-49,4397
-17,4395
-28,4394
38,4392
-14,4391
0,4390
10,4388
-2,4387
-1,4386
-55,4385
-50,4384
19,4383
-9,4382
-23,4380
-12,4379
44,4378
-94,4377
-73,4376
-99,4375
-79,4374
62,4372
-69,4371
-41,4369
14,4366
-53,4365
-83,4364
70,4363
15,4362
16,4361
-42,4360
32,4359
-1,4356
-74,4355
-9,4354
47,4353
88,4352
100,4351
67,4349
52,4348
19,4346
-53,4345
61,4344
83,4341
51,4340
70,4339
-5,4338
15,4337
7,4335
84,4334
53,4333
86,4332
8,4331
46,4329
-73,4328
23,4327
-49,4326
-50,4325
-21,4324
28,4323
7,4321
33,4320
-14,4318
-71,4317
-24,4316
11,4315
79,4314
-93,4313
-21,4312
51,4311
-91,4310
78,4309
-47,4308
85,4307
26,4305
43,4303
-1,4302
10,4301
-27,4300
-49,4299
-100,4298
-11,4297
45,4294
-86,4293
-30,4292
-57,4291
5,4289
-43,4288
-22,4286
49,4285
46,4284
-55,4283
26,4281
-38,4279
24,4278
-52,4277
-43,4274
-1,4273
-57,4271
-7,4270
-93,4269
68,4268
-2,4266
64,4265
-21,4263
58,4261
-14,4260
8,4257
45,4256
-72,4254
100,4252
-37,4250
-2,4248
49,4247
-14,4246
-36,4245
-18,4244
67,4242
-31,4241
5,4239
71,4237
26,4235
63,4234
58,4232
38,4230
-61,4229
-17,4228
-79,4224
88,4223
-14,4222
-98,4219
100,4217
75,4216
-40,4215
-18,4214
-75,4213
-72,4212
-70,4210
-12,4209
-27,4208
-47,4207
-34,4203
-85,4202
28,4201
-98,4199
86,4198
-55,4197
-90,4196
-66,4194
79,4193
95,4192
72,4191
-4,4190
63,4189
-60,4187
-37,4186
96,4185
-96,4183
-48,4182
95,4181
50,4180
-85,4179
-77,4178
-26,4177
-39,4176
-53,4174
-98,4173
69,4172
-73,4171
-49,4170
-58,4169
-16,4168
17,4165
66,4164
26,4161
10,4160
-50,4159
59,4158
-32,4157
-47,4156
-59,4155
-98,4154
-5,4153
44,4152
92,4150
77,4149
-99,4148
7,4147
-88,4146
-73,4145
-44,4144
-79,4143
-90,4142
-76,4140
-19,4137
-93,4136
-18,4135
-56,4134
56,4133
-19,4131
-96,4130
-11,4129
-45,4126
4,4125
51,4124
35,4122
84,4121
-82,4117
-52,4115
89,4114
-8,4111
-28,4108
4,4107
83,4106
-57,4105
-39,4102
-4,4101
14,4100
-48,4099
45,4098
65,4097
-66,4096
-49,4093
43,4091
18,4090
90,4089
68,4088
-14,4087
5,4086
-32,4085
-60,4083
69,4082
25,4081
28,4080
-32,4079
-45,4078
47,4077
-18,4073
36,4071
-42,4069
-33,4068
-18,4067
-68,4066
68,4064
15,4061
72,4060
-14,4059
59,4058
-98,4056
46,4055
73,4054
-82,4053
-87,4052
-78,4049
95,4048
-14,4047
-94,4045
-4,4043
-80,4041
-35,4040
19,4039
-85,4038
-23,4037
-72,4035
100,4034
-59,4033
63,4032
41,4030
33,4029
90,4027
81,4026
-51,4025
-5,4024
-6,4023
15,4022
36,4021
53,4020
92,4019
99,4018
-77,4017
18,4013
65,4011
86,4010
65,4006
-19,4005
-98,4004
-5,4003
10,4002
18,4001
-25,4000
84,3999
31,3998
-77,3997
53,3995
31,3994
90,3993
86,3992
-52,3991
16,3990
-25,3989
-92,3988
-19,3987
42,3986
-22,3985
-70,3983
-73,3982
-96,3980
-53,3979
9,3978
-5,3977
-18,3974
-28,3973
30,3972
-48,3971
-56,3970
65,3969
-65,3968
79,3967
-66,3965
-49,3964
66,3963
49,3962
47,3961
-44,3960
-76,3959
23,3956
27,3955
-11,3954
41,3953
94,3952
59,3951
-24,3950
31,3949
-79,3948
41,3947
-76,3946
-60,3944
-39,3943
-43,3941
-52,3940
-89,3939
-100,3938
-88,3937
24,3936
-40,3935
22,3931
20,3928
-62,3926
94,3925
27,3923
27,3922
-18,3919
-42,3918
-15,3917
-22,3916
72,3915
91,3914
29,3913
-93,3912
50,3911
-96,3910
-28,3909
13,3908
-71,3903
-52,3902
53,3901
10,3900
-29,3898
70,3897
-33,3896
-24,3895
-54,3894
-43,3893
-45,3892
59,3891
73,3889
-53,3888
-53,3887
-31,3886
12,3885
58,3883
34,3882
41,3881
-31,3880
75,3879
87,3878
-13,3876
-65,3875
12,3872
-23,3871
-5,3870
-17,3869
3,3867
-54,3865
11,3864
-11,3863
55,3862
-41,3861
-32,3859
62,3858
-44,3857
11,3856
-35,3854
-36,3853
-93,3852
-65,3851
-66,3850
41,3849
-50,3848
85,3847
-69,3846
-91,3845
-92,3843
23,3842
-10,3840
-50,3839
92,3838
-96,3835
-17,3834
73,3833
6,3832
35,3830
-76,3829
-13,3828
89,3827
3,3826
73,3825
14,3824
46,3823
-34,3821
-80,3820
62,3819
-76,3818
-94,3817
77,3816
49,3814
87,3813
-17,3811
61,3810
64,3809
-85,3808
-42,3807
-17,3805
-60,3804
59,3803
93,3802
-35,3801
80,3800
-73,3798
-83,3797
90,3796
-96,3793
-13,3792
68,3790
96,3789
-7,3788
-69,3786
18,3785
98,3784
30,3783
-5,3781
91,3780
82,3779
-24,3778
51,3777
-28,3776
-86,3774
43,3771
-18,3769
-90,3768
65,3764
-23,3763
-47,3762
71,3761
86,3760
26,3759
-86,3758
-36,3757
-65,3755
-77,3754
-45,3752
0,3751
71,3750
-17,3747
-89,3746
-89,3745
-56,3744
-37,3743
68,3741
7,3740
-72,3739
83,3738
-21,3735
69,3734
79,3733
87,3732
18,3731
-68,3730
-53,3729
32,3728
-5,3727
-82,3726
62,3725
-59,3724
59,3723
7,3722
34,3721
34,3719
-43,3718
52,3717
-18,3716
90,3714
-49,3713
-14,3712
-39,3708
52,3707
52,3706
-64,3704
61,3702
47,3701
-22,3700
93,3699
28,3698
80,3697
-9,3696
-80,3695
27,3694
-2,3692
48,3690
-50,3688
35,3687
91,3685
-77,3684
-43,3683
11,3681
-3,3680
-63,3678
22,3677
-13,3676
99,3674
69,3673
-21,3672
33,3671
-11,3670
-52,3669
-16,3668
25,3667
-45,3666
-82,3664
92,3663
94,3661
-26,3660
2,3659
13,3658
-16,3657
59,3653
-14,3652
22,3651
15,3649
-98,3648
47,3647
-32,3646
37,3645
-71,3644
-3,3641
23,3639
25,3637
-34,3635
-63,3634
-46,3633
-44,3631
-4,3630
-20,3629
91,3627
-47,3626
-70,3625
1,3624
63,3621
-77,3620
-87,3619
-49,3618
8,3617
-13,3616
-11,3615
-97,3614
-87,3613
-4,3610
92,3609
59,3608
-91,3607
93,3606
-91,3605
18,3604
15,3602
-88,3601
-100,3599
35,3598
37,3597
35,3596
-2,3595
-86,3594
42,3592
75,3589
-51,3588
-14,3587
-96,3585
-51,3584
50,3583
-99,3582
-85,3580
-95,3577
-86,3576
-82,3575
-70,3574
12,3573
19,3572
-36,3571
65,3570
23,3569
41,3568
-85,3567
35,3565
-93,3564
64,3563
-35,3562
54,3561
-62,3559
92,3558
13,3556
69,3555
54,3554
34,3552
21,3551
-33,3550
-100,3549
90,3548
87,3547
-1,3545
84,3544
99,3543
-33,3542
13,3540
-91,3539
-76,3538
1,3537
25,3533
64,3531
97,3530
17,3529
24,3527
75,3526
87,3525
79,3524
-78,3523
41,3522
-69,3521
91,3520
57,3519
92,3518
-27,3517
-72,3516
-44,3515
-84,3514
29,3513
94,3511
-21,3510
-5,3509
97,3508
-4,3507
28,3506
71,3504
71,3503
0,3502
82,3501
-85,3499
-4,3496
-82,3495
83,3494
-45,3493
98,3492
-96,3491
36,3490
-14,3489
21,3488
-1,3486
-23,3484
79,3482
27,3481
-88,3480
-9,3479
56,3477
-90,3476
93,3474
79,3470
-91,3469
-78,3468
91,3467
79,3465
-48,3463
-80,3462
76,3461
-17,3460
24,3458
-44,3457
-13,3456
-93,3455
-54,3453
-24,3452
76,3451
54,3450
38,3449
4,3448
35,3447
72,3446
97,3445
-14,3440
1,3438
11,3436
-97,3435
-43,3434
83,3433
56,3432
-23,3431
50,3430
-37,3429
13,3428
-48,3427
72,3426
91,3425
25,3424
55,3423
-100,3421
-48,3419
-23,3418
32,3417
15,3416
-56,3415
19,3414
-100,3412
56,3411
20,3409
99,3408
-68,3407
-1,3406
45,3405
67,3404
-78,3403
61,3402
-26,3401
55,3400
-22,3399
84,3398
41,3397
53,3396
34,3394
67,3393
-77,3392
44,3391
35,3390
42,3389
-54,3388
-65,3387
29,3384
-77,3380
-42,3378
-12,3377
59,3375
11,3374
-78,3373
-5,3372
15,3371
74,3370
-96,3368
-82,3367
-64,3366
97,3365
-91,3363
-34,3362
-31,3361
-35,3358
74,3357
68,3356
-35,3355
99,3353
1,3352
-37,3351
-13,3350
37,3349
-64,3348
-99,3347
-31,3345
53,3344
-1,3343
37,3342
46,3340
-88,3339
-14,3338
16,3337
72,3336
-5,3335
-3,3334
53,3333
-62,3332
6,3331
-18,3328
96,3325
-25,3324
-65,3322
-54,3321
10,3320
10,3318
50,3317
31,3316
31,3315
67,3312
35,3310
-86,3309
-97,3308
41,3307
-30,3306
-88,3304
-85,3302
-60,3301
37,3300
-25,3298
-13,3297
-75,3296
72,3295
-67,3294
-10,3293
81,3292
16,3291
67,3290
75,3289
77,3287
-31,3285
-88,3283
-36,3281
-86,3280
-6,3278
22,3276
37,3275
-10,3273
-79,3272
60,3271
-82,3270
69,3267
90,3266
86,3265
51,3264
49,3262
25,3261
85,3260
-81,3259
-14,3258
34,3257
13,3255
-11,3253
39,3252
83,3251
86,3250
91,3248
-24,3246
-49,3244
-64,3243
66,3242
19,3241
-14,3240
-78,3239
56,3238
-14,3237
64,3236
73,3235
14,3234
72,3232
-97,3231
18,3230
45,3228
-72,3227
-29,3226
15,3224
38,3223
-46,3221
95,3219
35,3217
35,3216
-15,3215
-20,3213
-31,3212
26,3211
-51,3210
79,3209
95,3208
-68,3207
55,3205
-59,3204
9,3203
72,3201
55,3200
-87,3199
65,3197
-32,3196
-5,3195
-52,3194
-70,3193
89,3192
-61,3191
57,3190
-81,3188
44,3187
98,3186
-17,3185
-12,3184
-32,3183
-71,3182
-46,3181
80,3180
7,3179
30,3178
-25,3177
-22,3176
100,3175
-27,3172
-15,3171
-15,3170
-63,3169
76,3168
10,3167
46,3166
6,3165
84,3164
-83,3162
-91,3159
-23,3158
-7,3156
-11,3154
-69,3153
56,3151
-95,3150
-26,3149
54,3148
32,3147
48,3145
82,3144
-79,3143
-13,3142
45,3140
33,3139
-23,3138
-43,3137
12,3136
-21,3135
-98,3134
-65,3133
59,3131
59,3130
-8,3128
-15,3127
-88,3126
-83,3125
-31,3124
72,3123
76,3122
-84,3120
-90,3118
-83,3116
97,3115
66,3113
58,3112
77,3111
75,3110
70,3109
54,3108
17,3107
-44,3106
54,3105
-26,3104
-95,3103
79,3102
60,3101
7,3100
43,3097
-77,3096
37,3095
-25,3094
-77,3093
-70,3092
35,3091
40,3089
66,3088
41,3087
1,3085
89,3083
-74,3082
-19,3081
-54,3079
7,3078
-79,3077
-34,3076
69,3075
-3,3073
97,3072
-53,3071
-27,3070
19,3069
45,3067
-55,3066
-32,3064
3,3063
-59,3062
-35,3061
60,3060
-49,3059
71,3058
-72,3057
31,3056
49,3055
62,3052
-16,3051
-49,3050
-3,3049
83,3048
-98,3047
54,3046
-4,3044
-40,3043
74,3042
75,3041
-95,3040
85,3039
39,3038
62,3037
-45,3036
-68,3035
-81,3034
76,3032
17,3031
-34,3028
-12,3026
64,3025
3,3024
-98,3023
-91,3022
-70,3021
100,3020
-94,3018
43,3016
32,3015
-46,3014
-85,3013
25,3012
-11,3011
-87,3008
-46,3007
9,3006
93,3003
-27,3002
49,3001
64,3000
-75,2998
-46,2997
2,2996
-61,2995
23,2994
-96,2993
62,2991
-1,2990
94,2987
100,2985
-19,2984
-29,2983
-3,2981
-4,2979
18,2977
-25,2975
28,2974
-47,2973
-84,2972
-90,2971
-56,2970
-23,2967
-88,2965
15,2964
-67,2963
34,2961
10,2960
-82,2959
50,2957
-59,2956
-54,2955
82,2954
-81,2953
-3,2951
-62,2949
88,2946
59,2945
59,2944
-46,2943
-84,2942
-28,2941
-1,2940
-54,2939
10,2938
-97,2937
53,2936
32,2934
-72,2933
42,2932
-36,2931
-72,2930
29,2929
-78,2927
-9,2926
23,2925
83,2924
-59,2922
-79,2921
45,2918
-2,2917
43,2916
-3,2915
-97,2914
-52,2913
74,2912
-65,2911
37,2910
-24,2909
31,2908
-11,2906
25,2905
54,2901
-100,2900
24,2899
-97,2896
-62,2894
-19,2893
-4,2892
-14,2891
-99,2890
67,2888
-67,2887
21,2886
6,2885
-50,2884
95,2883
-93,2879
-15,2878
-85,2877
77,2876
-81,2875
42,2874
51,2873
23,2872
-28,2871
84,2870
74,2869
-52,2868
-99,2867
-25,2865
-97,2864
8,2863
-53,2862
-92,2860
-54,2859
-20,2858
-92,2857
57,2855
-67,2854
83,2853
-17,2852
-98,2851
35,2850
50,2849
62,2848
62,2847
-20,2846
-23,2845
-96,2842
-63,2841
42,2840
65,2839
-78,2837
30,2836
100,2835
10,2833
86,2832
-92,2831
-93,2830
67,2828
0,2827
-14,2825
-1,2822
41,2821
-37,2820
-88,2819
-22,2818
51,2816
-55,2814
84,2813
54,2811
3,2810
-87,2809
10,2808
-100,2807
-2,2806
56,2805
12,2804
15,2803
7,2802
22,2801
-6,2800
-63,2799
54,2797
56,2796
-76,2795
1,2794
-45,2793
15,2792
-51,2790
82,2787
57,2786
-32,2785
20,2784
-82,2783
2,2782
23,2781
-9,2780
43,2778
28,2777
32,2776
85,2775
6,2774
42,2773
53,2772
-89,2771
-45,2770
-71,2769
99,2768
99,2767
59,2765
-70,2764
-8,2763
-64,2762
-36,2761
2,2760
97,2759
59,2758
20,2757
46,2754
-70,2751
-80,2749
54,2747
10,2744
31,2742
41,2741
-7,2740
48,2739
56,2738
-25,2737
90,2736
15,2735
-84,2733
-95,2732
-91,2731
-13,2730
-22,2728
-40,2727
52,2726
79,2724
-39,2723
-52,2722
9,2719
-52,2717
-72,2716
68,2715
-15,2714
-93,2713
-56,2712
27,2711
33,2710
-42,2709
23,2708
-85,2704
62,2703
-13,2699
71,2698
-79,2697
81,2696
18,2695
-62,2694
21,2693
80,2692
-5,2691
33,2690
18,2689
-68,2688
-45,2687
-99,2686
73,2685
6,2683
81,2682
54,2681
14,2679
16,2678
10,2677
94,2676
96,2674
-44,2673
-15,2672
-82,2671
-73,2670
95,2669
51,2668
21,2667
-11,2666
85,2665
44,2663
45,2662
88,2658
62,2656
42,2655
-64,2654
-85,2653
-81,2652
-98,2651
-70,2650
-84,2649
-36,2648
-55,2647
-50,2646
80,2645
25,2644
-24,2641
-26,2640
-65,2639
19,2637
9,2633
-26,2631
-53,2630
-100,2629
26,2628
-69,2627
-80,2626
91,2625
-49,2624
44,2623
70,2621
-42,2620
-84,2618
-6,2617
97,2615
76,2611
-19,2610
-71,2609
-64,2608
73,2606
-3,2605
27,2604
-15,2603
18,2602
43,2601
-70,2597
-42,2595
98,2594
58,2593
4,2592
44,2591
32,2590
-37,2589
-47,2588
-95,2587
-5,2586
97,2585
86,2584
50,2583
-71,2582
-75,2581
-77,2580
-53,2579
-29,2578
-26,2577
93,2575
-6,2574
-90,2573
-4,2572
93,2571
-10,2570
12,2569
70,2568
69,2567
100,2566
-13,2565
41,2564
-95,2563
16,2561
92,2560
25,2559
-39,2558
-64,2557
85,2556
26,2555
76,2554
71,2553
-86,2552
-87,2546
-92,2545
65,2544
76,2543
-92,2542
-33,2541
87,2540
93,2539
-16,2538
11,2536
-49,2535
41,2533
-86,2532
44,2530
51,2529
-75,2527
18,2526
37,2525
91,2523
-5,2521
52,2520
-44,2517
58,2516
44,2515
-6,2514
23,2512
-9,2510
-82,2509
58,2508
-61,2507
-32,2506
-88,2505
-99,2504
-57,2503
-59,2502
-42,2501
-100,2500
-27,2499
-42,2498
-74,2497
-63,2496
76,2495
67,2493
-7,2491
24,2490
-41,2488
78,2486
70,2484
7,2483
62,2482
48,2480
-48,2479
48,2478
-14,2477
16,2476
59,2475
31,2474
54,2473
40,2472
-61,2471
21,2470
-57,2469
-6,2468
-4,2467
64,2466
-84,2464
-31,2462
-52,2460
-26,2459
88,2458
-31,2457
17,2456
70,2455
96,2453
-67,2452
95,2451
-34,2450
85,2448
88,2447
-20,2446
-97,2444
-74,2443
40,2442
97,2440
-79,2439
-44,2438
92,2437
47,2436
-25,2435
-7,2434
44,2433
3,2432
-13,2431
-49,2430
9,2429
68,2428
57,2426
25,2425
-43,2424
-31,2423
34,2422
25,2421
-80,2420
13,2419
45,2418
-7,2417
-95,2415
37,2414
47,2412
-62,2411
-24,2409
-9,2406
-60,2404
52,2401
-10,2400
-4,2398
-50,2397
-28,2396
2,2393
-29,2392
76,2391
-43,2390
16,2389
-1,2386
-6,2385
-54,2384
-26,2382
-51,2381
-90,2380
95,2379
30,2377
97,2375
39,2374
14,2373
13,2372
-94,2370
59,2367
-62,2366
92,2364
-1,2363
89,2361
42,2360
36,2359
52,2358
43,2357
-25,2354
61,2353
-27,2352
-54,2349
-85,2348
2,2347
-65,2346
39,2345
71,2344
42,2343
9,2341
-54,2340
9,2339
18,2337
17,2336
-64,2334
-72,2333
-79,2332
27,2331
42,2330
29,2329
-28,2328
-4,2327
26,2325
14,2324
-83,2323
-17,2322
-30,2321
41,2320
71,2318
-96,2317
-23,2316
23,2315
-68,2314
54,2313
52,2311
-6,2309
-77,2308
59,2306
4,2305
-66,2303
-17,2302
17,2301
29,2300
-54,2299
10,2297
-85,2296
-78,2295
-87,2293
-19,2292
-71,2291
98,2290
-37,2289
18,2288
34,2287
18,2286
13,2285
-42,2283
66,2281
-37,2280
-76,2279
-40,2278
-61,2274
30,2273
-14,2272
39,2271
-49,2270
9,2268
71,2267
78,2265
-27,2264
50,2263
34,2262
-7,2261
-59,2260
21,2259
-93,2258
-46,2257
-6,2254
-81,2252
16,2251
57,2249
48,2248
-41,2247
-52,2246
7,2244
60,2243
-98,2242
-29,2241
-71,2239
-34,2238
-31,2235
-16,2234
-32,2232
7,2231
-27,2229
19,2228
89,2227
-55,2226
-95,2225
50,2222
-13,2219
-29,2217
-56,2216
-91,2215
61,2212
-35,2211
67,2210
48,2209
-48,2207
82,2206
-59,2204
-18,2203
-97,2201
37,2200
33,2199
-33,2198
-55,2197
49,2196
88,2195
-58,2194
38,2193
42,2192
80,2191
-60,2190
33,2189
-14,2188
24,2187
-90,2186
-81,2185
-72,2183
59,2181
93,2180
67,2179
-96,2178
64,2177
57,2176
-69,2174
50,2172
-86,2171
47,2170
80,2167
13,2166
62,2165
-20,2164
47,2162
54,2161
-75,2158
-45,2156
65,2155
-75,2154
41,2152
86,2151
-85,2150
81,2149
14,2148
-1,2147
28,2146
33,2145
28,2143
99,2142
36,2141
-80,2140
21,2138
8,2137
98,2136
66,2135
-83,2134
11,2133
98,2132
48,2130
-59,2129
98,2127
17,2126
-45,2125
-55,2123
20,2121
20,2120
70,2117
77,2116
-49,2115
25,2114
-26,2113
-80,2112
-73,2111
-68,2110
-18,2109
-74,2108
24,2107
-34,2106
-73,2105
10,2104
3,2102
51,2099
-8,2098
-35,2097
-88,2096
-59,2093
59,2092
-4,2091
-91,2088
51,2087
27,2085
-36,2084
53,2082
38,2081
43,2079
68,2078
90,2077
20,2076
50,2075
18,2074
29,2073
58,2072
72,2070
-41,2069
-24,2068
-2,2067
-46,2066
-72,2065
-8,2064
42,2063
-30,2061
-23,2060
71,2059
-55,2058
79,2057
-89,2054
-58,2053
92,2052
-23,2051
76,2049
-32,2048
-92,2044
-51,2043
-94,2042
5,2041
49,2039
0,2038
-82,2037
-85,2032
51,2031
-12,2029
67,2028
-37,2027
-61,2026
-88,2024
59,2020
81,2019
-78,2018
55,2017
-96,2016
49,2014
74,2012
-63,2011
-51,2010
57,2009
-75,2008
-14,2007
86,2005
-85,2004
78,2003
20,2001
-91,2000
26,1999
23,1998
-67,1996
46,1995
-14,1994
-38,1992
54,1991
23,1990
55,1989
-54,1988
16,1985
94,1984
-40,1983
73,1982
-59,1981
32,1980
-44,1978
52,1977
38,1975
-65,1973
-25,1972
9,1971
19,1970
-80,1969
98,1968
90,1967
86,1966
82,1965
-7,1964
39,1963
-75,1962
9,1961
10,1960
99,1959
31,1956
54,1955
21,1954
8,1953
-90,1952
-6,1951
85,1950
19,1949
62,1946
-84,1945
-98,1944
86,1943
-2,1940
23,1939
-59,1936
-64,1935
33,1934
-70,1933
40,1932
58,1931
63,1929
-48,1928
75,1927
-21,1925
-97,1924
78,1923
33,1922
85,1921
-27,1919
-24,1917
2,1916
-69,1915
-89,1914
71,1912
82,1911
-53,1910
-26,1909
71,1908
33,1907
41,1906
13,1905
-32,1904
-53,1903
-7,1901
-35,1900
-50,1899
67,1898
86,1897
5,1896
29,1895
-76,1894
-82,1893
-5,1892
-96,1891
-74,1890
49,1889
55,1888
-86,1887
-76,1886
-2,1885
30,1884
-64,1883
34,1882
91,1881
-79,1880
77,1879
17,1878
-86,1877
-58,1876
53,1875
78,1874
-50,1872
-89,1871
-68,1869
-38,1867
-18,1865
77,1864
9,1863
-44,1862
99,1861
-6,1859
72,1857
-9,1856
59,1855
60,1854
-48,1853
-89,1851
-56,1850
60,1849
66,1848
-50,1847
33,1846
18,1845
71,1844
-59,1842
36,1841
4,1840
91,1838
14,1837
-35,1836
-63,1835
35,1834
34,1833
5,1832
-53,1831
-74,1830
37,1829
-93,1828
96,1827
-92,1826
20,1824
88,1822
-100,1821
-84,1820
5,1819
91,1817
48,1815
-33,1814
-7,1813
-52,1812
22,1811
-1,1810
92,1808
-66,1806
-34,1804
-73,1803
6,1802
-62,1801
-91,1800
-13,1799
-84,1797
33,1795
70,1794
-63,1793
0,1792
-14,1791
-10,1790
90,1789
-70,1785
-2,1783
55,1782
-9,1780
-95,1779
79,1778
-39,1777
9,1776
-36,1772
-99,1771
-46,1769
-94,1768
-92,1767
18,1766
-92,1764
-92,1763
-78,1762
70,1761
-44,1760
-10,1759
-53,1758
4,1757
29,1756
46,1755
57,1754
58,1753
10,1751
-30,1750
-43,1749
58,1748
57,1747
73,1746
71,1745
98,1740
-16,1739
-16,1737
60,1735
-7,1734
-70,1733
21,1732
29,1731
17,1730
-40,1729
-18,1728
56,1727
-14,1725
1,1723
-92,1722
77,1721
7,1720
-49,1719
43,1715
37,1714
89,1713
-30,1712
-81,1711
-93,1710
92,1709
-15,1708
84,1707
-1,1704
-13,1703
-79,1702
6,1701
68,1700
80,1699
-39,1698
21,1697
-80,1695
12,1694
37,1693
82,1691
-54,1690
-86,1689
23,1687
-86,1685
23,1684
65,1682
11,1679
-75,1678
-7,1676
-5,1675
13,1674
29,1672
94,1670
28,1667
-50,1666
-58,1665
-21,1663
-28,1662
-99,1660
50,1659
-5,1658
-95,1656
98,1655
-18,1654
-24,1653
8,1652
-56,1651
23,1650
69,1648
80,1647
-7,1646
79,1645
83,1644
-68,1643
100,1642
-15,1640
-36,1638
83,1637
-84,1635
-7,1634
-38,1633
75,1632
-97,1631
-91,1630
8,1629
0,1627
58,1625
-22,1623
49,1620
88,1618
89,1617
-100,1616
24,1615
-29,1614
-36,1613
88,1612
58,1610
-4,1609
9,1607
-75,1606
98,1605
-95,1604
-22,1603
59,1602
-11,1601
-77,1600
-73,1598
78,1597
-35,1595
-100,1594
-48,1593
79,1592
37,1591
-20,1590
-79,1589
-83,1587
-94,1586
5,1585
40,1584
-68,1583
-81,1582
19,1579
21,1577
57,1576
79,1575
-77,1574
96,1573
-99,1572
56,1571
54,1569
-8,1567
-100,1566
-90,1564
-66,1563
-40,1561
-64,1560
57,1558
45,1557
-30,1556
49,1555
99,1554
-28,1552
23,1551
37,1549
-59,1548
-59,1547
-6,1546
-57,1545
44,1544
-24,1542
-10,1541
-23,1540
-80,1539
57,1538
-61,1537
31,1536
74,1535
-71,1534
-48,1533
-94,1530
-2,1529
5,1526
20,1523
59,1522
-20,1521
-52,1520
84,1518
-46,1517
-96,1516
86,1515
-10,1514
-93,1513
-54,1512
-5,1509
15,1507
-4,1505
-56,1504
39,1503
-59,1500
26,1499
-53,1498
95,1496
-48,1495
-26,1494
-21,1493
-23,1492
-66,1489
88,1488
15,1487
58,1486
38,1485
27,1484
22,1482
95,1479
40,1478
-29,1477
-39,1476
19,1475
44,1472
-13,1471
-72,1469
64,1468
50,1467
26,1466
45,1465
21,1464
-94,1463
74,1462
-70,1461
98,1459
-30,1458
-93,1457
88,1456
-10,1455
12,1453
53,1452
18,1451
44,1450
-98,1449
82,1448
-80,1447
16,1446
99,1445
-52,1444
58,1443
28,1441
85,1437
77,1436
-58,1435
-47,1434
54,1433
53,1432
39,1431
34,1430
-7,1429
-34,1426
-51,1424
7,1423
65,1422
-79,1420
9,1419
85,1418
24,1416
-95,1414
29,1413
-56,1412
2,1411
-29,1410
89,1408
-54,1406
53,1405
-15,1404
39,1403
-29,1402
-3,1401
8,1400
86,1399
100,1398
-39,1397
34,1396
-35,1395
58,1393
-28,1391
51,1390
86,1388
-11,1387
-31,1386
-60,1384
29,1383
30,1382
34,1380
-89,1379
21,1378
-94,1377
83,1376
73,1375
13,1373
-95,1371
70,1370
-32,1368
-29,1367
5,1365
26,1364
-28,1362
-29,1361
32,1360
-64,1359
-18,1357
-91,1356
12,1355
-30,1354
-35,1353
20,1352
-3,1351
-50,1350
-67,1349
26,1348
-49,1346
1,1345
-21,1344
54,1343
-60,1341
-17,1339
29,1338
-85,1337
-91,1336
-46,1335
36,1334
-19,1333
93,1332
-75,1331
-47,1330
50,1328
-40,1327
33,1325
48,1324
-19,1323
-11,1322
93,1321
31,1320
-16,1319
3,1318
-53,1317
-50,1316
5,1314
1,1311
-99,1310
31,1309
70,1308
-79,1307
-60,1303
99,1302
-43,1301
-40,1299
-42,1298
63,1296
-2,1295
63,1293
-89,1292
35,1290
18,1289
67,1285
73,1282
-35,1281
-84,1280
6,1279
49,1277
-58,1276
66,1275
72,1274
-93,1273
98,1271
88,1270
60,1269
90,1268
-64,1267
72,1265
-47,1264
72,1263
89,1262
-19,1261
94,1260
20,1259
-4,1256
60,1255
8,1254
0,1253
-15,1252
25,1251
87,1250
-70,1249
43,1248
-94,1247
38,1245
-48,1244
33,1243
22,1242
-19,1240
-42,1238
-92,1236
-9,1235
22,1234
-69,1233
-79,1232
28,1231
-47,1230
81,1229
75,1227
-14,1226
14,1224
-21,1223
-82,1222
-6,1221
42,1219
-94,1218
-58,1217
17,1216
-60,1215
-52,1213
52,1212
-87,1211
-36,1210
68,1209
78,1208
63,1207
0,1206
-31,1201
-94,1199
-65,1198
44,1197
-3,1196
-69,1195
19,1194
-12,1193
-94,1192
-91,1191
-63,1189
84,1188
-55,1187
-45,1185
-82,1184
-4,1183
1,1182
98,1180
13,1179
29,1178
-50,1177
27,1176
66,1175
-7,1174
-54,1173
-21,1172
-86,1171
66,1170
-84,1168
7,1167
87,1166
-65,1165
70,1163
60,1162
-23,1161
27,1160
98,1158
-57,1157
29,1151
-51,1149
38,1148
-21,1146
-6,1145
6,1144
24,1143
-99,1142
93,1140
92,1139
-73,1138
-85,1136
7,1135
-53,1134
-41,1133
-90,1131
-3,1130
97,1129
-66,1128
66,1125
36,1122
78,1121
-52,1120
53,1119
92,1118
-73,1117
-74,1115
78,1113
0,1112
-95,1111
81,1110
-80,1107
40,1106
93,1105
2,1104
76,1103
-91,1102
-77,1101
59,1100
-75,1099
22,1098
-41,1096
14,1093
74,1091
-98,1090
2,1089
23,1088
-89,1087
6,1086
13,1085
16,1084
-5,1083
3,1082
42,1081
-4,1080
99,1079
-64,1078
-58,1077
-37,1075
26,1074
14,1073
62,1072
96,1071
73,1070
-17,1069
-87,1068
-61,1067
-6,1065
83,1064
75,1063
52,1062
-31,1061
13,1060
24,1059
-59,1058
64,1056
-80,1055
-39,1054
-91,1053
8,1052
69,1051
87,1050
-36,1049
94,1048
-66,1047
54,1046
-31,1044
10,1043
21,1042
49,1041
-85,1040
18,1039
-61,1038
33,1037
25,1036
-43,1034
-59,1032
31,1030
-44,1029
-38,1028
16,1027
36,1026
49,1025
-75,1024
-24,1023
-62,1022
75,1021
70,1019
25,1018
-95,1017
-90,1016
-76,1013
5,1012
-14,1011
66,1010
-57,1009
22,1008
-7,1007
-87,1006
-34,1005
78,1002
-96,1001
-27,1000
88,999
-54,998
-44,997
22,996
10,995
67,994
57,993
-56,987
-17,986
6,985
23,984
-81,981
13,979
95,978
-68,976
-1,975
-38,974
18,973
-54,972
65,971
-28,970
67,969
-18,968
44,966
41,965
88,964
83,963
16,962
62,961
22,960
-18,959
57,958
0,957
-11,956
-35,955
31,954
24,952
-1,950
62,948
52,947
-36,946
71,944
43,943
53,942
34,941
-51,940
-39,939
6,938
35,936
69,933
-29,932
6,931
98,930
-14,928
20,927
25,926
12,925
-75,924
-56,921
-52,920
-57,919
-10,917
-94,915
-77,914
-78,913
24,912
-46,910
78,906
48,905
-70,904
-49,903
45,901
-83,900
63,899
28,898
-69,897
0,896
-53,895
96,894
-71,893
24,892
-4,890
-83,889
-22,886
47,885
-82,884
8,882
-21,881
25,880
89,878
-76,877
16,876
27,874
2,873
78,872
96,870
-42,869
-63,868
24,866
-21,865
-56,863
39,862
42,861
66,860
-38,859
-72,857
-41,855
41,854
64,853
4,851
65,850
-41,849
-13,848
71,847
14,846
-70,844
45,842
-92,841
-82,840
-59,839
-63,838
36,837
9,836
50,835
55,834
-94,833
38,832
-17,831
-14,830
45,829
-89,828
89,827
9,826
92,825
49,823
34,822
-90,820
33,818
-3,817
44,816
52,815
-45,814
1,813
-37,812
-74,811
61,810
-16,809
85,808
-100,806
27,805
19,804
-84,803
54,802
-19,801
-99,799
-57,798
58,797
88,796
-62,795
-1,794
-80,792
-40,791
13,790
11,789
-50,786
12,785
25,784
-55,783
86,782
-88,781
-88,780
-100,778
-63,777
25,776
16,775
95,773
-50,772
-61,771
-38,770
95,769
75,768
-94,766
48,765
-30,764
-100,759
93,757
-49,756
12,755
70,753
28,752
61,751
-87,749
57,747
-97,743
45,742
63,740
5,738
-72,737
-65,736
48,735
-35,734
24,733
41,732
-27,730
74,728
29,727
97,726
23,724
66,720
-29,719
-93,718
-54,717
6,716
-5,715
36,713
63,712
-15,711
7,710
-37,709
-49,708
3,707
34,706
80,705
-13,704
36,701
58,698
47,697
-82,696
3,695
-92,694
13,693
91,690
11,689
70,688
85,687
-5,686
-94,685
-17,683
-51,682
11,679
45,678
-47,676
-7,675
-86,674
-29,672
20,671
97,670
-41,667
-93,666
15,665
16,663
52,662
-25,661
-64,659
-88,658
67,657
-42,656
-35,655
25,654
-84,653
-14,652
-54,651
52,650
22,649
-87,648
-95,645
99,644
-42,643
37,641
0,640
-9,639
-73,638
-93,637
-51,635
-92,634
6,633
6,632
83,631
0,630
38,629
99,628
-26,627
-65,626
27,625
7,624
-29,623
46,622
-41,620
-5,619
-38,618
-14,617
3,616
-26,615
19,614
71,613
54,612
-43,608
27,606
-30,605
8,603
-39,601
-8,600
55,599
-61,598
69,597
65,596
-19,595
-93,594
86,592
16,591
-25,590
56,589
65,587
-69,586
-81,585
-6,583
3,582
4,580
-100,579
94,578
-82,576
-41,575
52,574
68,573
50,572
-11,571
40,569
69,568
-3,567
-55,566
31,565
77,562
-68,561
-60,560
-9,558
-52,557
10,556
-92,555
27,553
-58,551
-95,550
32,549
-38,545
-69,544
-60,543
-99,542
76,541
-21,540
12,539
-55,538
-97,537
-3,534
-20,533
-25,532
93,530
-26,529
-44,528
-84,527
-24,526
80,525
-28,524
-39,523
32,522
15,521
-78,520
15,519
2,518
-94,517
-45,515
-26,514
3,511
62,510
-100,509
7,508
62,507
-22,505
86,504
86,502
-9,501
-98,499
-28,498
-68,496
-28,495
9,492
58,491
34,490
64,488
87,486
0,485
8,483
39,481
-45,480
22,478
-73,477
71,476
-80,475
-20,474
-16,473
57,472
-8,471
-40,469
92,466
15,464
32,462
30,460
-44,459
46,458
-27,457
82,456
-58,454
77,453
52,452
77,450
-1,448
-5,447
-61,445
50,443
-39,442
-25,440
-70,439
-67,438
30,437
-36,436
41,435
-2,434
-34,433
-45,432
-14,431
-92,429
-23,428
48,427
6,425
33,423
-72,422
-43,421
-90,420
-81,419
-74,418
-76,416
27,414
25,413
-91,412
-67,411
59,410
6,409
-82,408
-75,405
-23,404
21,403
-68,400
3,398
-20,396
100,395
-61,393
-57,392
26,391
14,389
-39,385
86,384
-33,382
74,381
-69,380
24,378
-13,377
3,376
31,375
44,374
53,373
70,372
-44,371
13,370
-85,369
-18,368
59,367
-94,365
-4,364
63,363
-60,362
-42,360
64,359
-5,358
-83,357
13,355
-54,353
57,351
-42,349
-60,348
19,347
27,346
63,345
-19,344
-45,343
86,342
79,340
95,339
-79,338
-51,335
-46,333
25,331
-24,330
84,329
-72,327
-72,326
70,325
-98,324
95,323
-38,322
74,321
95,320
-89,319
72,318
46,317
52,316
15,315
49,314
40,313
-30,310
-21,309
-8,308
-41,307
-7,306
-11,305
57,304
-13,303
-30,302
-64,301
-27,299
-97,297
-26,295
-41,294
-98,293
52,291
67,289
-52,288
37,287
72,285
39,284
-32,283
32,282
0,281
97,280
52,279
-17,277
-51,276
48,275
-2,274
24,272
37,270
-42,269
-25,268
16,267
-36,266
16,264
82,263
-42,262
75,261
64,260
79,258
22,257
39,256
78,255
51,252
25,251
-33,250
-80,249
-71,248
84,246
-100,245
53,244
27,241
32,240
-40,239
-78,238
8,237
4,236
85,235
-63,234
-10,233
-51,232
76,231
-83,229
-85,228
-11,227
90,225
73,224
-20,223
-9,222
35,221
-7,220
70,219
24,217
33,213
55,212
18,211
-78,210
-48,209
-34,208
-31,206
-30,205
25,203
-14,202
70,201
-12,200
-93,199
-98,198
-94,197
-42,194
48,193
-94,192
11,191
41,189
53,188
-82,187
41,185
-60,183
-4,182
86,181
-9,180
73,179
-89,177
69,176
-31,175
26,174
-66,173
-1,172
67,171
86,170
-69,169
90,168
11,167
-21,166
66,164
46,162
-53,160
99,159
-55,158
-72,157
99,156
87,155
-8,153
74,152
-60,151
2,150
-16,149
-10,148
-30,147
-96,145
16,144
90,143
-43,142
-87,141
-50,140
43,139
68,138
23,137
-85,136
-57,135
-32,134
-90,132
-79,131
-31,129
61,127
43,126
7,125
-49,124
-52,123
-43,122
-76,120
-50,119
63,118
41,116
1,115
34,114
-50,113
7,111
-50,110
64,109
-60,108
65,107
2,105
4,104
-10,103
-44,102
76,101
68,100
-54,98
66,97
3,96
46,95
35,94
-94,93
-54,92
16,91
-80,89
91,85
14,84
80,82
-72,81
-41,80
-39,79
36,77
20,76
50,75
-42,74
66,72
54,71
-56,68
-40,67
-16,66
-32,65
11,64
36,62
-97,61
13,60
27,58
-29,57
40,56
95,55
-42,54
-84,53
-36,52
-63,51
-41,50
20,49
39,48
18,46
-68,45
-70,44
79,43
-21,41
-42,40
-66,39
-28,38
-49,36
-48,35
45,34
-74,33
-12,32
-21,31
16,30
91,29
-81,28
-70,27
-57,26
32,25
-44,24
-63,23
90,21
-10,20
89,18
-91,17
76,16
41,15
-15,14
-29,12
-25,11
-36,10
-20,9
10,8
-43,7
48,5
23,4
91,3
90,2
-22,1
53,0
