30,10000
-185,9999
50,9998
-156,9997
-145,9996
-353,9995
-66,9994
-20,9993
-186,9992
-91,9991
3,9990
-142,9989
-134,9988
114,9987
471,9986
-13,9985
69,9984
-216,9983
-67,9982
-68,9981
313,9980
-89,9979
-157,9978
-86,9977
189,9976
16,9975
-176,9974
-216,9973
-96,9972
27,9971
-125,9970
-182,9969
-316,9968
165,9967
-82,9966
50,9965
-240,9964
125,9963
-137,9962
100,9961
104,9960
68,9959
42,9958
-134,9957
26,9956
159,9955
-66,9954
232,9953
-217,9952
-126,9951
-325,9950
-98,9949
139,9948
167,9947
-201,9946
204,9945
316,9944
30,9943
-23,9942
-38,9941
22,9940
72,9939
280,9938
-118,9937
-128,9936
-133,9935
-50,9934
-35,9933
-125,9932
-272,9931
263,9930
-294,9929
174,9928
-30,9927
38,9926
267,9925
-416,9924
179,9923
-160,9922
-26,9921
-199,9920
83,9919
197,9918
-23,9917
114,9916
4,9915
-227,9914
346,9913
-86,9912
-64,9911
-111,9910
321,9909
-32,9908
-78,9907
140,9906
187,9905
302,9904
-242,9903
-112,9902
220,9901
166,9900
-215,9899
-318,9898
263,9897
-124,9896
76,9895
206,9894
-195,9893
-65,9892
-44,9891
-85,9890
312,9889
246,9888
-15,9887
73,9886
93,9885
-123,9884
-248,9883
168,9882
1,9881
-109,9880
340,9879
155,9878
104,9877
250,9876
100,9875
60,9874
-90,9873
125,9872
359,9871
-438,9870
10,9869
293,9868
-164,9867
408,9866
47,9865
-69,9864
26,9863
-115,9862
32,9861
287,9860
140,9859
82,9858
144,9857
107,9856
277,9855
168,9854
-447,9853
5,9852
46,9851
-204,9850
179,9849
-374,9848
83,9847
181,9846
373,9845
-246,9844
130,9843
103,9842
445,9841
-28,9840
-68,9839
-442,9838
-4,9837
251,9836
-14,9835
305,9834
-187,9833
414,9832
10,9831
-198,9830
127,9829
-357,9828
184,9827
218,9826
-47,9825
-404,9824
243,9823
-212,9822
336,9821
-309,9820
-50,9819
180,9818
52,9817
180,9816
-35,9815
-176,9814
187,9813
131,9812
-139,9811
-201,9810
27,9809
54,9808
-38,9807
104,9806
-232,9805
-78,9804
180,9803
207,9802
27,9801
63,9800
-63,9799
-98,9798
-15,9797
-132,9796
-64,9795
-68,9794
-4,9793
89,9792
-38,9791
-333,9790
20,9789
128,9788
-190,9787
-105,9786
232,9785
250,9784
-151,9783
126,9782
114,9781
-392,9780
-343,9779
-164,9778
-121,9777
-41,9776
190,9775
145,9774
397,9773
151,9772
240,9771
-89,9770
51,9769
267,9768
-17,9767
-119,9766
-99,9765
344,9764
157,9763
118,9762
-180,9761
-172,9760
-87,9759
153,9758
42,9757
-265,9756
-100,9755
124,9754
-414,9753
-41,9752
116,9751
-5,9750
-150,9749
-28,9748
460,9747
170,9746
-390,9745
-97,9744
49,9743
126,9742
-50,9741
-280,9740
-34,9739
-96,9738
55,9737
-80,9736
-6,9735
72,9734
59,9733
-293,9732
321,9731
-71,9730
219,9729
123,9728
1,9727
139,9726
17,9725
99,9724
-107,9723
-58,9722
-24,9721
-311,9720
-195,9719
-36,9718
-191,9717
282,9716
-122,9715
128,9714
141,9713
-62,9712
-124,9711
-29,9710
-339,9709
30,9708
227,9707
-174,9706
215,9705
113,9704
58,9703
15,9702
-41,9701
392,9700
-123,9699
38,9698
78,9697
-35,9696
-96,9695
-351,9694
-167,9693
-197,9692
-143,9691
-33,9690
57,9689
9,9688
-61,9687
-94,9686
3,9685
-178,9684
78,9683
-3,9682
-33,9681
-20,9680
58,9679
41,9678
-77,9677
-102,9676
126,9675
58,9674
69,9673
128,9672
225,9671
-165,9670
-233,9669
-98,9668
-200,9667
92,9666
-4,9665
98,9664
115,9663
195,9662
-132,9661
397,9660
-239,9659
138,9658
55,9657
89,9656
-167,9655
31,9654
-247,9653
224,9652
169,9651
-69,9650
111,9649
-337,9648
-35,9647
6,9646
-33,9645
96,9644
258,9643
-165,9642
155,9641
-90,9640
307,9639
-118,9638
-61,9637
33,9636
218,9635
-129,9634
-212,9633
372,9632
124,9631
136,9630
181,9629
106,9628
110,9627
114,9626
-20,9625
164,9624
-278,9623
84,9622
-16,9621
1,9620
-45,9619
23,9618
-241,9617
-111,9616
92,9615
194,9614
-25,9613
183,9612
114,9611
169,9610
-58,9609
111,9608
254,9607
-89,9606
380,9605
-243,9604
89,9603
-26,9602
-356,9600
33,9599
-295,9598
-47,9597
170,9596
194,9595
-173,9594
61,9593
-108,9592
-250,9591
25,9590
-264,9589
185,9588
98,9587
-208,9586
-154,9585
-161,9584
53,9583
123,9582
142,9581
95,9580
-49,9579
1,9578
218,9577
-19,9576
84,9575
-38,9574
-13,9573
22,9572
-228,9571
2,9570
-67,9569
-308,9568
-57,9567
365,9566
168,9565
155,9564
-94,9563
39,9562
-212,9561
-3,9560
-77,9559
-254,9558
105,9557
287,9556
-138,9555
-39,9554
-267,9553
25,9552
56,9551
104,9550
-118,9549
25,9548
-125,9547
357,9546
-155,9545
109,9544
270,9543
133,9542
-101,9541
-93,9540
72,9539
378,9538
122,9537
-14,9536
-95,9535
52,9534
38,9533
163,9532
-13,9531
-90,9530
24,9529
188,9528
-117,9527
83,9526
14,9525
-348,9524
129,9523
-228,9522
-82,9521
-98,9520
98,9519
-230,9518
259,9517
41,9516
74,9515
-234,9514
29,9513
51,9512
40,9511
184,9510
-1,9509
-177,9508
-165,9507
-162,9506
172,9505
-140,9504
-212,9503
97,9502
-234,9501
63,9500
91,9499
68,9498
126,9497
152,9496
30,9495
-22,9494
21,9493
-68,9492
258,9491
-62,9490
190,9489
327,9488
233,9487
45,9486
13,9485
-285,9484
-173,9483
263,9482
-168,9481
411,9480
-166,9479
261,9478
-329,9477
391,9476
8,9475
494,9474
-306,9473
-237,9472
192,9471
-5,9470
-167,9469
172,9468
-6,9467
199,9466
420,9465
258,9464
-271,9463
118,9462
131,9461
58,9460
264,9459
90,9458
211,9457
-52,9456
-514,9455
113,9454
-93,9453
180,9452
-8,9451
-223,9450
-230,9449
-254,9448
199,9447
-139,9446
-138,9445
-223,9444
-132,9443
-46,9442
-163,9441
-278,9440
38,9439
-94,9438
-66,9437
159,9436
89,9435
-313,9434
-27,9433
262,9432
-16,9431
211,9430
-120,9429
3,9428
-17,9427
97,9426
-34,9425
62,9424
59,9423
-41,9422
83,9421
-223,9420
-81,9419
272,9418
12,9417
-3,9416
-168,9415
-316,9414
124,9413
-178,9412
-285,9411
-115,9410
-324,9409
161,9408
-220,9407
-92,9406
-91,9405
-238,9404
359,9403
50,9402
-152,9401
-213,9400
-144,9399
74,9398
-292,9397
-295,9396
-197,9395
-79,9394
-295,9393
-12,9392
39,9391
-223,9390
62,9389
-177,9388
-231,9387
228,9386
-67,9385
25,9384
55,9383
-57,9382
52,9381
-29,9380
46,9379
42,9378
382,9377
285,9376
114,9375
31,9374
-26,9373
-106,9372
-228,9371
-179,9370
-215,9369
20,9368
-95,9367
-253,9366
-54,9365
-69,9364
192,9363
117,9362
131,9361
417,9360
190,9359
110,9358
-87,9357
-263,9356
221,9355
430,9354
115,9353
-281,9352
127,9351
82,9350
101,9349
26,9348
-51,9347
4,9346
-152,9345
-14,9343
13,9342
-34,9341
61,9340
-67,9339
328,9338
-4,9337
85,9336
-103,9335
35,9334
19,9333
-100,9332
444,9331
208,9330
-48,9329
-53,9328
-202,9327
-293,9326
183,9325
345,9324
212,9323
434,9322
-49,9321
20,9320
141,9319
188,9318
-305,9317
250,9316
-173,9315
132,9314
-362,9313
-8,9312
-96,9311
65,9310
-6,9309
-52,9308
76,9307
155,9306
108,9305
133,9304
361,9303
57,9302
-69,9301
-64,9300
74,9299
93,9298
20,9297
-167,9296
-60,9295
-388,9294
39,9293
6,9292
-193,9291
86,9290
240,9289
-74,9288
273,9287
-189,9286
58,9285
31,9284
64,9283
-86,9282
-49,9281
142,9280
44,9279
-381,9278
-108,9277
186,9276
-44,9275
-222,9274
200,9273
-148,9272
115,9271
87,9270
49,9269
77,9268
-272,9267
-181,9266
424,9265
-66,9264
-167,9263
-416,9262
237,9261
250,9260
-69,9259
8,9258
69,9257
361,9256
-361,9255
-271,9254
-41,9253
81,9252
-136,9251
-77,9250
-156,9249
323,9248
355,9247
-273,9246
-399,9245
373,9244
-108,9243
-217,9242
-8,9241
-23,9240
-145,9239
-120,9238
-128,9237
-302,9236
-197,9235
-96,9234
-148,9233
51,9232
221,9231
-80,9230
-359,9229
-347,9228
-254,9227
214,9226
196,9225
299,9224
-106,9223
211,9222
-27,9221
185,9220
-167,9219
309,9218
-73,9217
28,9216
349,9215
-160,9214
-52,9213
-176,9212
-19,9211
171,9210
47,9209
22,9208
411,9207
208,9206
-172,9205
-145,9204
124,9203
-42,9202
-18,9201
-310,9200
269,9199
288,9198
-169,9197
17,9196
196,9195
5,9194
195,9193
-14,9192
308,9191
154,9190
-184,9189
6,9188
40,9187
129,9186
90,9185
-74,9184
-157,9183
154,9182
500,9181
458,9180
-234,9179
-108,9178
-26,9177
298,9176
-126,9175
79,9174
13,9173
-170,9172
195,9171
66,9170
-86,9169
280,9168
-137,9167
164,9166
-117,9165
265,9164
40,9163
75,9162
136,9161
100,9160
-226,9159
217,9158
61,9157
67,9156
70,9155
180,9154
-23,9153
72,9152
104,9151
-277,9150
27,9149
-519,9148
31,9147
-11,9146
56,9145
202,9144
-72,9143
-278,9142
105,9141
94,9140
137,9139
133,9138
-149,9137
-121,9136
-59,9135
-30,9134
68,9133
351,9132
-452,9131
25,9129
148,9128
63,9127
68,9126
-252,9125
-77,9124
120,9123
266,9122
4,9121
-85,9120
32,9119
68,9118
131,9117
251,9116
-107,9115
19,9114
-334,9113
-229,9112
-323,9111
-228,9110
-7,9109
-277,9108
-369,9107
-24,9106
-172,9105
-137,9104
124,9103
-98,9102
-220,9101
-103,9100
209,9099
61,9098
-218,9097
-211,9096
-12,9095
-215,9094
-35,9093
-83,9092
435,9091
297,9090
148,9089
-187,9088
140,9087
321,9086
-151,9085
269,9084
-24,9083
220,9082
-187,9081
118,9080
186,9079
-224,9078
221,9077
-120,9076
-182,9075
38,9074
-59,9073
-415,9072
305,9071
226,9070
-100,9069
-244,9068
31,9067
-108,9066
367,9065
-191,9064
115,9063
-181,9062
-395,9061
449,9060
-171,9059
-341,9058
256,9057
185,9056
352,9055
-278,9054
503,9053
96,9052
-216,9051
69,9050
-255,9049
-4,9048
209,9047
182,9046
-32,9045
81,9044
-290,9043
-179,9042
34,9041
-85,9040
-76,9039
26,9038
-20,9037
33,9036
-65,9035
104,9034
-319,9033
6,9032
388,9031
178,9030
-247,9029
-150,9028
281,9027
17,9026
-95,9025
-49,9024
-18,9023
159,9022
197,9021
-115,9020
14,9019
71,9018
123,9017
160,9016
-18,9015
43,9014
46,9013
202,9012
-171,9011
119,9010
-134,9009
247,9008
15,9007
-34,9006
235,9005
248,9004
-134,9003
-82,9002
-91,9001
-216,9000
2,8999
62,8998
-67,8997
-77,8996
-317,8995
57,8994
28,8993
-213,8992
12,8991
-87,8990
22,8989
-216,8988
236,8987
129,8986
173,8985
-106,8984
114,8983
-273,8982
247,8981
-257,8980
30,8979
-63,8978
23,8977
23,8976
183,8975
245,8974
-13,8973
-234,8972
-25,8971
181,8970
151,8969
125,8968
-143,8967
-176,8966
405,8965
-215,8964
-68,8963
161,8962
111,8961
-128,8960
-15,8959
3,8958
251,8957
-412,8956
150,8955
117,8954
-313,8953
-225,8952
-27,8951
-209,8950
46,8949
-41,8948
-181,8947
-18,8946
-151,8945
61,8944
535,8943
-151,8942
-137,8941
145,8940
-199,8939
54,8938
291,8937
-116,8936
414,8935
251,8934
40,8933
193,8932
322,8931
112,8930
122,8929
173,8928
-39,8927
31,8926
-85,8925
-234,8924
45,8923
185,8922
-104,8921
146,8920
115,8919
108,8918
48,8917
-155,8916
-218,8915
236,8914
-10,8913
-122,8912
-241,8911
-66,8910
155,8909
631,8908
-325,8907
-90,8906
-141,8905
-293,8904
59,8903
-35,8902
-27,8901
51,8900
-15,8899
-182,8898
24,8897
-42,8896
-212,8895
122,8894
35,8893
40,8892
-33,8891
-302,8890
-14,8889
-166,8888
214,8887
1,8886
-213,8885
-14,8884
11,8883
272,8882
-204,8881
-43,8880
201,8879
188,8878
-103,8877
188,8876
-156,8875
-61,8874
180,8873
379,8872
-219,8871
127,8870
-247,8869
-472,8868
-210,8867
-99,8866
323,8865
62,8864
-105,8863
60,8862
79,8861
-305,8860
-175,8859
361,8858
-39,8857
322,8856
342,8855
-152,8854
203,8853
18,8852
354,8851
-176,8850
-103,8849
-12,8848
-424,8847
-14,8846
-140,8845
-262,8844
191,8843
-67,8842
-336,8841
-269,8840
-336,8839
-113,8838
150,8837
184,8836
73,8835
-59,8833
82,8832
27,8831
-159,8830
175,8829
-64,8828
-30,8827
-47,8826
425,8825
-33,8824
-189,8823
135,8822
401,8821
-148,8820
-239,8819
249,8818
77,8817
15,8816
91,8815
-225,8814
-84,8813
30,8812
159,8811
135,8810
41,8809
298,8808
-413,8807
-242,8806
33,8805
-128,8804
129,8803
160,8802
-171,8801
107,8800
29,8799
259,8798
-178,8797
77,8796
304,8795
-89,8794
125,8793
229,8792
-5,8791
-338,8790
-347,8789
-105,8788
175,8787
-124,8786
-78,8785
297,8784
31,8783
25,8782
-63,8781
-126,8779
147,8778
58,8777
-48,8776
152,8775
205,8774
-241,8773
437,8772
148,8771
-242,8770
197,8769
386,8768
57,8767
304,8766
-186,8765
-242,8764
-262,8763
-7,8762
15,8761
-281,8760
-177,8759
-26,8758
-254,8757
124,8756
-68,8755
262,8754
-181,8753
-66,8752
193,8751
124,8750
136,8749
28,8748
217,8747
-442,8746
-354,8745
62,8744
166,8743
-98,8742
-25,8741
165,8740
98,8739
61,8738
-558,8737
-84,8736
-54,8735
-45,8734
-38,8733
-441,8732
307,8731
32,8730
154,8729
127,8728
281,8727
156,8726
334,8725
-112,8724
139,8723
94,8722
-121,8721
214,8720
-52,8719
-127,8718
249,8717
-267,8716
117,8715
-95,8714
246,8713
129,8712
26,8711
-48,8710
102,8709
81,8708
101,8707
-7,8706
69,8705
-241,8704
146,8703
45,8702
85,8701
-283,8700
91,8699
272,8698
-34,8697
141,8696
425,8695
-114,8694
45,8693
-116,8692
172,8691
119,8690
-222,8689
-62,8688
-162,8687
153,8686
135,8685
-82,8684
233,8683
158,8682
-131,8681
83,8680
-106,8679
205,8678
-100,8677
209,8676
-111,8675
-309,8674
146,8673
-31,8672
343,8671
-203,8670
-157,8669
6,8667
-33,8666
-222,8665
132,8664
48,8663
-117,8662
146,8661
85,8660
53,8659
203,8658
-349,8657
-48,8656
208,8655
213,8654
-1,8653
23,8652
204,8651
109,8650
-76,8649
244,8648
128,8647
39,8646
-253,8645
97,8644
422,8643
103,8642
52,8641
110,8640
-188,8639
396,8638
-85,8637
-99,8636
197,8635
-178,8634
-52,8633
-394,8632
-56,8631
-24,8630
400,8629
-16,8628
-140,8627
-54,8626
-4,8625
-242,8624
-176,8623
52,8622
239,8621
299,8620
-132,8619
87,8618
204,8617
-225,8616
-36,8615
99,8614
-298,8613
-90,8612
-189,8611
135,8610
-162,8609
-38,8608
161,8607
269,8606
-117,8605
-5,8604
-87,8603
-307,8602
-46,8601
276,8600
270,8599
294,8598
-154,8597
134,8596
262,8595
44,8594
-162,8593
71,8592
-14,8591
-60,8590
-57,8589
246,8588
-112,8587
-71,8586
70,8585
195,8584
-121,8583
-64,8582
-287,8581
284,8580
72,8579
231,8578
-109,8577
-163,8576
62,8575
-276,8574
227,8573
27,8572
233,8571
-28,8570
-61,8569
9,8568
-96,8567
202,8566
-35,8565
206,8564
-147,8563
158,8562
-96,8561
-121,8560
51,8559
-138,8558
-258,8557
155,8556
-167,8555
-163,8554
322,8553
-202,8552
-170,8551
172,8550
-71,8549
9,8548
296,8547
-107,8546
-33,8545
255,8544
28,8543
197,8542
290,8541
-94,8540
182,8539
94,8538
2,8537
-65,8536
-175,8535
28,8534
-183,8533
-95,8532
-29,8531
146,8530
-233,8529
314,8528
-208,8527
206,8526
141,8525
169,8524
-127,8523
-537,8522
-18,8521
111,8520
139,8519
318,8518
117,8517
-296,8516
4,8515
231,8514
92,8513
183,8512
-372,8511
50,8510
-257,8509
175,8508
103,8507
-360,8506
-285,8505
-228,8504
164,8503
53,8502
-379,8501
73,8500
-38,8499
-118,8498
-79,8497
372,8496
34,8495
-141,8494
-361,8493
87,8492
276,8491
-156,8490
24,8489
241,8488
190,8487
146,8486
-21,8485
-59,8484
13,8483
-403,8482
-228,8481
-164,8480
189,8479
56,8478
-66,8477
-81,8476
94,8475
-130,8474
-9,8473
-90,8472
-171,8471
-331,8470
-90,8469
234,8468
400,8467
481,8466
125,8465
-162,8464
54,8463
26,8462
-13,8461
-72,8460
-27,8459
-405,8458
75,8457
-259,8456
-131,8455
-156,8454
409,8453
-31,8452
33,8451
-223,8450
4,8449
301,8448
-9,8447
-85,8446
-310,8445
54,8444
312,8443
-465,8442
-449,8441
274,8440
23,8439
452,8438
-74,8437
367,8436
-89,8435
420,8434
75,8433
48,8432
367,8431
162,8430
83,8429
138,8428
-209,8427
-112,8426
-45,8425
-293,8424
-132,8423
-85,8422
340,8420
-37,8419
-66,8418
-126,8417
-241,8416
137,8415
-252,8414
55,8413
-151,8412
32,8411
-24,8410
-440,8409
439,8408
49,8407
-100,8406
191,8405
131,8404
24,8403
90,8402
-48,8401
-95,8400
155,8399
-108,8398
-183,8397
528,8396
169,8395
8,8394
-328,8393
-22,8392
6,8391
124,8390
-116,8389
21,8388
-70,8387
72,8386
-81,8385
-105,8384
-170,8383
66,8382
-129,8381
-164,8380
166,8379
212,8378
-127,8377
120,8376
140,8375
172,8374
-64,8373
-57,8372
-89,8371
-92,8370
282,8369
3,8368
-91,8367
-52,8366
220,8365
-306,8364
-242,8363
42,8362
94,8361
116,8360
-208,8359
-23,8358
-291,8357
43,8356
34,8355
-127,8354
-224,8353
-233,8352
474,8351
327,8350
455,8349
37,8348
-202,8347
161,8346
20,8345
235,8344
-54,8343
-329,8342
137,8341
253,8340
-113,8339
-152,8338
-11,8337
171,8336
-47,8335
-131,8334
275,8333
-41,8332
232,8331
146,8330
48,8329
-442,8328
171,8327
36,8326
246,8325
-244,8324
-140,8323
-15,8322
-186,8321
39,8320
174,8319
-88,8318
-195,8317
-261,8316
141,8315
-33,8314
-126,8313
-9,8312
111,8311
-29,8310
79,8309
158,8308
-236,8307
57,8306
63,8305
144,8304
-9,8303
227,8302
-188,8301
124,8300
163,8299
252,8298
-143,8297
174,8296
-68,8295
-63,8294
-240,8293
-384,8292
-66,8291
117,8290
115,8289
91,8288
-19,8287
-96,8286
-159,8285
-103,8284
117,8283
-217,8282
71,8281
119,8280
239,8279
133,8278
182,8277
45,8276
120,8275
-306,8274
-181,8273
88,8272
-32,8271
319,8270
-379,8269
269,8268
308,8267
-173,8266
-263,8265
-184,8264
-3,8263
-43,8262
-181,8261
328,8260
-288,8259
-100,8258
24,8257
378,8256
-68,8255
160,8254
195,8253
-334,8252
365,8251
33,8250
220,8249
262,8248
198,8247
322,8246
140,8245
99,8244
251,8243
-202,8242
-56,8241
153,8240
-17,8239
35,8238
136,8237
192,8236
79,8235
-79,8234
10,8233
-289,8232
130,8231
34,8230
-54,8229
-38,8228
95,8227
-128,8226
479,8225
69,8224
-241,8223
356,8222
23,8221
-171,8220
-156,8219
398,8218
85,8217
69,8216
-84,8215
234,8214
-86,8213
-356,8212
-30,8211
344,8210
380,8209
-186,8208
-11,8207
209,8206
-94,8205
32,8204
80,8203
-19,8202
-183,8201
-68,8200
-83,8199
-72,8198
-45,8197
75,8196
239,8195
214,8194
-6,8193
179,8192
121,8191
38,8190
-36,8189
53,8188
-211,8187
174,8186
-120,8185
-243,8184
31,8183
99,8182
102,8181
380,8180
-162,8179
-495,8178
-67,8177
214,8176
-3,8175
-117,8174
191,8173
-43,8172
-84,8171
-331,8170
-215,8169
168,8168
63,8167
-365,8166
137,8165
-73,8164
-380,8163
44,8162
-354,8161
66,8160
532,8159
-129,8158
301,8157
-12,8156
311,8155
167,8154
129,8153
-15,8152
77,8151
-94,8150
-8,8149
-109,8148
-221,8147
17,8146
-33,8145
-14,8144
35,8143
355,8142
-27,8141
-78,8140
-238,8139
-241,8138
-234,8137
-148,8136
57,8135
224,8134
35,8133
-152,8132
215,8131
306,8130
58,8129
173,8128
-197,8127
138,8126
-56,8125
259,8124
268,8123
363,8122
-5,8121
-330,8120
-267,8119
165,8118
47,8117
-237,8116
-10,8115
148,8114
271,8113
29,8112
-111,8111
13,8110
-91,8109
35,8108
-154,8107
132,8106
208,8105
-420,8104
-29,8103
-180,8102
362,8101
31,8100
-269,8099
220,8098
38,8097
-57,8096
325,8095
204,8094
196,8093
157,8092
130,8091
154,8090
275,8089
-63,8088
-248,8087
-292,8086
137,8085
125,8084
10,8083
-37,8082
-90,8081
-191,8080
198,8079
-112,8078
64,8077
100,8076
-125,8075
3,8074
-9,8073
-96,8072
-76,8071
68,8070
-54,8069
-36,8068
-148,8067
155,8066
-49,8065
-408,8064
-269,8063
121,8062
-59,8061
283,8060
-36,8059
67,8058
-143,8057
18,8056
162,8055
4,8054
31,8053
109,8052
174,8051
14,8050
209,8049
-87,8048
37,8047
-63,8046
329,8045
102,8044
167,8043
-160,8042
51,8041
-93,8040
207,8039
-40,8038
-189,8036
81,8035
119,8034
-112,8033
-61,8032
77,8031
-158,8030
-554,8029
367,8028
109,8027
-50,8026
-367,8025
-102,8024
-151,8023
5,8022
13,8021
-197,8020
-255,8019
-135,8018
273,8017
-35,8016
98,8015
54,8014
-48,8013
-45,8012
-290,8011
161,8010
-102,8009
-246,8008
-281,8007
299,8006
66,8005
-18,8004
-171,8003
60,8002
223,8001
-16,8000
25,7999
-109,7998
104,7997
223,7996
155,7995
206,7994
29,7993
-119,7992
30,7991
-260,7990
69,7989
-295,7988
-44,7987
192,7986
251,7985
-154,7984
82,7983
-54,7982
-111,7981
-95,7980
202,7979
-98,7978
-135,7977
-81,7976
54,7975
-87,7974
-45,7973
24,7972
-251,7971
29,7970
-72,7969
-73,7968
-280,7967
454,7966
121,7965
-194,7964
-230,7963
334,7962
-84,7961
-29,7960
9,7959
-512,7958
-118,7957
-93,7956
-397,7955
-71,7954
-163,7953
232,7952
-186,7951
-335,7950
160,7949
361,7948
318,7947
122,7946
-170,7945
171,7944
-211,7943
-202,7942
-70,7941
-111,7940
138,7939
77,7938
27,7937
-65,7936
-2,7935
113,7934
-28,7933
198,7932
218,7931
-311,7930
-45,7929
-52,7928
181,7927
-164,7926
-36,7925
35,7924
173,7923
-101,7922
-219,7921
345,7920
114,7919
-36,7918
260,7917
418,7916
-285,7915
-322,7914
-44,7913
-261,7912
-15,7911
-22,7910
-60,7909
-68,7908
195,7907
5,7906
-35,7905
-25,7904
92,7903
134,7902
58,7901
-263,7900
248,7899
248,7898
-275,7897
48,7896
176,7895
162,7894
110,7893
110,7892
217,7891
9,7890
38,7889
81,7888
423,7887
433,7886
-166,7885
310,7884
232,7883
-121,7882
56,7881
237,7880
-55,7879
-155,7878
-31,7877
-39,7876
116,7875
15,7874
-299,7873
14,7872
-30,7871
145,7870
-298,7869
165,7868
176,7867
-180,7866
241,7865
313,7864
396,7863
211,7862
67,7861
159,7860
27,7859
32,7858
126,7857
358,7856
297,7855
139,7854
-159,7853
8,7852
39,7851
-43,7850
16,7849
15,7848
-93,7847
128,7846
-71,7845
31,7844
-95,7843
-107,7842
133,7841
203,7840
-21,7839
249,7838
-7,7837
-205,7836
258,7835
-45,7834
279,7833
50,7832
-40,7831
-103,7830
-22,7829
219,7828
149,7827
163,7826
-109,7825
-53,7824
233,7823
-55,7822
107,7821
86,7820
18,7819
-43,7818
-307,7817
27,7816
-2,7815
-237,7814
-211,7813
355,7812
40,7811
-512,7810
-107,7809
-163,7808
-239,7807
78,7806
110,7805
-246,7804
168,7803
-189,7802
-234,7801
-3,7800
282,7799
-232,7798
-50,7797
30,7796
24,7795
-110,7794
5,7793
24,7792
122,7791
-238,7790
-29,7789
239,7788
261,7787
-182,7786
-71,7785
-278,7784
38,7783
-226,7782
186,7781
-30,7780
-7,7779
271,7778
149,7777
-62,7776
68,7775
-184,7774
395,7773
-250,7772
277,7771
-134,7770
169,7769
-63,7768
-186,7767
-143,7766
-39,7765
-8,7764
425,7763
-213,7762
-99,7761
-459,7760
58,7759
-130,7758
-366,7757
-300,7756
-63,7755
189,7754
311,7753
427,7752
-166,7751
67,7750
24,7749
-296,7748
-184,7747
114,7746
83,7745
326,7744
-161,7743
-5,7742
-100,7741
65,7740
-105,7739
-74,7738
-85,7737
-102,7736
-122,7735
330,7734
-106,7733
58,7732
-181,7731
-243,7730
-431,7729
-78,7728
303,7727
214,7726
160,7725
11,7724
429,7723
41,7722
30,7721
144,7720
81,7719
192,7718
119,7717
-102,7716
-156,7715
-176,7714
-64,7713
228,7712
97,7711
33,7710
-235,7709
-160,7708
-252,7707
211,7706
-169,7705
-38,7704
-109,7703
-235,7702
-152,7701
-11,7700
-168,7699
-113,7698
-126,7697
-100,7696
-112,7695
15,7694
-262,7693
-102,7692
-92,7691
162,7690
-51,7689
134,7688
-325,7687
-65,7686
-107,7685
42,7684
-127,7683
6,7682
271,7681
93,7680
277,7679
-165,7678
86,7677
373,7676
60,7675
285,7674
148,7673
265,7672
-200,7671
-6,7670
389,7669
-102,7668
291,7667
265,7666
-7,7665
104,7664
340,7663
-65,7662
-194,7661
289,7660
-160,7659
-85,7658
70,7657
198,7656
22,7655
14,7654
114,7653
-4,7652
31,7651
64,7650
225,7649
-210,7648
-160,7647
-165,7646
-47,7645
213,7644
60,7643
246,7642
123,7641
404,7640
355,7639
276,7638
-272,7637
-169,7636
-137,7635
238,7634
-144,7633
-138,7632
111,7631
341,7630
-40,7629
-273,7628
-204,7627
-311,7626
113,7625
53,7624
-282,7623
86,7622
-9,7621
-226,7620
-311,7619
-141,7618
-165,7617
-61,7616
223,7615
290,7614
80,7613
-400,7612
183,7611
221,7610
-91,7609
-107,7608
-223,7607
50,7606
3,7605
-121,7604
-85,7603
-297,7602
-1,7601
-126,7600
-180,7599
343,7598
121,7597
-322,7596
-55,7595
28,7594
-167,7593
178,7592
-62,7591
-244,7590
162,7589
-259,7588
-274,7587
-93,7586
-473,7585
-37,7584
230,7583
-27,7582
43,7581
-219,7580
-277,7579
277,7578
-19,7577
45,7576
-125,7575
343,7574
-300,7573
171,7572
-32,7571
166,7570
74,7569
27,7568
-98,7567
-89,7566
-131,7565
-4,7564
356,7563
-560,7562
50,7561
67,7560
85,7559
40,7558
178,7557
-15,7556
-270,7555
-97,7554
-124,7553
-282,7552
-7,7551
-136,7550
422,7549
-91,7548
-205,7547
-59,7546
103,7545
-256,7544
-22,7543
184,7542
-236,7541
-297,7540
477,7539
166,7538
144,7537
236,7536
209,7535
-80,7534
115,7533
-295,7532
256,7531
84,7530
165,7529
122,7528
-503,7527
74,7526
-81,7525
164,7524
411,7523
2,7522
-30,7521
-448,7520
-129,7519
171,7518
-204,7517
-45,7516
-288,7515
313,7514
-248,7513
-149,7512
111,7511
424,7510
-159,7509
-138,7508
54,7507
135,7506
28,7505
-185,7504
416,7503
89,7502
-15,7501
133,7500
205,7499
223,7498
19,7497
-230,7496
133,7495
-205,7494
-130,7493
-195,7492
371,7491
-105,7490
149,7489
86,7488
406,7487
-82,7486
245,7485
86,7484
16,7483
178,7482
207,7481
224,7480
277,7479
-160,7478
395,7477
-77,7476
-33,7475
-60,7474
116,7473
-89,7472
-238,7471
-262,7470
5,7469
-20,7468
67,7467
-264,7466
205,7465
58,7464
-186,7463
1,7462
-448,7461
-48,7460
138,7459
-154,7458
-209,7457
330,7456
10,7455
-276,7454
115,7453
395,7452
-39,7451
57,7450
-43,7449
-64,7448
-164,7447
-59,7446
8,7445
-69,7444
28,7443
151,7442
-223,7441
38,7440
32,7439
-201,7438
-112,7437
53,7436
68,7435
-7,7434
112,7433
-252,7432
168,7431
-193,7430
-20,7429
-40,7428
-94,7427
70,7426
-44,7425
-43,7424
63,7423
-366,7422
-215,7421
143,7420
-439,7419
-229,7418
-49,7417
73,7416
-308,7415
101,7414
112,7413
-137,7412
-394,7411
30,7410
71,7409
-338,7408
-174,7407
19,7406
290,7405
-432,7404
-296,7403
-155,7402
126,7401
-84,7400
-110,7399
-43,7398
-105,7397
267,7396
-107,7395
133,7394
2,7393
35,7392
-158,7391
189,7390
-162,7389
-154,7388
49,7387
54,7386
119,7385
17,7384
115,7383
-42,7382
104,7381
-345,7380
195,7379
-42,7378
123,7377
-285,7376
-327,7375
-50,7374
179,7373
277,7372
-110,7371
81,7370
-8,7369
6,7368
-194,7367
-107,7366
-2,7365
-41,7364
-297,7363
53,7362
-155,7361
-70,7360
-303,7359
187,7358
-45,7357
-228,7356
75,7355
156,7354
-64,7353
-41,7352
-149,7351
-109,7350
80,7349
239,7348
122,7347
-204,7346
-236,7345
115,7344
161,7343
-146,7342
14,7341
414,7340
-217,7339
209,7338
141,7337
132,7336
-81,7335
30,7334
-98,7333
-282,7332
-209,7331
172,7330
-264,7329
-104,7328
186,7327
-416,7326
-318,7325
83,7324
31,7323
264,7322
-163,7321
70,7320
-187,7319
-194,7318
56,7317
-153,7316
197,7315
103,7314
-57,7313
-82,7312
210,7311
108,7310
253,7309
-89,7308
141,7307
-60,7306
-59,7305
-196,7304
-199,7303
-129,7302
94,7301
-96,7300
137,7299
-290,7298
30,7297
36,7296
-28,7295
36,7294
103,7293
208,7292
-62,7291
-174,7290
-66,7289
-415,7288
116,7287
-68,7286
-7,7285
343,7284
-265,7283
139,7282
-21,7281
-169,7279
251,7278
269,7277
75,7276
37,7275
207,7274
102,7273
2,7272
-48,7271
2,7270
67,7269
279,7268
-54,7267
-234,7266
-46,7265
-93,7264
452,7263
190,7262
206,7261
153,7260
298,7259
-114,7258
-91,7257
54,7256
-49,7255
15,7254
-175,7253
191,7252
-72,7251
-80,7250
174,7249
140,7248
182,7247
158,7246
24,7245
195,7244
-254,7243
-370,7242
371,7241
126,7240
187,7239
178,7238
162,7237
-441,7236
-258,7235
-195,7234
37,7233
-22,7232
23,7231
204,7230
-323,7229
242,7228
-82,7227
424,7226
-17,7225
-56,7224
-31,7223
44,7222
-99,7221
-170,7220
-113,7219
-185,7218
-95,7217
-39,7216
-52,7215
-405,7214
124,7213
-14,7212
-69,7211
110,7210
46,7209
-73,7208
-169,7207
-13,7206
-164,7205
318,7204
-12,7203
152,7202
330,7201
-316,7200
-185,7199
-8,7198
-93,7197
-28,7196
-72,7195
41,7194
247,7193
204,7192
270,7191
-42,7190
235,7189
-199,7188
146,7187
74,7186
149,7185
117,7184
158,7183
31,7182
24,7181
148,7180
38,7179
-472,7178
-195,7177
122,7176
-117,7175
-501,7174
-29,7173
152,7172
20,7171
175,7170
140,7169
102,7168
-113,7167
-171,7166
-173,7165
-427,7164
326,7163
-24,7162
195,7161
-109,7160
-86,7159
208,7158
-178,7157
433,7156
395,7155
-120,7154
20,7153
-57,7152
-136,7151
-88,7150
117,7149
215,7148
290,7147
49,7146
310,7145
158,7144
181,7143
150,7142
-368,7141
-54,7140
-82,7139
-145,7138
-189,7137
-87,7136
-37,7135
136,7134
-104,7133
130,7132
-28,7131
86,7130
174,7129
-113,7128
-240,7127
-31,7126
104,7125
145,7124
95,7123
-317,7122
-58,7121
-370,7120
-49,7119
-74,7118
18,7117
-68,7116
-87,7115
369,7114
75,7113
-275,7112
236,7111
-298,7110
-83,7109
-86,7108
112,7107
183,7106
4,7105
38,7104
92,7103
-298,7102
-322,7101
331,7100
276,7099
-262,7098
126,7097
157,7096
-93,7095
-103,7094
54,7093
-99,7092
272,7091
-178,7090
105,7089
-142,7088
-137,7087
73,7086
-329,7085
-14,7084
67,7083
-311,7082
34,7081
-49,7080
300,7079
-26,7078
-85,7077
-414,7076
46,7075
132,7074
77,7073
97,7072
-388,7071
239,7070
179,7069
-400,7068
-193,7067
157,7066
-87,7065
-120,7064
-183,7063
176,7062
4,7061
-122,7060
-187,7059
27,7058
-15,7057
-55,7056
80,7055
315,7054
131,7053
-17,7052
-252,7051
108,7050
221,7049
42,7048
106,7047
398,7046
-215,7045
84,7044
6,7043
-167,7042
-323,7041
96,7040
58,7039
68,7038
99,7037
139,7036
-213,7035
-67,7034
164,7033
188,7032
-206,7031
-13,7030
279,7029
225,7028
-11,7027
-111,7026
-226,7025
478,7024
59,7023
60,7022
-45,7021
84,7020
379,7019
-203,7018
-688,7017
-166,7016
-252,7015
-59,7014
-5,7013
-79,7012
-247,7011
-118,7010
-217,7009
108,7008
177,7007
-89,7006
-100,7005
290,7004
-62,7003
-117,7002
-287,7001
-76,7000
66,6999
-594,6998
-430,6997
149,6996
79,6995
85,6994
175,6993
97,6992
262,6991
-178,6990
-108,6989
217,6988
200,6987
-212,6986
-135,6985
203,6984
198,6983
-38,6982
-309,6981
-9,6980
185,6979
-72,6978
129,6977
79,6976
-48,6975
-46,6974
304,6973
437,6972
260,6971
397,6970
-227,6969
-368,6968
69,6967
-148,6966
-90,6965
49,6964
293,6963
-130,6962
116,6961
227,6960
243,6959
73,6958
156,6957
228,6956
85,6955
-137,6954
-262,6953
-237,6952
177,6951
-130,6950
108,6949
195,6948
-411,6947
15,6946
267,6945
-177,6944
55,6943
-111,6942
176,6941
-403,6940
69,6939
-26,6938
94,6937
-292,6936
-145,6935
259,6934
-456,6933
-115,6932
10,6931
-121,6930
-16,6929
297,6928
-383,6927
-104,6926
-73,6925
147,6924
196,6923
-234,6922
91,6921
395,6920
-51,6919
11,6918
70,6917
-5,6916
53,6915
-281,6914
1,6913
-252,6912
124,6911
19,6910
-10,6909
-175,6908
59,6907
136,6906
307,6905
242,6904
-169,6903
-339,6902
152,6901
-224,6900
156,6899
64,6898
218,6897
-177,6896
-140,6895
77,6894
5,6893
-228,6892
17,6891
154,6890
302,6889
-78,6888
115,6887
68,6886
-119,6885
-222,6884
-126,6883
161,6882
84,6881
-139,6880
-136,6879
53,6878
101,6877
-280,6876
-223,6875
101,6874
-25,6873
-196,6872
-249,6871
9,6870
-112,6869
-251,6868
-74,6867
71,6866
-97,6865
-244,6864
-52,6863
-78,6862
350,6861
81,6860
78,6859
258,6858
-312,6857
25,6856
163,6855
-47,6854
-12,6853
-93,6852
211,6851
-303,6850
57,6849
-119,6848
60,6847
180,6846
-69,6845
40,6844
103,6843
186,6842
110,6841
274,6840
-113,6839
210,6838
203,6837
110,6836
334,6835
-500,6834
-30,6833
-10,6832
247,6831
100,6830
-189,6829
281,6828
277,6827
91,6826
125,6825
133,6824
89,6823
41,6822
201,6821
566,6820
-168,6819
-271,6818
-96,6817
-107,6816
-117,6815
-40,6814
-172,6813
215,6812
-162,6811
140,6810
-59,6809
182,6808
-15,6807
-53,6806
199,6805
65,6804
296,6803
485,6802
-80,6801
36,6800
-211,6799
145,6798
54,6797
-135,6796
-278,6795
-85,6794
76,6793
-56,6792
23,6791
73,6790
-16,6789
37,6788
135,6787
153,6786
-271,6785
-156,6784
-118,6783
-114,6782
173,6781
-217,6780
-223,6779
116,6778
-107,6777
107,6776
-87,6775
-97,6774
-141,6773
393,6772
93,6771
19,6770
-91,6769
162,6768
281,6767
-441,6766
162,6765
-223,6764
-181,6763
-140,6762
36,6761
-39,6760
-115,6759
163,6758
-9,6757
135,6756
-335,6755
150,6754
-58,6753
2,6752
-128,6751
-141,6750
-107,6749
3,6748
280,6747
149,6746
144,6745
48,6744
-291,6743
-143,6742
-364,6741
-356,6740
-74,6739
37,6738
94,6737
-38,6736
81,6735
-451,6734
-162,6733
-6,6732
92,6731
-176,6730
-81,6729
-29,6728
373,6727
-162,6726
117,6725
118,6724
228,6723
-70,6722
-12,6721
-46,6720
167,6719
127,6718
-182,6717
195,6716
-104,6715
-38,6714
64,6713
-174,6712
-64,6711
-104,6710
-92,6709
122,6708
160,6707
-74,6706
-97,6705
-82,6704
-26,6703
92,6702
94,6701
-92,6700
-219,6699
-51,6698
17,6697
-43,6696
-71,6695
237,6694
356,6693
-135,6692
66,6691
-83,6690
-94,6689
132,6688
-145,6687
377,6686
-318,6685
-102,6684
-148,6683
-55,6682
-22,6681
45,6680
32,6679
362,6678
-85,6677
-176,6676
-193,6675
105,6674
-389,6673
-3,6672
-330,6671
-33,6670
148,6669
161,6668
-187,6667
139,6666
45,6665
181,6664
113,6663
52,6662
289,6661
104,6660
-301,6659
-20,6658
-112,6657
-96,6656
106,6655
52,6654
44,6653
207,6652
126,6651
55,6650
60,6649
-113,6648
-59,6647
73,6646
-139,6645
174,6644
18,6643
87,6642
-129,6641
29,6640
169,6639
266,6638
-287,6637
287,6636
312,6635
-3,6634
-69,6633
-314,6632
91,6631
-133,6630
27,6629
-234,6628
-70,6627
264,6626
-26,6625
36,6624
324,6623
109,6622
-156,6621
-74,6620
99,6619
256,6618
379,6617
3,6616
-341,6615
-47,6614
66,6613
-279,6612
-237,6611
-22,6610
-357,6609
-25,6608
-34,6607
41,6606
-90,6605
-10,6604
78,6603
-181,6602
204,6601
9,6600
-1,6599
-97,6598
33,6597
137,6596
174,6595
267,6594
28,6593
140,6592
219,6591
145,6590
215,6589
211,6588
-7,6587
66,6586
17,6585
-145,6584
-124,6583
-321,6582
-94,6581
-98,6580
-222,6579
179,6578
-29,6577
4,6576
-54,6575
297,6574
4,6573
19,6572
-122,6571
9,6570
40,6569
-244,6568
-42,6567
129,6566
254,6565
-136,6564
52,6563
290,6562
382,6561
-38,6560
-291,6559
-15,6558
-161,6557
-4,6556
94,6555
-1,6554
115,6553
197,6552
161,6551
-59,6550
309,6549
18,6548
68,6547
-82,6546
-75,6545
-57,6544
-72,6543
-100,6542
-401,6541
221,6540
-94,6539
156,6538
-24,6537
-80,6536
14,6535
-14,6534
64,6533
-16,6532
137,6531
-264,6530
-271,6529
-213,6528
-89,6527
144,6526
146,6525
15,6524
-21,6523
-339,6522
62,6521
255,6520
-1,6519
-74,6518
111,6517
174,6516
-163,6515
-139,6514
316,6513
92,6512
5,6511
-181,6510
-22,6509
121,6508
-87,6507
-138,6506
-3,6505
-11,6504
-34,6503
73,6502
71,6501
90,6500
-9,6499
116,6498
-143,6497
-241,6496
-88,6495
34,6494
180,6493
116,6492
259,6491
-288,6490
82,6489
-175,6488
-130,6487
92,6486
187,6485
-162,6484
-279,6483
183,6482
-33,6481
56,6480
238,6479
-189,6478
13,6477
-147,6476
-95,6475
106,6474
39,6473
-37,6472
-216,6471
59,6470
88,6469
48,6468
-142,6467
-236,6466
-79,6465
84,6464
-90,6463
207,6462
-6,6461
42,6460
16,6459
-247,6458
184,6457
192,6456
28,6455
-180,6454
-74,6453
-69,6452
-105,6451
92,6450
-122,6449
63,6448
-116,6447
-231,6446
98,6445
62,6444
-115,6443
336,6442
-281,6441
258,6440
-167,6439
-222,6438
104,6437
277,6436
-47,6435
366,6434
62,6433
-7,6432
-7,6431
-22,6430
159,6429
-211,6428
-125,6427
125,6426
47,6425
-319,6424
-307,6423
162,6422
-104,6421
237,6420
335,6419
55,6418
207,6417
-86,6416
-83,6415
-36,6414
-198,6413
-43,6412
267,6411
-247,6410
-68,6409
40,6408
263,6407
79,6406
-37,6405
-221,6404
-340,6403
-3,6402
-11,6401
303,6400
304,6399
150,6398
-55,6397
281,6396
-171,6395
65,6394
143,6393
-50,6392
103,6391
229,6390
-388,6389
-107,6388
-21,6387
324,6386
545,6385
121,6384
-256,6383
259,6382
64,6381
-15,6380
229,6379
272,6378
153,6377
93,6376
-58,6375
110,6374
101,6373
34,6372
81,6371
233,6370
161,6369
-20,6368
107,6367
-61,6366
-4,6365
-140,6364
-26,6363
161,6362
-159,6361
-81,6360
-95,6359
-99,6358
138,6357
-232,6356
89,6355
-189,6354
-62,6353
-110,6352
-146,6351
-308,6350
-249,6349
-54,6348
-5,6347
-392,6346
124,6345
15,6344
342,6343
-303,6342
-24,6341
76,6340
250,6339
-226,6338
193,6337
212,6336
-192,6335
-116,6334
153,6333
10,6332
-21,6331
63,6330
-83,6329
153,6328
-294,6327
-416,6326
26,6325
30,6324
207,6323
-3,6322
25,6321
-154,6320
48,6319
-19,6318
76,6317
-106,6316
82,6315
-140,6314
127,6313
-126,6312
-24,6311
-203,6310
-244,6309
-100,6308
-232,6307
222,6306
-134,6305
96,6304
-263,6303
-242,6302
-208,6301
-483,6300
-331,6299
178,6298
157,6297
215,6296
7,6295
108,6294
-30,6293
109,6292
-504,6291
-155,6290
10,6289
161,6288
-242,6287
35,6286
172,6285
255,6284
312,6283
-42,6282
53,6281
-361,6280
-21,6279
-170,6278
-117,6277
70,6276
-118,6275
-232,6274
-10,6273
-108,6272
282,6271
125,6270
58,6269
-85,6268
9,6267
-186,6266
-153,6265
-51,6264
17,6263
11,6262
76,6261
-390,6260
158,6259
277,6258
-179,6257
-215,6256
2,6255
-212,6254
-222,6253
-72,6252
246,6251
-42,6250
105,6249
-276,6248
202,6247
-142,6246
198,6245
27,6244
164,6243
230,6242
-90,6241
-294,6240
-164,6239
-358,6238
188,6237
-93,6236
-28,6235
-132,6234
-112,6233
-606,6232
-147,6231
-56,6230
-149,6229
274,6228
160,6227
250,6226
-215,6225
-311,6224
-81,6223
43,6222
116,6221
-314,6220
-67,6219
194,6218
170,6217
3,6216
242,6215
-76,6214
154,6213
-204,6212
-44,6211
46,6210
329,6209
-99,6208
89,6207
-22,6206
111,6205
283,6204
402,6203
131,6202
403,6201
-287,6200
136,6199
-195,6198
48,6197
228,6196
87,6195
-122,6194
1,6193
147,6192
-329,6191
45,6190
-112,6189
-373,6188
200,6187
-25,6186
92,6185
-18,6184
-28,6183
-435,6182
52,6181
-144,6180
357,6179
-249,6178
143,6177
181,6176
164,6175
104,6174
-57,6173
-211,6172
10,6171
55,6170
-170,6169
-207,6168
95,6167
266,6166
-57,6165
-49,6164
206,6163
-186,6162
213,6161
-507,6160
273,6159
-18,6158
-118,6157
-379,6156
1,6155
-160,6154
5,6153
-169,6152
47,6151
-393,6150
360,6149
-251,6148
299,6147
-132,6146
-11,6145
363,6144
34,6143
265,6142
-10,6141
230,6140
-133,6139
-111,6138
21,6137
124,6136
-167,6135
-77,6134
-209,6133
-401,6132
387,6131
2,6130
192,6129
-258,6128
-39,6127
75,6126
147,6125
344,6124
352,6123
-237,6122
-7,6121
34,6120
-59,6119
-8,6118
480,6117
257,6116
194,6115
343,6114
-154,6113
-135,6112
-86,6111
398,6110
-239,6109
-128,6108
15,6107
-23,6106
-95,6105
-119,6104
174,6103
13,6102
-285,6101
317,6100
193,6099
-139,6098
91,6097
200,6096
218,6095
-29,6094
267,6093
-102,6092
-32,6091
31,6090
259,6089
-10,6088
255,6087
-47,6086
-1,6085
197,6084
-5,6083
-129,6082
-56,6081
-121,6080
-244,6079
-214,6078
-51,6077
25,6076
394,6075
278,6074
-154,6073
66,6072
29,6071
-212,6070
77,6069
84,6068
-218,6067
128,6066
172,6065
342,6064
-173,6063
-107,6062
87,6061
-43,6060
-72,6059
153,6058
-346,6057
-290,6056
228,6055
99,6054
103,6053
-185,6052
-95,6051
56,6050
-113,6049
-52,6048
36,6047
-3,6046
9,6045
-326,6044
114,6043
-136,6042
239,6041
45,6040
120,6039
-94,6038
-113,6037
-68,6036
-153,6035
190,6034
-14,6033
398,6032
-103,6031
-235,6030
-18,6029
1,6028
-360,6027
286,6026
-87,6025
-228,6024
-71,6023
-380,6022
-111,6021
-99,6020
8,6019
-322,6018
9,6017
248,6016
-77,6015
37,6014
50,6013
-203,6012
-64,6011
168,6010
249,6009
-343,6008
-108,6007
187,6006
-172,6005
-222,6004
-466,6003
526,6002
150,6001
-318,6000
-105,5999
173,5998
-218,5997
105,5996
-99,5995
-135,5994
-329,5993
163,5992
-58,5991
333,5990
-173,5989
244,5988
143,5987
-506,5986
-321,5985
178,5984
314,5983
152,5982
212,5981
-176,5980
-286,5979
243,5978
-72,5977
260,5976
4,5975
30,5974
26,5973
38,5972
157,5971
-102,5970
-41,5969
-11,5968
101,5967
-89,5966
-176,5965
-226,5964
-434,5963
-235,5962
-1,5961
104,5960
147,5959
-486,5958
-331,5957
-129,5956
-133,5955
236,5954
-224,5953
-163,5952
-199,5951
54,5950
-360,5949
361,5948
-45,5947
142,5946
-45,5945
138,5944
-271,5943
227,5942
216,5941
111,5940
104,5939
35,5938
240,5937
15,5936
-281,5935
202,5934
-123,5933
196,5932
90,5931
-157,5930
180,5929
-259,5928
-222,5927
82,5926
65,5925
-47,5924
353,5923
-134,5922
258,5921
-81,5920
-321,5919
-6,5918
-279,5917
420,5916
-179,5915
-55,5914
89,5913
21,5912
-213,5911
-28,5910
107,5909
36,5908
111,5907
198,5906
-105,5905
221,5904
62,5903
365,5902
-67,5901
15,5900
100,5899
-27,5898
27,5897
-159,5896
-132,5895
21,5894
357,5893
25,5892
-226,5891
-217,5890
321,5889
-30,5888
318,5887
61,5886
5,5885
-140,5884
-175,5883
-86,5882
559,5881
283,5880
6,5879
207,5878
164,5877
236,5876
106,5875
-309,5874
-98,5873
72,5872
251,5871
151,5870
189,5869
-20,5868
-69,5867
-283,5866
-77,5865
261,5864
-105,5863
134,5862
86,5861
-175,5860
123,5859
-119,5858
43,5857
-209,5856
-5,5855
79,5854
242,5853
-39,5852
92,5851
223,5850
-129,5849
446,5848
104,5847
189,5846
-294,5845
-174,5844
140,5843
166,5842
92,5841
-133,5840
-266,5839
5,5838
-157,5837
187,5836
266,5835
-173,5834
-105,5833
-110,5832
-85,5831
-178,5830
114,5829
144,5828
247,5827
83,5826
-11,5825
230,5824
258,5823
-96,5822
226,5821
-217,5820
-434,5819
-220,5818
120,5817
-107,5816
-262,5815
9,5814
100,5813
235,5812
-223,5811
-38,5810
-144,5809
69,5808
-282,5807
237,5806
-203,5805
-145,5804
411,5803
-266,5802
-30,5801
-137,5800
-116,5799
-4,5798
119,5797
-3,5796
48,5795
-142,5794
172,5793
366,5792
-179,5791
135,5790
-200,5789
163,5788
-327,5786
160,5785
62,5784
127,5783
26,5782
-6,5781
-177,5780
-66,5779
-172,5778
-35,5777
43,5776
154,5775
-7,5774
-103,5773
-45,5772
-59,5771
274,5770
-113,5769
292,5768
128,5767
20,5766
286,5765
-227,5764
306,5763
-388,5762
-101,5761
328,5760
-268,5759
53,5758
191,5757
-121,5756
-101,5755
146,5754
32,5753
177,5752
-66,5751
66,5750
406,5749
332,5748
-115,5747
174,5746
96,5745
-182,5744
-321,5743
152,5742
42,5741
117,5740
-102,5739
17,5738
114,5737
-358,5736
-136,5735
-70,5734
336,5733
-121,5732
-353,5731
100,5730
-201,5729
219,5728
-7,5727
104,5726
162,5725
-247,5724
-135,5723
-291,5722
-73,5721
122,5720
-98,5719
87,5718
7,5717
-12,5716
-242,5715
42,5714
-93,5713
169,5712
-159,5711
190,5710
2,5709
-55,5708
438,5707
-239,5706
-136,5705
263,5704
190,5703
-186,5702
63,5701
-20,5700
-402,5699
102,5698
129,5697
440,5696
-29,5695
-144,5694
157,5693
-98,5692
179,5691
175,5690
-141,5689
91,5688
16,5687
-194,5686
-141,5685
-500,5684
63,5683
18,5682
-180,5681
-317,5680
-222,5679
79,5678
-47,5677
121,5676
285,5675
224,5674
66,5673
9,5672
-3,5671
44,5670
255,5669
-82,5668
-25,5667
41,5666
195,5665
-79,5664
-131,5663
101,5662
223,5661
-76,5660
-94,5659
255,5658
462,5657
-135,5656
-12,5655
148,5654
23,5653
-180,5652
-230,5651
105,5650
-11,5649
-77,5648
-16,5647
-49,5646
83,5645
302,5644
97,5643
-19,5642
-274,5641
10,5640
333,5639
110,5638
-13,5637
7,5636
-398,5635
189,5634
55,5633
325,5632
195,5631
118,5630
-257,5629
258,5628
-168,5627
-116,5626
310,5625
-7,5624
-146,5623
-160,5622
-191,5621
33,5620
121,5619
107,5618
256,5617
-89,5616
46,5615
-237,5614
8,5613
-44,5612
-55,5611
-243,5610
-270,5609
-400,5608
-148,5607
433,5606
245,5605
37,5604
-50,5603
-2,5602
-34,5601
17,5600
-5,5599
-45,5598
-362,5597
-152,5596
-66,5595
-159,5594
-56,5593
-36,5592
147,5591
170,5590
-190,5589
-59,5588
188,5587
223,5586
-138,5585
43,5584
329,5583
-53,5582
170,5581
-54,5580
-434,5579
-25,5578
-206,5577
-323,5576
-88,5575
-119,5574
-31,5573
-174,5572
127,5571
-38,5570
320,5569
-42,5568
-120,5567
241,5566
-13,5565
115,5564
-5,5563
14,5562
-83,5561
98,5560
-200,5559
374,5558
85,5557
-98,5556
79,5555
-121,5554
-105,5553
-200,5552
-146,5551
-109,5550
81,5549
-5,5548
10,5547
-105,5546
-284,5545
-94,5544
-154,5543
-32,5542
42,5541
202,5540
32,5539
-235,5538
-102,5537
-206,5536
-170,5535
147,5534
77,5533
28,5532
401,5531
238,5530
-180,5529
-157,5528
-55,5527
-61,5526
11,5525
59,5524
-20,5523
275,5522
264,5521
195,5520
54,5519
-196,5518
-75,5517
66,5516
142,5515
-255,5514
-479,5513
-87,5512
-163,5511
63,5510
-220,5509
-82,5508
-40,5507
-92,5506
-44,5505
-51,5504
-156,5503
-85,5502
200,5501
-79,5500
-402,5499
-34,5498
237,5497
102,5496
-12,5495
23,5494
109,5493
-215,5492
-128,5491
-131,5490
126,5489
-63,5488
-46,5487
70,5486
-7,5485
107,5484
-93,5483
-8,5482
-62,5481
5,5480
-166,5479
-161,5478
60,5477
52,5476
140,5475
-181,5474
224,5473
170,5472
-552,5471
-81,5470
-31,5469
23,5468
85,5467
94,5466
-87,5465
21,5464
-282,5463
-31,5462
201,5461
-218,5460
200,5459
-200,5458
-179,5457
153,5456
198,5455
42,5454
78,5453
-33,5452
149,5451
438,5450
25,5449
263,5448
19,5447
130,5446
-142,5445
-344,5444
-201,5443
-497,5442
-117,5441
-114,5440
-92,5439
131,5438
-30,5437
114,5436
387,5435
27,5434
-302,5433
18,5432
-102,5431
-186,5430
20,5429
-174,5428
294,5427
-48,5426
-210,5425
164,5424
103,5423
77,5422
-252,5421
-175,5420
181,5419
2,5418
40,5417
371,5416
247,5415
118,5414
-124,5413
219,5412
-282,5411
213,5410
309,5409
-231,5408
425,5407
-150,5406
17,5405
354,5404
-98,5403
-173,5402
-173,5401
222,5400
-186,5399
138,5398
-122,5397
-119,5396
-137,5395
202,5394
214,5393
-92,5392
71,5391
-101,5390
9,5389
-55,5388
204,5387
-331,5386
-232,5385
-216,5384
-19,5383
-339,5382
-319,5381
199,5380
138,5379
31,5378
-30,5377
-281,5376
144,5375
-103,5374
97,5373
-14,5372
182,5371
316,5370
-112,5369
-57,5368
122,5367
-306,5366
44,5365
351,5364
-187,5363
-265,5362
-76,5361
-2,5360
98,5359
171,5358
-123,5357
75,5356
-268,5355
-122,5354
53,5353
57,5352
137,5351
-50,5350
-11,5349
202,5348
44,5347
239,5346
96,5345
-348,5344
126,5343
77,5342
76,5341
-173,5340
203,5339
141,5338
-122,5337
-78,5336
2,5335
62,5334
135,5333
47,5332
21,5331
62,5330
21,5329
84,5328
-190,5327
-365,5326
-155,5325
53,5324
-46,5323
117,5322
25,5321
104,5320
12,5319
-237,5318
252,5317
5,5316
-106,5315
4,5314
55,5313
-296,5312
-379,5311
26,5310
-57,5309
19,5308
348,5307
140,5306
-111,5305
-353,5304
-307,5303
-7,5302
-51,5301
-266,5300
20,5299
12,5298
126,5297
-38,5296
-245,5295
221,5294
-232,5293
-250,5292
-248,5291
-220,5290
6,5289
130,5288
-261,5287
-133,5286
41,5285
223,5284
37,5283
79,5282
125,5281
7,5280
-143,5279
-248,5278
-169,5277
138,5276
154,5275
311,5274
159,5273
41,5272
111,5271
-179,5270
-199,5269
30,5268
38,5267
-80,5266
-215,5265
-277,5264
36,5263
293,5262
63,5261
-203,5260
-347,5259
144,5258
-153,5257
331,5256
-374,5255
166,5254
274,5253
-168,5252
40,5251
56,5250
-216,5249
-88,5248
57,5247
-273,5246
264,5245
187,5244
237,5243
398,5242
68,5241
-94,5240
-82,5239
-112,5238
-242,5237
118,5236
5,5235
-52,5234
-63,5233
-160,5232
-144,5231
256,5230
255,5229
240,5228
-9,5227
-90,5226
-265,5225
142,5224
-282,5223
-59,5222
-107,5221
-274,5220
-72,5219
187,5218
340,5217
54,5216
-271,5215
61,5214
-176,5213
-637,5212
62,5211
2,5210
-2,5209
-201,5208
-90,5207
-66,5206
52,5205
274,5204
171,5203
-427,5202
-235,5201
-257,5200
284,5199
179,5198
-7,5197
108,5196
-262,5195
-41,5194
88,5193
-48,5192
-66,5191
293,5190
-143,5189
-136,5188
176,5187
274,5186
-141,5185
-395,5184
308,5183
-8,5182
10,5181
374,5180
-220,5179
-529,5178
337,5177
-90,5176
-190,5175
5,5174
-282,5173
67,5172
-227,5171
-6,5170
336,5169
-303,5168
187,5167
-99,5166
403,5165
95,5164
25,5163
-127,5162
-9,5161
32,5160
-30,5159
113,5158
174,5157
228,5156
51,5155
218,5154
-184,5153
-12,5152
-474,5151
295,5150
-24,5149
163,5148
-41,5147
37,5146
30,5145
-176,5144
105,5143
9,5142
-152,5141
-63,5140
-46,5139
339,5138
-130,5137
210,5136
88,5135
-269,5134
348,5133
242,5132
-277,5131
87,5130
9,5129
173,5128
-203,5127
227,5126
-222,5125
-246,5124
32,5123
93,5122
228,5121
-88,5120
246,5119
-174,5118
58,5117
1,5116
20,5115
145,5114
71,5113
-421,5112
188,5111
70,5110
-73,5109
18,5108
356,5107
7,5106
9,5105
-161,5104
-199,5103
169,5102
124,5101
37,5100
-107,5099
124,5098
314,5097
-210,5096
-165,5095
-96,5094
24,5093
71,5092
-9,5091
-488,5090
100,5089
127,5088
-138,5087
-75,5086
-343,5085
167,5084
546,5083
22,5082
-164,5081
-204,5080
192,5079
21,5078
533,5077
-362,5076
467,5075
-152,5074
-260,5073
-7,5072
-35,5071
116,5070
61,5069
-165,5068
83,5067
-9,5066
-5,5065
-139,5064
-11,5063
179,5062
-69,5061
182,5060
-158,5059
-19,5058
-158,5057
112,5056
-423,5055
-215,5054
-82,5053
-221,5052
-102,5051
-177,5050
218,5049
-95,5048
95,5047
92,5046
-180,5045
-156,5044
25,5043
-418,5042
78,5041
-241,5040
-334,5039
-123,5038
-118,5037
348,5036
-13,5035
129,5034
-35,5033
-14,5032
487,5031
151,5030
-16,5029
-181,5028
-39,5027
77,5026
188,5025
58,5024
123,5023
201,5022
-126,5021
-154,5020
237,5019
-125,5018
-244,5017
-174,5016
-220,5015
3,5014
115,5013
37,5012
252,5011
151,5010
69,5009
63,5008
-97,5007
-274,5006
-130,5005
15,5004
-8,5003
9,5002
-4,5001
-293,5000
-20,4999
150,4998
113,4997
-72,4996
-86,4995
25,4994
216,4993
362,4992
-118,4991
140,4990
-151,4989
124,4988
302,4987
-197,4986
47,4985
-44,4984
-300,4983
-92,4982
-214,4981
48,4980
120,4979
221,4978
112,4977
101,4976
22,4975
-11,4974
17,4973
-319,4972
105,4971
144,4970
-82,4969
-52,4968
-406,4967
369,4966
-36,4965
142,4964
27,4963
258,4962
375,4961
14,4960
155,4959
-121,4958
-104,4957
-263,4956
377,4955
60,4954
-82,4953
-87,4952
6,4951
-11,4950
-115,4949
202,4948
152,4947
40,4946
-62,4945
-13,4944
-13,4943
184,4942
-240,4941
-329,4940
55,4939
-170,4938
-6,4937
215,4936
-138,4935
-125,4934
180,4933
238,4932
127,4931
80,4930
20,4929
7,4928
-36,4927
282,4926
-101,4925
-202,4924
-199,4923
-46,4922
16,4921
-42,4920
161,4919
160,4918
-391,4917
-195,4916
222,4915
34,4914
310,4913
366,4912
-321,4911
197,4910
341,4909
-369,4908
-80,4907
251,4906
-60,4905
-20,4904
481,4903
-359,4902
-163,4901
121,4900
-26,4899
-115,4898
-160,4897
78,4896
30,4895
-22,4894
54,4893
-115,4892
-143,4891
-444,4890
329,4889
56,4888
152,4887
-118,4886
-4,4885
-258,4884
-94,4883
-368,4882
97,4881
-182,4880
-111,4879
-303,4878
242,4877
243,4876
-32,4875
-176,4874
315,4873
-37,4872
105,4871
120,4870
148,4869
-126,4868
-231,4867
390,4866
-95,4865
104,4864
262,4863
47,4862
128,4861
-165,4860
-103,4859
55,4858
112,4857
-13,4856
-251,4855
-286,4854
-89,4853
148,4852
-65,4851
-228,4850
-168,4849
-98,4848
-165,4847
42,4846
114,4845
-295,4844
-185,4843
-234,4842
-247,4841
-217,4840
310,4839
231,4838
-235,4837
103,4836
151,4835
-9,4834
223,4833
179,4832
18,4831
-30,4830
208,4829
513,4828
124,4827
-45,4826
-99,4825
75,4824
-173,4823
-129,4822
249,4821
224,4820
-163,4819
-70,4818
53,4817
167,4816
-425,4815
-4,4814
-272,4813
69,4812
-32,4811
63,4810
281,4809
244,4808
-42,4807
22,4806
-44,4805
284,4804
404,4803
-234,4802
-68,4801
32,4800
55,4799
330,4798
35,4797
11,4796
-28,4795
225,4794
-50,4793
360,4792
-169,4791
-157,4790
-213,4789
-78,4788
66,4787
-30,4786
-60,4785
-224,4784
186,4783
-104,4782
45,4781
261,4780
-89,4779
58,4778
-42,4777
83,4776
-90,4775
380,4774
-106,4773
-81,4772
45,4771
-152,4770
-81,4769
-132,4768
192,4767
-74,4766
13,4765
-153,4764
115,4763
-79,4762
-256,4761
31,4760
109,4759
219,4758
518,4757
146,4756
20,4755
-308,4754
-277,4753
-85,4752
-232,4751
-1,4750
-219,4749
263,4748
77,4747
98,4746
66,4745
256,4744
233,4743
-48,4742
26,4741
-260,4740
-42,4739
-62,4738
-221,4737
96,4736
-5,4735
174,4734
-141,4733
92,4732
-34,4731
157,4730
158,4729
-119,4728
-110,4727
19,4726
-56,4725
234,4724
-54,4723
181,4722
285,4721
124,4720
-19,4719
-184,4718
45,4717
89,4716
-120,4715
-78,4714
12,4713
22,4712
-71,4711
374,4710
-35,4709
51,4708
-4,4707
47,4706
81,4705
-25,4704
157,4703
-171,4702
273,4701
54,4700
8,4699
-498,4698
139,4697
-187,4696
-7,4695
38,4694
-134,4693
179,4692
-29,4691
-118,4690
-116,4689
143,4688
43,4687
-114,4686
-216,4685
206,4684
-113,4683
-25,4682
212,4681
-51,4680
35,4679
-106,4678
-442,4677
136,4676
192,4675
-66,4674
-344,4673
65,4672
197,4671
351,4670
211,4669
180,4668
-252,4667
82,4666
-144,4665
66,4664
-124,4663
1,4662
-125,4661
-75,4660
182,4659
326,4658
243,4657
180,4656
-128,4655
-264,4654
-353,4653
-189,4652
122,4651
-226,4650
41,4649
143,4648
-201,4647
86,4646
-160,4645
107,4644
65,4643
-2,4642
-100,4641
105,4640
231,4639
-113,4638
28,4637
161,4636
172,4635
-7,4634
-158,4633
-9,4632
31,4631
-268,4630
109,4629
17,4628
70,4627
14,4626
201,4625
124,4624
-209,4623
150,4622
294,4621
30,4620
411,4619
48,4618
-99,4617
-146,4616
-59,4615
137,4614
95,4613
-20,4612
169,4611
-19,4610
-85,4609
-257,4608
98,4607
111,4606
387,4605
422,4604
191,4603
-15,4602
-49,4601
87,4600
-345,4599
-291,4598
224,4597
-59,4596
401,4595
59,4594
79,4593
-199,4592
-194,4591
40,4590
-4,4589
11,4588
345,4587
32,4586
-424,4585
35,4584
273,4583
-35,4582
119,4581
129,4580
120,4579
-182,4578
141,4577
110,4576
-70,4575
-71,4574
382,4573
-41,4572
-285,4571
-175,4570
121,4569
202,4568
301,4567
4,4566
-180,4565
-35,4564
-206,4563
76,4562
-21,4561
-247,4560
227,4559
-101,4558
-72,4557
-269,4556
-170,4555
-104,4554
256,4553
220,4552
36,4551
-110,4550
371,4549
-118,4548
267,4547
-183,4546
111,4545
373,4544
7,4543
306,4542
-109,4541
543,4540
-77,4539
-331,4538
-33,4537
-9,4536
19,4535
47,4534
102,4533
-51,4532
36,4531
-155,4530
163,4529
-164,4528
125,4527
149,4526
25,4525
-23,4524
56,4523
68,4522
201,4521
172,4520
321,4519
-205,4518
61,4517
-18,4516
-125,4515
-20,4514
312,4513
-52,4512
-66,4511
191,4510
23,4509
300,4508
-103,4507
109,4506
24,4505
-120,4504
428,4503
-40,4502
-12,4501
-28,4500
-313,4499
-145,4498
-329,4497
-180,4496
274,4495
139,4494
116,4493
-47,4492
-360,4491
6,4490
-187,4489
239,4488
-152,4487
-117,4486
175,4485
51,4484
-336,4483
133,4482
123,4481
-71,4480
50,4479
-60,4478
159,4477
-162,4476
175,4475
142,4474
278,4473
385,4472
28,4471
85,4470
120,4469
168,4468
-98,4467
-204,4466
228,4465
-276,4464
153,4463
203,4462
-148,4461
31,4460
202,4459
143,4458
475,4457
-136,4456
203,4455
189,4454
-68,4453
-497,4452
-298,4451
149,4450
121,4449
278,4448
3,4447
-120,4446
-255,4445
-66,4444
-120,4443
-45,4442
-61,4441
-160,4440
189,4439
-38,4438
198,4437
-311,4436
-320,4435
-72,4434
-26,4433
154,4432
-274,4431
-323,4430
-112,4429
107,4428
202,4427
91,4426
231,4425
266,4424
-139,4423
162,4422
-84,4421
-131,4420
176,4419
132,4418
56,4417
416,4416
-108,4415
-111,4414
-185,4413
284,4412
65,4411
-46,4410
-342,4409
17,4408
50,4407
4,4405
24,4404
36,4403
-14,4402
-26,4401
-344,4400
333,4399
-29,4398
186,4397
-87,4396
45,4395
-221,4394
-182,4393
-18,4392
444,4391
-7,4390
-37,4389
166,4388
-104,4387
-71,4386
145,4385
67,4384
-171,4383
-36,4382
-144,4381
320,4380
256,4379
-81,4378
-141,4377
-163,4376
-103,4375
-137,4374
118,4373
151,4372
-261,4371
-19,4370
-17,4369
-104,4368
-114,4367
65,4366
127,4365
-547,4364
-63,4363
127,4362
24,4361
45,4360
234,4359
-316,4358
82,4357
-192,4356
-112,4355
159,4354
87,4353
236,4352
5,4351
221,4350
72,4349
-174,4348
65,4347
-82,4346
-304,4345
147,4344
-191,4343
81,4342
-281,4341
-118,4340
335,4339
42,4338
-293,4337
130,4336
238,4335
-47,4334
54,4333
-168,4332
92,4331
-87,4330
-151,4329
117,4328
307,4327
-283,4326
-39,4325
248,4324
-116,4323
153,4322
-189,4321
-233,4320
-90,4319
-120,4318
-179,4317
-118,4316
-310,4315
51,4314
75,4313
-194,4312
327,4311
-16,4310
-74,4309
16,4308
53,4307
282,4306
-87,4305
-58,4304
222,4303
-47,4302
-102,4301
-260,4300
-82,4299
-180,4298
-14,4297
162,4296
-177,4295
-144,4294
-153,4293
-186,4292
60,4291
-233,4290
237,4289
-251,4288
-240,4287
181,4286
479,4285
-160,4284
-3,4283
83,4282
113,4281
-38,4280
237,4279
180,4278
137,4277
-79,4276
-119,4275
-276,4274
-1,4273
168,4272
-148,4271
161,4270
-268,4269
236,4268
4,4267
-134,4266
488,4265
225,4264
169,4263
-34,4262
-82,4261
149,4260
-49,4259
64,4258
-305,4257
260,4256
-204,4254
-97,4253
128,4252
34,4251
170,4250
-217,4249
-236,4248
104,4247
-18,4246
69,4245
-67,4244
-169,4243
217,4242
-59,4241
-167,4240
355,4239
-295,4238
394,4237
-17,4236
124,4235
-75,4234
160,4233
74,4232
-234,4231
-99,4230
-60,4229
98,4228
31,4227
218,4226
15,4225
13,4224
-1,4223
201,4222
207,4221
-100,4220
-197,4219
-185,4218
284,4217
284,4216
-38,4215
44,4214
-303,4213
-40,4212
501,4211
123,4210
-39,4209
-87,4208
195,4207
209,4206
-43,4205
204,4204
-402,4203
88,4202
99,4201
-434,4200
31,4199
-75,4198
386,4197
-237,4196
-408,4195
151,4194
209,4193
30,4192
-211,4191
-428,4190
356,4189
-358,4188
80,4187
-94,4186
-297,4185
-131,4184
-209,4183
-116,4182
318,4181
-117,4180
-53,4179
-159,4178
70,4177
224,4176
-134,4175
53,4174
-48,4173
338,4172
182,4171
-216,4170
110,4169
113,4168
190,4167
22,4166
36,4165
-69,4164
300,4163
-272,4162
-268,4161
-184,4160
37,4159
236,4158
-48,4157
70,4156
281,4155
33,4154
60,4153
-33,4152
-53,4151
179,4150
193,4149
-88,4148
16,4147
-71,4146
256,4145
-80,4144
107,4143
-86,4142
244,4141
-211,4140
-172,4139
259,4138
-300,4137
-197,4136
115,4135
-29,4134
-247,4133
-357,4132
-377,4131
149,4130
-33,4129
104,4128
99,4127
-423,4126
-134,4125
432,4124
57,4123
-57,4122
326,4121
-207,4120
-250,4119
373,4118
-160,4117
258,4116
-310,4115
184,4114
-88,4113
105,4112
95,4111
-160,4110
-162,4109
217,4108
-118,4107
95,4106
-183,4105
-227,4104
92,4103
92,4102
-22,4101
-71,4100
-210,4099
-3,4098
-56,4097
-268,4096
-208,4095
-250,4094
-577,4093
139,4092
-82,4091
-106,4090
104,4089
-172,4088
-283,4087
291,4086
-310,4085
156,4084
-146,4083
-8,4082
189,4081
103,4080
-88,4079
-56,4078
228,4077
-46,4076
-306,4075
132,4074
-135,4073
308,4072
-20,4071
-69,4070
301,4069
-173,4068
-173,4067
235,4066
-255,4065
-194,4064
-51,4063
154,4062
66,4061
99,4060
28,4059
218,4058
181,4057
-76,4056
-150,4055
166,4054
-20,4053
160,4052
103,4051
-221,4050
-74,4049
122,4048
50,4047
-109,4046
-71,4045
80,4044
-190,4043
128,4042
-225,4041
42,4040
287,4039
-24,4038
243,4037
-225,4036
-257,4035
367,4034
15,4033
-314,4032
65,4031
-85,4030
17,4029
-67,4028
-169,4027
-53,4026
-101,4025
-224,4024
149,4023
-267,4022
141,4021
-220,4020
-4,4019
-48,4018
230,4017
-218,4016
-319,4015
59,4014
110,4013
417,4012
-267,4011
-157,4010
-9,4009
152,4008
-252,4007
104,4006
43,4005
-372,4004
103,4003
-239,4002
-269,4001
132,4000
-65,3999
-33,3998
326,3997
-393,3996
32,3995
108,3994
261,3993
-203,3992
102,3991
194,3990
90,3989
-198,3988
-273,3987
132,3986
-11,3985
224,3984
191,3983
-2,3982
253,3981
-110,3980
-447,3979
-166,3978
-144,3977
32,3976
-195,3975
-10,3974
108,3973
-70,3972
171,3971
-399,3970
260,3969
-295,3968
191,3967
27,3966
234,3965
253,3964
-212,3963
3,3962
171,3961
-119,3960
183,3959
34,3958
111,3957
12,3956
-267,3955
-3,3954
151,3953
-13,3952
21,3951
141,3950
-68,3949
169,3948
30,3947
104,3946
-4,3945
-47,3944
-25,3943
26,3942
253,3941
-145,3940
-629,3939
-410,3938
-253,3937
-91,3936
-39,3935
-98,3934
-53,3933
221,3932
-66,3931
79,3930
138,3929
389,3928
-84,3927
-246,3926
-92,3925
120,3924
-75,3923
365,3922
68,3921
-52,3920
1,3919
-493,3918
-122,3917
164,3916
-59,3915
347,3914
83,3913
-305,3912
633,3911
-70,3910
-240,3909
-288,3908
-88,3907
183,3906
159,3905
39,3904
-51,3903
-399,3902
90,3901
-45,3900
-122,3899
163,3898
43,3897
-316,3896
333,3895
95,3894
-176,3893
-144,3892
-144,3891
202,3890
378,3889
-116,3888
97,3887
-139,3886
245,3885
-69,3884
-131,3883
109,3882
73,3881
278,3880
321,3879
129,3878
176,3877
-150,3876
-280,3875
159,3874
12,3873
-88,3872
-251,3871
-77,3870
351,3869
-199,3868
4,3867
140,3866
-162,3865
-127,3864
-121,3863
-80,3862
191,3861
-371,3860
243,3859
337,3858
180,3857
-101,3856
207,3855
-26,3854
179,3853
109,3852
85,3851
-206,3850
-342,3849
-116,3848
2,3847
-261,3846
-319,3845
156,3844
-364,3843
202,3842
37,3841
-218,3840
-159,3839
50,3838
188,3837
27,3836
-162,3835
99,3834
121,3833
-55,3832
43,3831
28,3830
-175,3829
-57,3828
-229,3827
-210,3826
451,3825
-168,3824
-9,3823
157,3822
-134,3821
-272,3820
135,3819
89,3818
-292,3817
-67,3816
-89,3815
-111,3814
69,3813
-16,3812
-108,3811
-40,3810
125,3809
-329,3808
-60,3807
-263,3806
15,3805
-212,3804
64,3803
-43,3802
-81,3801
-41,3800
-60,3799
-253,3798
-48,3797
82,3796
-16,3795
75,3794
-43,3793
-207,3792
-320,3791
135,3790
139,3789
317,3788
-7,3787
-129,3786
40,3785
346,3784
95,3783
36,3782
46,3781
79,3780
94,3779
40,3778
464,3777
-87,3776
-211,3775
85,3774
91,3773
-231,3772
22,3771
11,3770
257,3769
126,3768
-477,3767
-288,3766
317,3765
-50,3764
-138,3763
138,3762
224,3761
-16,3760
118,3759
-124,3758
-100,3757
-120,3756
-451,3755
75,3754
-84,3753
-108,3752
82,3751
307,3750
-294,3749
-169,3748
-337,3747
-25,3746
-284,3745
48,3744
35,3743
105,3742
-253,3741
355,3740
193,3739
95,3738
185,3737
-70,3736
237,3735
-197,3734
-154,3733
-245,3732
394,3731
107,3730
-74,3729
-209,3728
181,3727
-410,3726
93,3725
168,3724
16,3723
176,3722
54,3721
41,3720
59,3719
235,3718
461,3717
-153,3716
-24,3715
34,3714
108,3713
-246,3712
130,3711
-128,3710
44,3709
-164,3708
130,3707
158,3706
94,3705
176,3704
-95,3703
144,3702
64,3701
-82,3700
128,3699
-187,3698
190,3697
-85,3696
-280,3695
-17,3694
301,3693
-45,3692
79,3691
-17,3690
-52,3689
-279,3688
-241,3687
76,3686
20,3685
-124,3684
7,3683
-6,3682
334,3681
-35,3680
404,3679
-377,3678
-28,3677
61,3676
6,3675
-56,3674
-177,3673
75,3672
104,3671
-164,3670
102,3669
-67,3668
-37,3667
-75,3666
-106,3665
-151,3664
277,3663
81,3662
-112,3661
102,3660
-238,3659
-42,3658
175,3657
-108,3656
-218,3655
216,3654
-126,3653
-296,3652
51,3651
-136,3650
195,3649
143,3648
151,3647
-311,3646
91,3645
-8,3644
-1,3643
-193,3642
-296,3641
-229,3640
-203,3639
-330,3638
-239,3637
127,3636
120,3635
-199,3634
-251,3633
141,3632
16,3631
116,3630
-206,3629
-64,3628
418,3627
-216,3626
-194,3625
231,3624
175,3623
39,3622
-150,3621
-234,3620
-145,3619
-62,3618
374,3617
-21,3616
-122,3615
-291,3614
-83,3613
-9,3612
73,3611
-125,3610
234,3609
306,3608
67,3607
-343,3606
-174,3605
-252,3604
50,3603
90,3602
-51,3601
-129,3600
-331,3599
71,3598
-185,3597
213,3596
-134,3595
-278,3594
-40,3593
-484,3592
39,3591
-380,3590
182,3589
171,3588
-198,3587
-41,3586
-140,3585
35,3584
175,3583
-239,3582
67,3581
-313,3580
236,3579
-36,3578
-247,3577
-167,3576
-239,3575
-374,3574
-70,3573
-138,3572
136,3571
287,3570
-236,3569
-111,3568
36,3567
172,3566
314,3565
-120,3564
-114,3563
-415,3562
-27,3561
56,3560
-39,3559
10,3558
314,3557
83,3556
167,3555
267,3554
-218,3553
118,3552
37,3551
128,3550
-232,3549
42,3548
-36,3547
-176,3546
-206,3545
56,3544
125,3543
-52,3542
108,3541
169,3540
-116,3539
-141,3538
-305,3537
130,3536
108,3535
-275,3534
-95,3533
-16,3532
456,3531
49,3530
-219,3529
106,3528
168,3527
-28,3526
368,3525
-9,3524
-223,3523
-327,3522
251,3521
419,3520
108,3519
298,3518
19,3517
-258,3516
-14,3515
-302,3514
-72,3513
61,3512
-1,3511
68,3510
217,3509
190,3508
110,3507
32,3506
-88,3505
-32,3504
154,3503
34,3502
152,3501
-32,3500
295,3499
75,3498
-29,3497
-72,3496
-60,3495
-13,3494
-129,3493
192,3492
-151,3491
-2,3490
-163,3489
-71,3488
-73,3487
-24,3486
31,3485
-218,3484
243,3483
-77,3482
14,3481
-358,3480
51,3479
218,3478
35,3477
-3,3476
68,3475
-19,3474
-232,3473
154,3472
-153,3471
16,3470
-288,3469
-209,3468
272,3467
86,3466
93,3465
118,3464
-15,3463
-14,3462
-156,3461
183,3460
44,3459
-18,3458
109,3457
28,3456
-227,3455
263,3454
-10,3453
134,3452
47,3451
-106,3450
100,3449
-132,3448
218,3447
-193,3446
-109,3445
-133,3444
-85,3443
26,3442
-218,3441
-88,3440
-182,3439
-156,3438
107,3437
17,3436
-429,3435
-72,3434
435,3433
-300,3432
69,3431
197,3430
-351,3429
56,3428
159,3427
442,3426
-80,3425
-9,3424
20,3423
-483,3422
-4,3421
207,3420
-175,3419
-122,3418
-13,3417
175,3416
-141,3415
478,3414
284,3413
10,3412
-2,3411
-223,3410
-15,3409
391,3408
80,3407
28,3406
-61,3405
-53,3404
8,3403
-80,3402
-217,3401
66,3400
395,3399
31,3398
29,3397
-134,3396
174,3395
-8,3394
103,3393
-143,3392
56,3391
-113,3390
193,3389
136,3388
-402,3387
-140,3386
132,3385
282,3384
108,3383
-108,3382
6,3381
29,3380
-149,3379
-232,3378
-183,3377
-80,3376
-207,3375
65,3374
-93,3373
74,3372
186,3371
-92,3370
-233,3369
101,3368
-157,3367
-183,3366
341,3365
467,3364
69,3363
-273,3362
201,3361
-25,3360
115,3359
-6,3358
20,3357
-75,3356
-521,3355
-231,3354
68,3353
216,3352
-203,3351
39,3350
139,3349
83,3348
207,3347
-155,3346
-278,3345
-227,3344
90,3343
10,3342
144,3341
32,3340
-426,3339
-217,3338
22,3337
-185,3336
-167,3335
-110,3334
208,3333
-116,3332
320,3331
138,3330
-343,3329
-476,3328
115,3327
-136,3326
-144,3325
-292,3324
-194,3323
185,3322
101,3321
109,3320
-262,3319
-42,3318
237,3317
345,3316
73,3315
-74,3314
-345,3313
98,3312
195,3311
-31,3310
-174,3309
-569,3308
99,3307
-10,3306
-10,3305
-13,3304
-341,3303
-141,3302
-127,3301
-76,3300
-49,3299
40,3298
169,3297
-29,3296
219,3295
-91,3294
-350,3293
278,3292
-196,3291
30,3290
-305,3289
269,3288
-42,3287
233,3286
-4,3285
-48,3284
6,3283
-154,3282
-33,3281
-166,3280
79,3279
119,3278
-196,3277
-55,3276
147,3275
260,3274
-107,3273
26,3272
57,3271
-16,3270
-209,3269
109,3268
130,3267
56,3266
-246,3265
50,3264
166,3263
-157,3262
-89,3261
190,3260
89,3259
136,3258
-439,3257
-347,3256
76,3255
-143,3254
45,3253
62,3252
221,3251
-86,3250
-199,3249
192,3248
-93,3247
-172,3246
-97,3245
-188,3244
-250,3243
187,3242
299,3241
-54,3240
-378,3239
-350,3238
247,3237
174,3236
159,3235
-150,3234
296,3233
88,3232
-146,3231
-215,3230
-253,3229
-48,3228
192,3227
114,3226
-82,3225
-28,3224
402,3223
137,3222
-339,3221
412,3220
107,3219
-91,3218
-101,3217
-83,3216
18,3215
-273,3214
83,3213
-57,3212
280,3211
-169,3210
124,3209
126,3208
70,3207
49,3206
144,3205
100,3204
-4,3203
154,3202
283,3201
58,3200
5,3199
-277,3198
64,3197
-148,3196
-55,3195
-205,3194
-420,3193
14,3192
-149,3191
146,3190
49,3189
-126,3188
-54,3187
83,3186
-32,3185
-154,3184
-175,3183
-135,3182
-331,3181
-105,3180
198,3179
245,3178
192,3177
14,3176
313,3175
99,3174
-84,3173
-78,3172
-166,3171
115,3170
-347,3169
-179,3168
-144,3167
426,3166
-106,3165
-173,3164
-367,3163
-240,3162
-368,3161
70,3160
-199,3159
-239,3158
-348,3157
164,3156
-174,3155
42,3154
-362,3153
183,3152
-133,3151
-199,3150
-399,3149
-167,3148
-57,3147
89,3146
260,3145
153,3144
-141,3143
69,3142
26,3141
-119,3140
139,3139
169,3138
-40,3137
38,3136
-54,3135
-95,3134
-290,3133
272,3132
-56,3131
-89,3130
-35,3129
154,3128
-180,3127
-407,3126
-174,3125
-224,3124
-97,3123
167,3122
49,3121
243,3120
425,3119
-327,3118
82,3117
231,3116
-89,3115
-147,3114
-103,3113
-50,3112
239,3111
65,3110
129,3109
-401,3108
218,3107
235,3106
107,3105
-114,3104
-3,3103
182,3102
-74,3101
-7,3100
107,3099
192,3098
124,3097
-338,3096
63,3095
83,3094
246,3093
-116,3092
-111,3091
132,3090
-208,3089
300,3088
-226,3087
291,3086
-100,3085
163,3084
-313,3083
-172,3082
-24,3081
226,3080
-17,3079
123,3078
174,3077
-195,3076
-143,3075
-310,3074
-26,3073
181,3072
135,3071
-575,3070
311,3069
67,3068
196,3067
-204,3066
-51,3065
250,3064
-85,3063
-1,3062
57,3061
104,3060
186,3059
582,3058
-40,3057
45,3056
199,3055
-303,3054
-138,3053
-114,3052
-152,3051
-190,3050
108,3049
-86,3048
-167,3047
67,3046
-328,3045
208,3044
-44,3043
35,3042
-98,3041
-79,3040
152,3039
169,3038
-35,3037
214,3036
-32,3035
-112,3034
-138,3033
160,3032
-392,3031
172,3030
-58,3029
426,3028
-24,3027
109,3026
-136,3025
-83,3024
-310,3023
-93,3022
6,3021
232,3020
-40,3019
114,3018
-165,3017
-60,3016
86,3015
-92,3014
-121,3013
-212,3012
-153,3011
340,3010
203,3009
-4,3008
-265,3007
-285,3006
159,3005
-30,3004
324,3003
-145,3002
-49,3001
-90,3000
60,2999
-246,2998
-233,2997
36,2996
46,2995
-34,2994
-343,2993
250,2992
-107,2991
-110,2990
71,2989
167,2988
-18,2987
204,2986
126,2985
-172,2984
-255,2983
55,2982
-203,2981
-170,2980
29,2979
59,2978
355,2977
399,2976
-290,2975
204,2974
132,2973
-296,2972
-62,2971
-229,2970
190,2969
178,2968
-41,2967
162,2966
-210,2965
29,2964
67,2963
35,2962
355,2961
-81,2960
-360,2959
-79,2958
250,2957
-279,2956
-253,2955
168,2954
-152,2953
-213,2952
-119,2951
50,2950
199,2949
52,2948
39,2947
287,2946
57,2945
190,2944
132,2943
17,2942
-63,2941
-51,2940
-242,2939
32,2938
-50,2937
277,2936
111,2935
-189,2934
-105,2933
-34,2932
-142,2931
106,2930
-100,2929
20,2928
-108,2927
297,2926
570,2925
234,2924
50,2923
-274,2922
-250,2921
238,2920
-210,2919
-277,2918
280,2917
-113,2916
58,2915
150,2914
85,2913
92,2912
-25,2911
-160,2910
-162,2909
159,2908
75,2907
-24,2906
132,2905
-94,2904
189,2903
-179,2902
224,2901
111,2900
115,2899
120,2898
-79,2897
-242,2896
-210,2895
25,2894
-138,2893
190,2892
-205,2891
-166,2890
5,2889
-108,2888
58,2887
-198,2886
-37,2885
76,2884
251,2883
238,2882
-17,2881
-188,2880
-110,2879
397,2878
-241,2877
-12,2876
-119,2875
82,2874
145,2873
-200,2872
-96,2871
404,2870
278,2869
-377,2868
70,2867
22,2866
-74,2865
-410,2864
234,2863
91,2862
190,2861
-58,2860
-405,2859
124,2858
-316,2857
106,2856
211,2855
15,2854
362,2853
71,2852
-14,2851
-194,2850
-195,2849
-28,2848
102,2847
86,2846
232,2845
83,2844
56,2843
-368,2842
87,2841
-112,2840
17,2839
133,2838
134,2837
445,2836
106,2835
55,2834
-300,2833
87,2832
-31,2831
-170,2830
-121,2829
18,2828
141,2827
403,2826
-85,2825
-295,2824
-122,2823
110,2822
106,2821
130,2820
153,2819
-207,2818
168,2817
-153,2816
-184,2815
24,2814
74,2813
-76,2812
60,2811
162,2810
-211,2809
85,2808
76,2807
3,2806
-180,2805
-132,2804
-82,2803
-213,2802
279,2801
-105,2800
-196,2799
122,2798
72,2797
92,2796
145,2795
248,2794
-188,2793
-174,2792
108,2791
-265,2790
518,2789
40,2788
165,2787
111,2786
-198,2785
45,2784
-242,2783
152,2782
-177,2781
-163,2780
74,2779
124,2778
176,2777
-157,2776
155,2775
65,2774
-431,2773
-92,2772
149,2771
-433,2770
-308,2769
-202,2768
135,2767
197,2766
44,2765
-38,2764
-97,2763
198,2762
50,2761
85,2760
283,2759
-204,2758
34,2757
-66,2756
-263,2755
126,2754
-215,2753
-81,2752
-286,2751
136,2750
-96,2749
37,2748
115,2747
77,2746
32,2745
15,2744
-177,2743
312,2742
-251,2741
-151,2740
161,2739
-41,2738
-1,2737
198,2736
34,2735
-93,2734
-307,2733
-290,2732
22,2731
8,2730
53,2729
-127,2728
207,2727
-131,2726
-114,2725
126,2724
-339,2723
-90,2722
-62,2721
-372,2720
114,2719
-215,2718
-145,2717
-45,2716
118,2715
-8,2714
25,2713
73,2712
380,2711
53,2710
253,2709
-198,2708
31,2707
-170,2706
-40,2705
-54,2704
-293,2703
-81,2702
-315,2701
-150,2700
234,2699
-64,2698
34,2697
-274,2696
175,2695
-250,2694
-69,2693
174,2692
-210,2691
196,2690
170,2689
34,2688
-60,2687
-13,2686
455,2685
-148,2684
5,2683
-189,2682
413,2681
-47,2680
58,2679
306,2678
304,2677
-15,2676
47,2675
126,2674
-137,2673
-402,2672
-57,2671
392,2670
62,2669
-8,2668
-136,2667
-170,2666
81,2665
-22,2664
280,2663
344,2662
-63,2661
-9,2660
203,2659
78,2658
305,2657
35,2656
89,2655
194,2654
48,2653
-204,2652
-53,2651
231,2650
-137,2649
-163,2648
8,2647
-478,2646
-70,2645
204,2644
-141,2643
-26,2642
139,2641
164,2640
-267,2639
33,2638
-19,2637
-7,2636
-70,2635
39,2634
81,2633
-116,2632
-29,2631
150,2630
-230,2629
29,2628
-173,2627
-347,2626
382,2625
-43,2624
192,2623
-213,2622
3,2621
-82,2620
-206,2619
-226,2618
-165,2617
115,2616
-22,2615
-144,2614
-65,2613
-135,2612
-9,2611
-194,2610
188,2609
-227,2608
157,2607
272,2606
-48,2605
-300,2604
-210,2603
174,2602
-121,2601
296,2600
228,2599
258,2598
-97,2597
81,2596
-30,2595
-138,2594
241,2593
5,2592
353,2591
-425,2590
49,2589
-159,2588
30,2587
174,2586
-168,2585
205,2584
230,2583
-196,2582
-137,2581
-86,2580
-12,2579
-332,2578
184,2577
-206,2576
83,2575
18,2574
-84,2573
-97,2572
394,2571
188,2570
-78,2569
-79,2568
152,2567
57,2566
-121,2565
174,2564
-243,2563
32,2562
-405,2561
293,2560
118,2559
-123,2558
-137,2557
299,2556
99,2555
112,2554
113,2553
-315,2552
187,2551
-220,2550
-296,2549
-294,2548
43,2547
-105,2546
-23,2545
291,2544
13,2543
-162,2542
-205,2541
235,2540
-93,2539
317,2538
29,2537
195,2536
-363,2535
-164,2534
257,2533
-133,2532
54,2531
336,2530
155,2529
-111,2528
102,2527
188,2526
91,2525
275,2524
-182,2523
-76,2522
-100,2521
-81,2520
222,2519
-10,2518
-146,2517
80,2516
239,2515
182,2514
10,2513
425,2512
202,2511
121,2510
15,2509
-320,2508
34,2507
-64,2506
21,2505
-142,2504
51,2503
-308,2502
3,2501
-250,2500
-50,2499
-18,2498
1,2497
56,2496
-145,2495
-147,2494
508,2493
-121,2492
26,2491
145,2490
-87,2489
-219,2488
39,2487
4,2486
67,2485
411,2484
380,2483
158,2482
-117,2481
210,2480
-368,2479
-43,2478
-128,2477
66,2476
-203,2475
-191,2474
-73,2473
-147,2472
150,2471
-190,2470
100,2469
-96,2468
3,2467
43,2466
104,2465
12,2464
8,2463
-76,2462
82,2461
56,2460
-271,2459
31,2458
-288,2457
-349,2456
83,2455
163,2454
31,2453
42,2452
-81,2451
-116,2450
-231,2449
180,2448
216,2447
155,2446
-129,2445
-222,2444
-142,2443
-24,2442
50,2441
18,2440
-213,2439
-1,2438
58,2437
-47,2436
-78,2435
-381,2434
-240,2433
-257,2432
-26,2431
-9,2430
198,2429
120,2428
-193,2427
-232,2426
-30,2425
-252,2424
76,2423
153,2422
100,2421
-207,2420
-193,2419
1,2418
-153,2417
-32,2416
-354,2415
123,2414
-451,2413
153,2412
-217,2411
-53,2410
88,2409
34,2408
-37,2407
-171,2406
-83,2405
-72,2404
231,2403
-257,2402
128,2401
223,2400
146,2399
187,2398
108,2397
58,2396
94,2395
279,2394
-244,2393
-155,2392
33,2391
-13,2390
-71,2389
-209,2388
47,2387
98,2386
-63,2385
-230,2384
55,2383
-143,2382
-308,2381
-75,2380
174,2379
244,2378
225,2377
157,2376
43,2375
-224,2374
337,2373
-30,2372
135,2371
136,2370
-124,2369
-195,2368
25,2367
-74,2366
229,2365
59,2364
-437,2363
115,2362
-80,2361
18,2360
-6,2359
102,2358
89,2357
-80,2356
123,2355
-415,2354
235,2353
-98,2352
-69,2351
112,2350
-377,2349
-214,2348
-63,2347
299,2346
-187,2345
161,2344
81,2343
-194,2342
-28,2341
79,2340
-88,2339
-166,2338
241,2337
132,2336
100,2335
125,2334
186,2333
-528,2332
-164,2331
3,2330
-20,2329
-482,2328
19,2327
145,2326
37,2325
101,2324
-343,2323
454,2322
-302,2321
-137,2320
-206,2319
115,2318
-30,2317
-57,2316
4,2315
-151,2314
275,2313
-24,2312
-22,2311
15,2310
362,2309
-75,2308
-216,2307
71,2306
-403,2305
-106,2304
122,2303
-40,2302
5,2301
-105,2300
-504,2299
111,2298
240,2297
-336,2296
-379,2295
188,2294
-93,2293
-1,2292
-463,2291
-98,2290
-385,2289
217,2288
-106,2287
179,2286
314,2285
-53,2284
-97,2283
9,2282
-8,2281
130,2280
87,2279
114,2278
135,2277
194,2276
159,2275
-416,2274
149,2273
222,2272
-202,2271
13,2270
-289,2269
292,2268
-81,2267
256,2266
-28,2265
7,2264
150,2263
-174,2262
72,2261
-145,2260
132,2259
-70,2258
-16,2257
61,2256
130,2255
35,2254
37,2253
176,2252
10,2251
-622,2250
23,2249
201,2248
120,2247
-421,2246
-22,2245
108,2244
175,2243
51,2242
16,2241
431,2240
-180,2239
3,2238
-209,2237
-129,2236
43,2235
13,2234
-50,2233
-220,2232
96,2231
226,2230
-51,2229
318,2228
137,2227
-220,2226
-145,2225
254,2224
-491,2223
-276,2222
-58,2221
65,2220
-35,2219
-110,2218
122,2217
-35,2216
-41,2215
-53,2214
137,2213
-182,2212
21,2211
-95,2210
24,2209
91,2208
30,2207
62,2206
-190,2205
-7,2204
-217,2203
81,2202
-175,2201
54,2200
-90,2199
-158,2198
118,2197
-153,2196
152,2195
-138,2194
1,2193
11,2192
145,2191
-213,2190
136,2189
-30,2188
-125,2187
-52,2186
-32,2185
28,2184
-192,2183
-350,2182
-108,2181
129,2180
-70,2179
-97,2178
51,2177
61,2176
-40,2175
-137,2174
8,2173
4,2172
-155,2171
-44,2170
47,2169
-202,2168
237,2167
412,2166
4,2165
-153,2164
-354,2163
343,2162
318,2161
-224,2160
-176,2159
-380,2158
-430,2157
-275,2156
-182,2155
-521,2154
-83,2153
162,2152
76,2151
-21,2150
80,2149
110,2148
213,2147
182,2146
31,2145
390,2144
-249,2143
29,2142
57,2141
242,2140
-126,2139
361,2138
-56,2137
69,2136
187,2135
-178,2134
-208,2133
251,2132
280,2131
-193,2130
-117,2129
-224,2128
-97,2127
-55,2126
-198,2125
60,2124
-68,2123
-75,2122
303,2121
162,2120
207,2119
143,2118
-42,2117
257,2116
160,2115
-356,2114
56,2113
-65,2112
-35,2111
-112,2110
-97,2109
81,2108
329,2107
367,2106
60,2105
-275,2104
233,2103
-172,2102
49,2101
-135,2100
-330,2099
198,2098
40,2097
-220,2096
-46,2095
-73,2094
-63,2093
127,2092
-78,2091
-181,2090
66,2089
-79,2088
-8,2087
3,2086
197,2085
68,2084
-32,2083
-5,2082
-127,2081
51,2080
-42,2079
143,2078
-113,2077
-105,2076
238,2075
-46,2074
-317,2073
102,2072
388,2071
431,2070
-408,2069
65,2068
125,2067
69,2066
-238,2065
-264,2064
-58,2063
-75,2062
60,2061
117,2060
270,2059
259,2058
-122,2057
301,2056
-101,2055
-312,2054
-91,2053
1,2052
59,2051
-39,2050
221,2049
-158,2048
165,2047
211,2046
-96,2045
-103,2044
191,2043
-190,2042
80,2041
-209,2040
-89,2039
273,2038
-258,2037
363,2036
82,2035
-21,2034
-374,2033
-87,2032
-168,2031
-53,2030
-34,2029
77,2028
143,2027
-127,2026
120,2025
-50,2024
-206,2023
-83,2022
51,2021
176,2020
364,2019
170,2018
140,2017
-84,2016
15,2015
-17,2014
46,2013
140,2012
132,2011
18,2010
97,2009
12,2008
-22,2007
18,2006
-62,2005
-252,2004
9,2003
-20,2002
54,2001
135,2000
-29,1999
-73,1998
18,1997
-117,1996
-144,1995
-41,1994
-1,1993
-25,1992
-90,1991
74,1990
-3,1989
49,1988
-235,1987
-28,1986
-216,1985
207,1984
49,1983
91,1982
-133,1981
36,1980
58,1979
-114,1978
112,1977
251,1976
93,1975
-366,1974
38,1973
-224,1972
-44,1971
-196,1970
336,1969
479,1968
6,1967
353,1966
-41,1965
-197,1964
43,1963
-54,1962
-191,1961
-10,1960
-141,1959
-54,1958
-175,1957
47,1956
67,1955
-109,1954
-151,1953
-88,1952
344,1951
79,1950
28,1949
-18,1948
-275,1947
-68,1946
-297,1945
-72,1944
418,1943
11,1942
31,1941
-106,1940
12,1939
-31,1938
-265,1937
-102,1936
48,1935
-71,1934
-71,1933
190,1932
-88,1931
205,1930
-132,1929
-161,1928
275,1927
-14,1926
326,1925
23,1924
190,1923
119,1922
93,1921
-403,1920
-19,1919
-100,1918
6,1917
72,1916
-120,1915
-12,1914
147,1913
-426,1912
154,1911
186,1910
113,1909
202,1908
8,1907
147,1906
-29,1905
405,1904
219,1903
-177,1902
193,1901
388,1900
205,1899
391,1898
88,1897
-370,1896
37,1895
-250,1894
-160,1893
-23,1892
-340,1891
-72,1890
-38,1889
-119,1888
-164,1887
-89,1886
292,1885
-78,1883
40,1882
288,1881
-171,1880
114,1879
415,1878
241,1877
96,1876
-384,1875
414,1874
-12,1873
-1,1872
-50,1871
24,1870
147,1869
-185,1868
-13,1867
-187,1866
-10,1865
-67,1864
95,1863
22,1862
127,1861
110,1860
-195,1859
-80,1857
-7,1856
311,1855
263,1854
-4,1853
251,1852
-176,1851
-17,1850
159,1849
76,1848
-12,1847
-42,1846
-12,1845
260,1844
54,1843
179,1842
193,1841
-49,1840
-381,1839
-33,1838
121,1837
177,1836
-186,1835
-83,1834
413,1833
-112,1832
-157,1831
23,1830
22,1829
-40,1828
381,1827
76,1826
-230,1825
105,1824
-169,1823
90,1822
-196,1821
-109,1820
-36,1819
-117,1818
-46,1817
-46,1816
-114,1815
39,1814
117,1813
139,1812
-15,1811
-61,1810
141,1809
221,1808
-293,1807
-179,1806
84,1805
170,1804
-279,1803
222,1802
141,1801
141,1800
-70,1799
90,1798
-114,1797
48,1796
105,1795
-250,1794
80,1793
156,1792
-401,1791
-74,1790
51,1789
-259,1788
-15,1787
-248,1786
50,1785
-27,1784
-113,1783
492,1782
155,1781
-584,1780
-244,1779
-73,1778
-130,1777
211,1776
87,1775
306,1774
-34,1773
-83,1772
-126,1771
423,1770
-105,1769
-4,1768
192,1767
-274,1766
52,1765
-84,1764
73,1763
-338,1762
145,1761
-482,1760
222,1759
127,1758
69,1757
53,1756
-61,1755
16,1754
128,1753
77,1752
103,1751
67,1750
292,1749
-124,1748
131,1747
24,1746
210,1745
117,1744
-23,1743
371,1742
273,1741
173,1740
60,1739
-154,1738
112,1737
213,1736
218,1735
-18,1734
-25,1733
82,1732
-89,1731
107,1730
-34,1729
-3,1728
171,1727
35,1726
16,1725
-80,1724
-96,1723
-254,1722
316,1721
388,1720
-298,1719
110,1718
171,1717
-320,1716
250,1715
-2,1714
162,1713
-312,1712
-374,1711
-275,1710
243,1709
-245,1708
457,1707
204,1706
-291,1705
160,1704
141,1703
131,1702
-308,1701
67,1700
67,1699
303,1698
236,1697
-34,1696
-292,1695
292,1694
99,1693
3,1692
163,1691
-176,1690
-117,1689
210,1688
-36,1687
100,1686
218,1685
-23,1684
-138,1683
50,1682
32,1681
-178,1680
54,1679
-83,1678
-38,1677
-69,1676
-146,1675
-88,1674
-12,1673
-8,1672
-13,1671
111,1670
228,1669
-57,1668
46,1667
62,1666
-20,1665
-134,1664
-219,1663
317,1662
-234,1661
-84,1660
-53,1659
121,1658
-154,1657
-312,1656
-284,1655
-209,1654
61,1653
-299,1652
-121,1651
61,1650
-99,1649
41,1648
144,1647
-157,1646
-66,1645
358,1644
-215,1643
16,1642
-114,1641
-57,1640
-95,1639
230,1638
-71,1637
13,1636
-655,1635
-198,1634
-105,1633
26,1632
-184,1631
-71,1630
-86,1629
-44,1628
-285,1627
-19,1626
253,1625
-177,1624
190,1623
-162,1622
126,1621
224,1620
49,1619
12,1618
-161,1617
31,1616
-171,1615
150,1614
-264,1613
114,1612
149,1611
186,1610
322,1609
-269,1608
124,1607
-433,1606
479,1605
-47,1604
-35,1603
-141,1602
-161,1601
19,1600
135,1599
-516,1598
-53,1597
17,1596
-177,1595
-50,1594
112,1593
-71,1592
-222,1591
6,1590
-137,1589
115,1588
152,1587
74,1586
-71,1585
238,1584
-396,1583
-79,1582
170,1581
126,1580
-96,1579
78,1578
-124,1577
47,1576
-240,1575
-45,1574
-179,1573
-127,1572
-247,1571
-51,1570
-27,1569
-234,1568
-188,1567
-227,1566
-172,1565
-297,1564
-201,1563
69,1562
-279,1561
-134,1560
-18,1559
164,1558
-148,1557
-192,1556
-26,1555
310,1554
4,1553
-104,1552
33,1551
76,1550
-144,1549
123,1548
-98,1547
357,1546
-142,1545
-143,1544
-87,1543
-49,1542
30,1541
-193,1540
-165,1539
-92,1538
-18,1537
-50,1536
296,1535
-257,1534
-344,1533
-174,1532
-46,1531
-45,1530
68,1529
24,1528
219,1527
-61,1526
-31,1525
-170,1524
178,1523
140,1522
-53,1521
66,1520
68,1519
221,1518
12,1517
-249,1516
-20,1515
-85,1514
165,1513
-37,1512
53,1511
41,1510
-138,1509
52,1508
116,1507
-299,1506
-196,1505
-166,1504
23,1503
79,1502
92,1501
-528,1500
136,1499
-161,1498
-305,1497
-87,1496
26,1495
-89,1494
48,1493
64,1492
58,1491
156,1490
11,1489
146,1488
221,1487
-9,1486
-116,1485
85,1484
22,1483
24,1482
-116,1481
291,1480
-58,1479
238,1478
51,1477
-207,1476
39,1475
122,1474
150,1473
26,1472
-309,1471
158,1470
-130,1469
62,1468
-150,1467
-99,1466
138,1465
224,1464
-16,1463
128,1462
-273,1461
310,1460
135,1459
-168,1458
120,1457
79,1456
-36,1455
-72,1454
-4,1453
181,1452
-15,1451
-266,1450
96,1449
-143,1448
-190,1447
291,1446
112,1445
66,1444
136,1443
-11,1442
-241,1441
218,1440
187,1439
-75,1438
54,1437
244,1436
296,1435
-215,1434
83,1433
-73,1432
163,1431
97,1430
59,1429
281,1428
78,1427
-166,1426
-107,1425
31,1424
-394,1423
-224,1422
202,1421
72,1420
-136,1419
168,1418
-356,1417
123,1416
-323,1415
-294,1414
-174,1413
-162,1412
5,1411
286,1410
-222,1409
554,1408
134,1407
272,1406
-166,1405
106,1404
-101,1403
-308,1402
121,1401
327,1400
1,1399
33,1398
135,1397
57,1396
-339,1395
30,1394
7,1393
178,1392
299,1391
-69,1390
102,1389
247,1388
-35,1387
-280,1386
-12,1385
-13,1384
136,1383
230,1382
-10,1381
-28,1380
-164,1379
-54,1378
-48,1377
-188,1376
-34,1375
-85,1374
332,1373
-173,1372
54,1371
-216,1370
174,1369
-32,1368
-177,1367
-101,1366
-16,1365
-36,1364
-68,1363
64,1362
-226,1361
-117,1360
34,1359
-310,1358
16,1357
135,1356
194,1355
-170,1354
-333,1353
388,1352
49,1351
-201,1350
96,1349
62,1348
129,1347
-31,1346
-69,1345
-58,1344
-101,1343
48,1342
99,1341
125,1340
5,1339
131,1338
-306,1337
180,1336
161,1335
-144,1334
433,1333
-16,1332
-122,1331
-338,1330
-144,1329
203,1328
-223,1327
-115,1326
18,1325
153,1324
-72,1323
125,1322
152,1321
-120,1320
-236,1319
333,1318
-263,1317
130,1316
45,1315
188,1314
83,1313
-48,1312
-462,1311
198,1310
-103,1309
400,1308
-80,1307
-95,1306
287,1305
-377,1304
-306,1303
337,1302
-225,1301
-104,1300
-29,1299
-13,1298
-12,1297
186,1296
143,1295
-84,1294
-23,1293
-328,1292
18,1291
-79,1290
-54,1289
39,1288
302,1287
21,1286
365,1285
-85,1284
-240,1283
-76,1282
-90,1281
-504,1280
103,1279
-9,1278
-117,1277
149,1276
287,1275
29,1274
34,1273
-65,1272
103,1271
384,1270
314,1269
246,1268
-111,1267
-30,1266
-21,1265
-41,1264
229,1263
156,1262
149,1261
33,1260
-275,1259
-95,1258
-12,1257
17,1256
323,1255
175,1254
95,1253
71,1252
-125,1251
158,1250
-58,1249
319,1248
-145,1247
-267,1246
204,1245
-86,1244
294,1243
-10,1242
129,1241
-76,1240
248,1239
-251,1238
150,1237
2,1236
-132,1235
-185,1234
-87,1233
170,1232
336,1231
-116,1230
614,1229
-68,1228
55,1227
305,1226
-261,1225
-284,1224
140,1223
123,1222
-102,1221
281,1220
207,1219
-523,1218
118,1217
163,1216
101,1215
-83,1214
-265,1213
-133,1212
55,1211
-65,1210
317,1209
-138,1208
-207,1207
-60,1206
-255,1205
11,1204
7,1203
-67,1202
-243,1201
57,1200
-105,1199
-356,1198
53,1197
-155,1196
-213,1195
-190,1194
-11,1193
-246,1192
-110,1191
-32,1190
-39,1189
157,1188
-90,1187
12,1186
-29,1185
39,1184
55,1183
204,1182
264,1181
-52,1180
-60,1179
-65,1178
-146,1177
143,1176
35,1175
-35,1174
-279,1173
-63,1172
-204,1171
193,1170
198,1169
-63,1168
-208,1167
273,1166
-285,1165
-268,1164
27,1163
-138,1162
-114,1161
-304,1160
39,1159
238,1158
-28,1157
53,1156
-37,1155
26,1154
-244,1153
-207,1152
88,1151
-132,1150
-43,1148
268,1147
328,1146
-230,1145
-3,1144
-73,1143
40,1142
-120,1141
433,1140
354,1139
-88,1138
-173,1137
83,1136
188,1135
115,1134
-216,1133
198,1132
-56,1131
-41,1130
-104,1129
186,1128
-45,1127
7,1126
160,1125
-255,1124
119,1123
148,1122
-75,1121
-370,1120
188,1119
298,1118
-118,1117
-91,1116
-218,1115
-149,1114
22,1113
-9,1112
-148,1111
118,1110
230,1109
85,1108
-226,1107
208,1106
411,1105
81,1104
145,1103
166,1102
264,1101
271,1100
76,1099
203,1098
19,1097
-393,1096
56,1095
-111,1094
-259,1093
164,1092
-122,1091
-211,1090
205,1089
125,1088
-309,1087
35,1086
-203,1085
-76,1084
107,1083
-150,1082
-168,1081
-378,1080
275,1079
190,1078
125,1077
46,1076
135,1075
-247,1074
51,1073
436,1072
-74,1071
23,1070
-258,1069
-258,1068
-120,1067
-151,1066
213,1065
-65,1064
-34,1063
80,1062
125,1061
41,1060
146,1059
40,1058
32,1057
185,1056
-343,1055
-409,1054
-530,1053
-145,1052
-118,1051
-68,1050
-261,1049
-140,1048
163,1047
-202,1046
103,1045
-34,1044
117,1043
95,1042
-18,1041
-63,1040
-258,1039
-183,1038
241,1037
177,1036
-131,1035
-100,1034
59,1033
195,1032
136,1031
-97,1030
432,1029
173,1028
-44,1027
-49,1026
221,1025
191,1024
54,1023
139,1022
-79,1021
-85,1020
87,1019
-105,1018
55,1017
18,1016
198,1015
-328,1014
195,1013
-285,1012
43,1011
363,1010
172,1009
183,1008
183,1007
-317,1006
253,1005
175,1004
-45,1003
104,1002
-114,1001
21,1000
-166,999
-132,998
119,997
-462,996
128,995
187,994
98,993
-289,992
192,991
155,990
-327,989
-142,988
-56,987
188,986
288,985
442,984
-67,983
168,982
-194,981
16,980
341,979
-154,977
130,976
-266,975
-129,974
-17,973
-186,972
67,971
-20,970
201,969
124,968
187,967
-63,966
-59,965
-148,964
192,963
92,962
-113,961
-70,960
-52,959
83,958
73,957
-78,956
125,955
-98,954
-116,953
211,952
-454,951
184,950
356,949
-93,948
40,947
-290,946
-23,945
-189,944
286,943
199,942
213,941
-43,940
46,939
-199,938
113,937
183,936
307,935
-214,934
-94,933
-106,932
115,931
-219,930
-27,929
-75,928
377,927
-417,926
3,925
-147,924
-314,923
102,922
-124,921
148,920
-378,919
-83,918
-193,917
-206,916
-248,915
-147,914
-140,913
124,912
-307,911
228,910
369,909
-155,908
95,907
91,906
153,905
-138,904
3,903
126,902
76,901
-129,900
267,899
481,898
-122,897
64,896
313,895
44,894
-301,893
459,892
-101,891
-230,890
-62,889
-255,888
46,887
-63,886
60,885
-96,884
-1,883
-201,882
237,881
-320,880
87,879
199,878
-29,877
-311,876
-139,875
181,874
-248,873
58,872
-9,871
75,870
145,869
69,868
267,867
-99,866
25,865
-208,864
-179,863
166,862
11,861
220,860
-249,859
174,858
-159,857
4,856
31,855
-36,854
-8,853
-237,852
137,851
216,850
176,849
-154,848
-102,847
-26,846
-161,845
-274,844
159,843
-54,842
-143,841
-27,840
-168,839
13,838
72,837
279,836
230,835
-208,834
-184,833
69,832
4,831
97,830
-81,829
-317,828
336,827
-11,826
-318,825
-119,824
-398,823
-34,822
24,821
165,820
30,819
10,818
-387,817
169,816
-23,815
-284,814
54,813
119,812
180,811
227,810
-116,809
-120,808
292,807
-453,806
-47,805
-50,804
115,803
-60,802
-19,801
-114,800
-199,799
-229,798
-1,797
122,796
-52,795
-296,794
14,793
-118,792
73,791
327,790
310,789
-243,788
121,787
235,786
-324,785
-93,784
-129,783
106,782
-126,781
-94,780
215,779
-8,778
-80,777
186,776
117,775
-323,774
411,773
-25,772
-20,771
135,770
352,769
530,768
-136,767
253,766
81,765
-88,764
-52,763
-248,762
-75,761
49,760
-112,759
15,758
131,757
-214,756
-1,755
-13,754
367,753
233,752
143,751
38,750
-160,749
252,748
358,747
-250,746
33,745
10,744
-260,743
3,742
-185,741
189,740
-77,739
-19,738
226,737
111,736
100,735
-49,734
80,733
108,732
-147,731
121,730
297,729
166,728
31,727
-9,726
341,725
51,724
302,723
-572,722
-9,721
-210,720
252,719
50,718
-130,717
67,716
-438,715
228,714
-228,713
111,712
228,711
-205,710
280,709
106,708
-136,707
51,706
109,705
-36,704
59,703
8,702
81,701
21,700
-33,699
-38,698
152,697
43,696
85,695
45,694
-123,693
19,692
-267,691
140,690
169,689
-172,688
258,687
-122,686
-367,685
188,684
-239,683
55,682
-34,681
-83,680
101,679
-47,678
-180,677
118,676
-25,674
-130,673
-224,672
-77,671
282,670
-111,669
7,668
72,667
-263,666
106,665
-198,664
144,663
109,662
-28,661
-15,660
188,659
8,658
197,657
-27,656
110,655
156,654
-210,653
76,652
-38,651
-73,650
528,649
-60,648
189,647
-223,646
-504,645
259,644
235,643
-36,642
209,641
57,640
186,639
72,638
-42,637
525,636
-122,635
-208,634
-336,633
-178,632
284,631
-323,630
480,629
369,628
-24,627
-176,626
160,625
6,624
-31,623
-181,622
232,621
202,620
200,619
-22,618
84,617
-274,616
-179,615
-144,614
-23,613
-280,612
-191,611
32,610
-193,609
-224,608
-2,607
-132,606
204,605
100,604
-299,603
43,602
-151,601
-14,600
-356,599
-250,598
309,597
216,596
283,595
-292,594
42,593
25,592
-83,591
-164,590
25,589
373,588
347,587
-210,586
-210,585
-158,584
76,583
-35,582
119,581
52,580
131,579
540,578
42,577
-282,576
-150,575
-62,574
254,573
334,572
26,571
82,570
186,569
67,568
-206,567
28,566
285,565
-11,564
-226,563
-106,562
68,561
-388,560
119,559
-120,558
-126,557
293,556
89,555
9,554
234,553
-77,552
-284,551
-551,550
212,549
-51,548
-157,547
255,546
114,545
-369,544
108,543
-22,542
128,541
-251,540
-127,539
183,538
-86,537
-90,536
-319,535
472,534
51,533
-109,532
189,531
239,530
86,529
30,528
-141,527
63,526
401,525
214,524
-26,523
209,522
178,521
76,520
-5,519
188,518
166,517
259,516
510,515
201,514
232,513
-244,512
-251,511
-419,510
-136,509
16,508
4,507
177,506
-29,505
131,504
86,503
9,502
-383,501
-323,500
-308,499
-144,498
179,497
-318,496
187,495
154,494
-31,493
-13,492
-27,491
-29,490
312,489
32,488
224,487
55,486
22,485
-164,484
-24,483
304,482
139,481
67,480
-227,479
225,478
-141,477
1,476
-240,475
111,474
-107,473
-64,472
50,471
157,470
-105,469
111,468
-121,467
-154,466
-260,465
118,464
-59,463
144,462
-232,461
386,460
-39,459
281,458
-210,457
142,456
119,455
-101,454
403,453
496,452
289,451
72,450
-3,449
-211,448
103,447
101,446
49,445
-21,444
101,443
-72,442
178,441
77,440
172,439
110,438
-15,437
-194,436
-25,435
-162,434
-102,433
-57,432
217,431
12,430
-383,429
47,428
-35,427
-62,426
-96,425
103,424
75,423
13,422
51,421
-246,420
168,419
-35,418
12,417
-153,416
94,415
163,414
179,413
252,412
-74,411
143,410
154,409
-86,408
-64,407
60,406
94,405
64,404
201,403
55,402
62,401
69,400
36,399
-45,398
-145,397
-117,396
-100,395
-44,394
81,393
75,392
-147,391
260,390
69,389
-302,388
-42,387
-440,386
-57,385
572,384
46,383
42,382
383,381
202,380
-108,379
295,378
103,377
92,376
-229,375
420,374
185,373
-286,372
-11,371
-184,370
-264,369
27,368
-227,367
-138,366
-322,365
-32,364
57,363
14,362
30,361
390,360
-1,359
-57,358
-269,357
-134,356
-105,355
-93,354
155,353
231,352
225,351
132,350
159,349
-6,348
-103,347
-255,346
160,345
34,344
-125,343
350,342
228,341
152,340
267,339
-82,338
-196,337
-465,336
-153,335
-458,334
93,333
-141,332
175,331
144,330
282,329
522,328
-136,327
-154,326
156,325
-76,324
-162,323
200,322
315,321
149,320
-150,319
27,318
73,317
376,316
82,315
200,314
140,313
14,312
148,311
202,310
36,309
-100,308
295,307
127,306
139,305
183,304
136,303
-55,302
201,301
-127,300
21,299
98,298
-50,297
180,296
-242,295
210,294
94,293
-66,292
-58,291
-175,290
-315,289
-335,288
-128,287
-46,286
-26,285
38,284
-10,283
171,282
280,281
37,280
201,279
-142,278
-135,277
237,276
-110,275
-191,274
-268,273
32,272
192,271
-246,270
-8,269
85,268
-200,267
-109,266
-134,265
136,264
14,263
61,262
7,261
264,260
163,259
109,258
50,257
-53,256
178,255
252,254
-12,253
192,252
-238,251
195,250
-14,249
-18,248
-330,247
128,246
-182,245
108,244
-60,243
201,242
-40,241
-300,240
-148,239
264,238
16,237
84,236
-367,235
-198,234
83,233
-341,232
220,231
-155,230
177,229
-16,228
9,227
247,226
112,225
-147,224
-268,223
167,222
35,221
151,220
304,219
41,218
121,217
-34,216
-3,215
213,214
99,213
313,212
-199,211
-193,210
-278,209
-149,208
-48,207
91,206
-101,205
-11,204
97,203
13,202
233,201
238,200
-204,199
-103,198
-413,197
-44,196
133,195
-9,194
-62,193
217,192
36,191
-91,190
281,189
-182,188
121,187
-41,186
-37,185
-51,184
-119,183
-382,182
-143,181
-23,180
110,179
73,178
-167,177
36,176
-269,175
-48,174
13,173
132,172
40,171
-104,170
-53,169
288,168
-130,167
-154,166
285,165
132,164
95,163
-52,162
117,161
141,160
-19,159
90,158
154,157
433,156
56,155
45,154
34,153
111,152
160,151
309,150
-130,149
9,148
89,147
-179,146
24,145
318,144
208,143
266,142
-302,141
-324,140
255,139
155,138
6,137
318,136
-17,135
9,134
160,133
3,132
-123,131
-19,130
-309,129
-191,128
348,127
2,126
82,125
-286,124
-30,123
40,122
60,121
41,120
223,119
-125,118
142,117
18,116
-408,115
-160,114
214,113
-152,112
231,111
-164,110
108,109
149,108
162,107
86,106
104,105
-54,104
99,103
-202,102
327,101
126,100
210,99
80,98
166,97
324,96
125,95
-4,94
-38,93
29,92
61,91
32,90
38,89
-74,88
-210,87
23,86
384,85
102,84
320,83
46,82
-247,81
88,80
117,79
-147,78
136,77
-39,76
61,75
226,74
-52,73
330,72
-279,71
-54,70
84,69
134,68
104,67
1,66
96,65
-262,64
100,63
92,62
-249,61
230,60
428,58
80,57
-96,56
472,55
-175,54
-31,53
-231,52
-64,51
139,50
127,49
159,48
-159,47
78,46
25,45
108,44
338,43
96,42
-137,41
-35,40
-287,39
438,38
-260,37
-133,36
-96,35
-120,34
-156,33
-92,32
-106,31
-173,30
42,29
-158,28
-162,27
-176,26
-211,25
255,24
17,23
-375,22
138,21
86,20
-183,19
-119,18
146,17
150,16
-38,15
268,14
-135,13
-215,12
28,11
-30,10
-406,9
-275,8
117,7
205,6
-220,5
118,4
162,3
-215,2
-112,1
213,0