37.7273
84.9326
42.6793
60.7861
11.5807
66.853
62.5929
85.6789
35.1531
31.0804
66.0281
87.0959
4.42015
77.624
42.6793
68.3727
41.6883
86.1502
59.2936
68.4966
54.7858
11.2604
79.2434
72.3125
18.8591
89.0235
48.3231
12.9343
80.4671
91.5675
64.3181
18.0192
29.1558
83.1349
2.21458
11.9342
8.35392
32.4128
95.607
13.4418
30.6514
41.4889
64.2123
43.0056
70.2912
31.2405
70.0072
88.2772
80.0562
49.5951
2.91855
31.8931
22.2581
42.3862
81.5638
89.1655
53.0938
55.2541
61.9584
75.7236
58.9945
3.33851
39.7697
32.7754
70.3094
76.2221
39.9359
35.0081
57.937
23.8262
92.2563
25.7538
44.193
73.7627
65.8257
78.5334
23.5784
42.8122
69.8441
48.5316
30.7239
86.0596
99.719
3.12702
49.1782
42.3379
32.9778
98.0512
98.2748
27.5031
39.9329
1.28401
92.8394
26.2523
38.5461
95.3079
10.8677
44.8818
40.522
5.69515
