62.9947
60.8405
18.0464
52.8279
12.8587
44.3924
49.1419
85.6124
15.2244
80.2677
64.1579
6.97922
41.936
72.5814
50.293
14.1247
64.4993
50.9638
36.6699
12.1699
43.5343
66.1309
23.9349
85.2952
12.7349
98.8459
71.7928
97.9334
99.6223
59.5262
15.5084
13.1639
77.7872
5.41115
14.8347
89.8574
74.8353
58.5957
20.2791
70.6478
50.7674
52.7464
53.2691
86.4221
67.0101
74.938
78.0953
13.2847
49.7885
49.3443
75.1677
7.70736
78.1044
24.2038
83.5096
44.8879
98.018
1.8641
29.9957
96.9515
93.4407
82.2769
4.26606
63.0461
11.1668
56.7345
4.81594
97.9969
74.3882
14.2969
13.1941
55.5139
89.3347
8.61376
15.8317
78.6392
62.3753
50.6042
38.4222
63.4751
39.1896
58.7709
10.3299
28.7993
97.2989
42.5101
19.0253
8.67418
86.6095
51.2901
78.9836
15.6142
49.29
65.9768
74.0135
77.4397
22.5904
58.2059
86.5309
4.37785
