-88,9998
18,9997
84,9996
89,9995
-87,9994
85,9992
52,9991
55,9989
-6,9987
34,9986
39,9985
38,9984
-27,9982
-89,9979
-41,9978
-81,9977
76,9976
78,9975
40,9974
33,9972
74,9971
7,9970
-62,9969
-98,9967
-86,9965
-79,9964
-27,9963
6,9962
-61,9961
41,9959
34,9958
-42,9955
-14,9954
-53,9953
-85,9952
-81,9951
90,9948
4,9947
-89,9944
30,9941
-57,9940
-90,9939
-42,9938
65,9937
-81,9936
-74,9935
3,9932
-61,9931
-18,9930
84,9929
-57,9928
-31,9927
6,9926
92,9925
-40,9924
-30,9922
-14,9921
-60,9919
44,9918
1,9917
-98,9916
84,9914
-43,9912
68,9910
79,9908
-72,9907
38,9906
82,9905
65,9904
25,9903
-86,9901
-64,9900
-1,9898
-48,9897
-83,9896
-94,9895
-1,9894
-28,9892
82,9891
-30,9890
-17,9889
-61,9888
6,9887
-29,9886
14,9885
-27,9884
36,9883
2,9882
90,9881
-45,9879
-46,9878
93,9874
95,9873
-37,9872
-53,9869
-53,9868
74,9867
39,9866
70,9865
56,9862
-83,9861
70,9860
-76,9859
-45,9858
-53,9857
68,9856
83,9855
48,9854
68,9852
69,9850
-96,9849
7,9848
-44,9847
5,9846
95,9845
-71,9844
48,9842
-70,9841
82,9839
-88,9838
27,9837
-81,9836
-41,9835
62,9834
-50,9832
52,9831
-34,9830
-17,9829
-96,9828
15,9827
-47,9824
-96,9822
100,9821
12,9820
-28,9819
32,9817
-55,9816
64,9814
98,9813
-52,9811
-70,9810
61,9809
13,9808
78,9807
-52,9805
-57,9804
-97,9802
9,9801
14,9800
-84,9799
-38,9798
43,9797
43,9796
0,9794
-83,9793
-98,9792
-90,9790
93,9789
-95,9788
-92,9787
-72,9785
-67,9784
74,9783
-88,9782
-61,9781
55,9780
-17,9779
51,9778
82,9777
-76,9776
50,9775
8,9774
-19,9773
-76,9772
-99,9771
-98,9768
85,9767
83,9766
-60,9765
-11,9764
-94,9762
49,9758
-65,9757
16,9755
84,9754
2,9753
86,9752
68,9751
-76,9750
29,9749
-50,9748
-40,9747
68,9746
-21,9745
-21,9744
-66,9741
66,9739
51,9738
42,9736
-20,9735
-98,9734
21,9731
-14,9730
34,9728
11,9725
35,9724
-14,9723
-88,9722
-88,9720
45,9719
93,9718
-9,9717
-46,9715
-89,9714
-40,9713
-72,9712
47,9711
85,9710
-70,9709
9,9707
53,9706
-88,9705
51,9704
30,9703
-17,9702
-61,9700
-2,9699
-7,9698
78,9697
43,9696
-98,9695
-9,9692
51,9691
-63,9690
-81,9689
4,9687
72,9685
-76,9684
37,9682
58,9681
-52,9680
-12,9679
61,9678
-65,9677
-12,9676
-39,9675
-38,9674
52,9673
31,9672
14,9671
-62,9670
99,9669
89,9668
17,9667
42,9664
-50,9663
100,9662
-93,9661
-13,9660
50,9659
69,9658
93,9656
97,9655
100,9654
66,9652
-38,9651
-55,9650
-97,9649
98,9648
5,9646
70,9645
-73,9644
71,9642
-26,9639
3,9638
-32,9637
42,9636
91,9634
-85,9633
70,9632
-62,9630
-98,9629
-18,9627
30,9625
59,9623
-100,9621
34,9619
100,9617
96,9616
-71,9614
13,9612
78,9610
-19,9609
46,9608
6,9607
-100,9606
38,9605
-32,9603
30,9602
35,9600
-89,9598
93,9597
39,9596
94,9595
54,9594
7,9593
-62,9592
27,9591
-14,9590
2,9589
16,9588
-12,9585
-8,9584
2,9583
-87,9581
21,9580
-23,9578
-64,9577
88,9575
-48,9574
-69,9572
42,9571
-90,9570
93,9568
-93,9567
-100,9566
13,9564
8,9563
-79,9562
-2,9561
-93,9560
4,9559
-13,9558
-5,9556
66,9554
-65,9553
7,9551
-100,9550
26,9549
-89,9547
65,9546
-44,9544
7,9543
66,9542
2,9540
-31,9539
-30,9538
54,9536
-32,9535
78,9534
-8,9533
30,9532
20,9530
-27,9529
5,9527
68,9526
-54,9525
54,9524
34,9523
-71,9518
-94,9515
61,9513
61,9512
54,9511
61,9510
32,9509
-74,9508
86,9505
-1,9504
-94,9503
52,9502
-7,9500
-52,9499
-47,9497
88,9496
74,9495
-67,9494
-85,9493
-70,9492
-13,9491
95,9490
-6,9488
-38,9487
3,9486
100,9485
-30,9483
23,9482
-90,9481
-96,9480
45,9479
-100,9478
-49,9476
-27,9475
12,9473
-14,9472
-67,9470
-31,9469
99,9468
64,9466
64,9464
73,9463
-88,9462
-52,9461
-20,9460
-39,9459
24,9458
-93,9457
-92,9455
-22,9454
-59,9453
32,9452
28,9451
-72,9450
68,9449
65,9448
4,9447
-45,9445
-11,9443
-42,9442
-99,9440
22,9439
-69,9435
56,9434
59,9433
-26,9432
16,9431
-11,9430
3,9428
64,9426
77,9425
-54,9424
59,9421
80,9420
2,9418
40,9416
71,9415
1,9414
33,9413
37,9411
6,9410
45,9409
-26,9408
-12,9405
-34,9404
-35,9403
72,9402
-72,9401
7,9400
-71,9399
-80,9397
-42,9396
-3,9394
71,9393
25,9392
18,9391
17,9389
95,9384
-91,9383
5,9382
-25,9381
-3,9380
84,9379
-35,9378
56,9376
4,9375
-31,9372
87,9371
-94,9370
35,9369
-8,9368
61,9367
75,9366
-5,9361
-79,9360
31,9357
-59,9356
27,9354
66,9353
-44,9351
57,9349
-37,9348
15,9346
-23,9344
-39,9343
0,9341
90,9336
-92,9335
87,9334
-50,9333
97,9332
-90,9328
-64,9327
11,9324
13,9323
-29,9322
65,9320
16,9319
-76,9318
9,9317
-50,9316
88,9315
21,9314
11,9310
4,9308
-99,9307
85,9306
-44,9305
31,9303
83,9302
70,9301
-93,9299
17,9298
-22,9296
-12,9295
1,9294
100,9293
79,9292
-37,9291
87,9290
20,9289
65,9286
87,9285
83,9284
-70,9283
-67,9282
-1,9281
-1,9280
69,9277
-62,9276
72,9275
16,9273
18,9272
-81,9271
-7,9270
-43,9269
70,9268
2,9267
97,9265
46,9264
57,9263
71,9262
38,9261
20,9260
82,9259
-19,9258
29,9257
52,9255
3,9254
-29,9252
19,9251
-48,9249
69,9248
-91,9247
-23,9245
-70,9242
-62,9241
95,9240
-51,9239
1,9237
47,9236
86,9233
-30,9232
53,9231
17,9229
28,9228
28,9227
52,9226
-35,9225
69,9224
-20,9223
91,9222
88,9221
54,9220
-51,9219
15,9218
48,9217
22,9216
-73,9214
73,9212
-43,9211
-72,9208
-48,9207
85,9206
85,9205
3,9204
-31,9203
-61,9202
11,9200
15,9199
78,9198
16,9196
-60,9194
-17,9193
-66,9192
78,9191
42,9189
-57,9188
-65,9187
7,9186
-41,9185
54,9184
-12,9180
-3,9177
-8,9176
51,9174
-95,9173
-42,9172
-39,9170
-40,9168
-11,9167
-11,9166
-86,9164
17,9162
24,9161
-51,9160
-63,9157
96,9156
-14,9155
84,9153
-86,9152
-18,9150
63,9149
-63,9148
74,9147
36,9145
17,9144
12,9143
-75,9142
79,9139
81,9138
13,9137
-18,9135
-29,9133
9,9132
-88,9130
26,9129
-5,9128
89,9127
13,9126
-38,9125
-77,9124
-92,9123
35,9122
37,9121
18,9119
-47,9118
49,9117
88,9116
77,9115
66,9113
28,9112
-88,9111
-80,9110
82,9109
5,9108
73,9106
92,9105
53,9102
53,9101
61,9100
-70,9099
78,9098
-57,9097
38,9096
70,9095
-59,9094
-68,9093
9,9092
-46,9091
-54,9089
56,9088
-1,9087
-43,9083
13,9082
-23,9081
-77,9079
89,9078
-68,9077
48,9075
14,9074
-44,9073
63,9071
-38,9067
64,9065
83,9063
14,9062
-1,9060
3,9059
72,9058
33,9057
58,9056
-13,9055
99,9054
-16,9053
-60,9050
-35,9049
53,9046
-32,9045
98,9044
-62,9043
-25,9041
-80,9040
49,9037
49,9036
52,9035
-41,9034
-75,9033
83,9032
-54,9031
-8,9030
3,9028
37,9027
99,9024
-71,9023
96,9022
93,9021
-13,9020
84,9018
-1,9016
-73,9015
-51,9014
88,9011
36,9010
-98,9009
-6,9008
8,9006
-34,9005
-13,9004
52,9003
28,9002
87,8999
-83,8998
-36,8997
-9,8996
2,8995
-62,8994
21,8993
67,8992
14,8990
-5,8989
91,8986
5,8985
52,8984
72,8982
61,8981
36,8980
-45,8979
59,8978
-42,8977
-43,8975
39,8974
5,8973
99,8968
-83,8967
9,8966
53,8965
98,8964
0,8963
17,8962
73,8961
98,8960
41,8959
-61,8958
-92,8957
17,8953
-62,8952
80,8951
-56,8950
29,8949
-66,8948
-37,8947
-50,8945
40,8944
-6,8943
74,8942
1,8941
-11,8940
95,8938
45,8937
-98,8936
39,8933
47,8932
10,8930
-40,8928
-93,8927
-60,8925
-91,8924
88,8923
13,8922
-47,8921
61,8919
19,8918
100,8916
-100,8915
69,8914
50,8913
-100,8912
31,8911
-93,8908
-34,8907
-27,8905
74,8904
85,8903
-100,8902
49,8900
78,8898
28,8896
-88,8895
-35,8894
10,8893
-22,8892
-66,8891
-42,8890
-37,8889
-54,8887
-47,8886
-47,8885
48,8884
-44,8883
-26,8882
29,8881
46,8880
-7,8879
29,8878
44,8877
78,8876
-86,8875
-7,8873
40,8872
26,8871
-82,8870
-57,8869
-91,8868
-35,8867
-43,8865
86,8863
52,8862
14,8861
-30,8859
68,8857
-37,8856
-67,8854
-25,8853
73,8852
-99,8851
83,8850
-65,8848
29,8846
74,8845
5,8844
10,8843
-43,8841
-64,8840
-11,8838
-100,8837
-39,8834
-58,8831
13,8830
11,8829
-15,8828
63,8826
-40,8825
-45,8824
-10,8821
50,8820
-2,8819
43,8818
55,8817
-79,8815
10,8814
90,8812
91,8811
26,8810
61,8809
-67,8808
94,8807
-64,8806
-6,8805
-45,8804
76,8803
71,8802
-63,8801
-99,8800
-40,8799
-54,8798
-47,8795
66,8793
-22,8792
90,8791
-56,8790
55,8789
36,8788
-32,8787
-85,8784
-80,8782
-42,8781
-4,8780
-68,8779
80,8777
-49,8776
51,8775
-38,8774
-73,8772
-75,8771
-14,8770
64,8769
99,8767
9,8766
41,8765
42,8764
55,8763
-99,8761
-58,8760
59,8759
-95,8758
84,8756
31,8754
32,8753
31,8752
-67,8751
51,8750
96,8748
43,8746
82,8745
-66,8744
-79,8743
12,8742
38,8741
-7,8740
-1,8738
56,8737
25,8735
82,8734
68,8733
95,8732
15,8731
99,8729
66,8727
76,8726
61,8724
-19,8723
29,8721
-48,8720
89,8719
-63,8718
-41,8717
-86,8716
-88,8715
9,8713
-100,8710
-91,8709
-2,8708
-43,8707
-23,8706
-47,8705
19,8704
-70,8700
6,8698
-46,8697
-8,8696
2,8695
46,8693
-27,8692
59,8690
-95,8688
88,8687
-48,8686
-19,8683
57,8682
33,8681
59,8680
50,8679
-86,8678
-20,8677
94,8675
66,8674
-30,8673
92,8671
44,8670
10,8668
55,8667
-64,8666
-3,8664
-47,8662
-68,8660
63,8659
-22,8658
-66,8657
1,8656
80,8655
4,8654
-16,8653
-99,8652
-43,8651
17,8650
-83,8649
-62,8648
85,8647
-74,8643
-22,8642
87,8640
94,8639
93,8638
72,8637
57,8636
-96,8635
-32,8634
-87,8633
-7,8630
7,8628
98,8627
36,8626
-19,8625
-9,8624
6,8622
47,8619
-34,8617
31,8616
-15,8615
16,8614
-98,8613
5,8611
5,8610
-55,8609
-80,8607
-75,8606
5,8604
-36,8603
-44,8602
44,8601
-82,8598
1,8597
27,8593
45,8592
-60,8591
-95,8590
97,8587
-79,8586
-52,8584
24,8583
-76,8582
0,8581
52,8580
-59,8579
71,8578
-7,8577
42,8576
60,8575
48,8574
-93,8573
100,8572
22,8570
-96,8569
-10,8568
37,8566
-40,8565
-23,8564
89,8563
60,8562
11,8560
-84,8558
68,8557
-62,8556
19,8555
-40,8554
-85,8552
-55,8551
15,8549
44,8548
-17,8547
-91,8545
48,8544
100,8543
-59,8542
36,8541
-64,8540
-14,8539
83,8538
-34,8536
85,8535
21,8534
52,8533
48,8532
-71,8531
-40,8530
-36,8529
-36,8528
-49,8527
-69,8525
85,8524
-34,8523
-75,8521
-49,8519
34,8517
98,8516
-3,8513
10,8510
3,8509
88,8508
-67,8507
47,8506
-58,8505
4,8504
-70,8503
1,8502
-82,8501
-71,8500
52,8499
-34,8498
0,8497
-38,8495
81,8494
-27,8493
-86,8492
-75,8491
81,8489
29,8487
5,8484
-35,8483
-39,8482
79,8479
81,8477
-95,8475
-78,8474
-66,8473
86,8471
74,8469
-32,8468
-22,8467
-67,8466
7,8464
-17,8463
-59,8462
38,8461
-95,8460
-89,8459
-74,8458
95,8457
-81,8456
-30,8455
22,8454
-9,8453
84,8452
-77,8449
2,8448
50,8447
73,8446
77,8445
88,8444
-51,8443
-79,8442
63,8441
-57,8439
18,8438
3,8437
10,8435
-53,8434
82,8432
-60,8431
-27,8429
-93,8427
-1,8425
-2,8423
42,8421
-39,8420
-51,8419
41,8418
-48,8416
60,8414
-2,8413
40,8412
28,8411
-49,8410
56,8409
75,8408
-20,8407
84,8406
-52,8405
-46,8404
-17,8403
-76,8402
48,8401
65,8400
28,8398
10,8397
-14,8393
-36,8391
-72,8390
40,8389
10,8388
7,8387
-63,8386
87,8385
96,8384
81,8382
87,8381
-46,8379
-9,8378
99,8377
1,8376
-74,8375
-24,8373
95,8372
-82,8371
-75,8369
48,8368
81,8367
25,8366
-85,8365
17,8362
34,8361
-10,8359
-66,8356
88,8355
64,8354
-95,8353
55,8352
33,8348
8,8347
61,8346
63,8342
-100,8341
-15,8340
-87,8339
81,8338
-9,8337
12,8336
-89,8335
87,8334
-53,8333
56,8332
-62,8330
57,8328
-51,8327
1,8325
42,8323
79,8321
53,8320
-96,8319
-61,8318
85,8317
86,8315
-38,8314
32,8313
67,8312
50,8311
-54,8310
-45,8309
-68,8307
20,8305
72,8304
-66,8303
-34,8302
-96,8301
56,8299
-62,8298
46,8297
-66,8295
-8,8294
-74,8292
80,8291
45,8290
41,8289
1,8288
10,8286
71,8285
49,8284
-31,8283
-67,8281
-55,8280
86,8279
-12,8278
92,8277
-98,8276
92,8275
-89,8274
79,8273
-95,8272
51,8271
21,8269
-41,8267
62,8266
-12,8265
-36,8264
86,8263
-52,8262
-52,8261
6,8260
28,8259
37,8258
31,8257
32,8255
-1,8254
46,8253
-22,8250
85,8248
23,8247
-75,8245
-55,8244
92,8240
53,8239
-70,8238
-20,8236
-20,8235
33,8234
29,8233
-57,8232
-24,8231
38,8229
-1,8228
-100,8226
14,8225
-22,8223
-37,8222
38,8221
1,8220
-60,8219
22,8217
-25,8216
63,8212
-100,8211
60,8208
54,8207
-65,8206
27,8205
36,8204
-3,8203
-96,8201
-71,8200
-15,8199
-83,8198
7,8197
-13,8196
95,8195
-15,8194
-99,8192
-83,8191
-34,8190
-31,8189
82,8188
-70,8187
86,8186
80,8185
-49,8183
46,8182
-80,8181
75,8180
12,8179
59,8176
-21,8173
91,8171
-79,8165
13,8164
-94,8163
66,8162
58,8161
30,8159
89,8157
88,8156
-65,8155
61,8154
78,8153
-52,8152
42,8151
-57,8150
-68,8149
-38,8146
72,8145
-45,8142
55,8141
-84,8139
-48,8137
-100,8136
-92,8135
0,8134
-59,8133
-62,8131
-63,8130
-97,8129
-81,8128
-81,8127
-55,8125
13,8124
7,8123
88,8121
93,8119
-86,8118
-40,8116
-95,8115
42,8114
-59,8111
42,8110
-30,8109
-55,8108
-75,8107
-7,8106
-44,8105
91,8104
43,8103
39,8102
-22,8100
-90,8099
60,8098
60,8097
39,8096
47,8091
78,8090
38,8089
56,8088
83,8087
-46,8086
-51,8085
66,8084
49,8083
-40,8082
-2,8079
-49,8078
52,8077
-28,8076
-33,8074
-32,8073
78,8072
73,8070
42,8069
2,8068
-13,8067
28,8066
69,8065
69,8064
98,8063
-29,8062
-96,8061
-91,8060
-93,8059
-74,8056
27,8054
82,8053
-62,8052
-85,8050
45,8049
52,8048
65,8047
-32,8046
40,8045
-38,8044
93,8042
-40,8041
57,8038
-86,8037
-29,8036
48,8035
2,8034
-89,8033
-59,8032
-74,8031
-87,8030
-42,8028
36,8027
-93,8026
-32,8024
14,8023
-71,8022
26,8020
56,8018
-72,8016
-1,8015
96,8013
-54,8012
20,8011
-36,8010
48,8009
-4,8008
60,8007
-96,8006
-26,8005
-92,8004
40,8003
-55,8002
-52,8001
48,8000
82,7999
-23,7998
44,7997
96,7995
60,7993
-95,7989
-31,7987
14,7985
47,7984
67,7983
-79,7981
-72,7980
17,7979
3,7978
-23,7976
14,7975
19,7974
-43,7973
-41,7970
-51,7969
-32,7968
53,7967
-26,7966
11,7965
-21,7964
-9,7963
-17,7962
83,7961
-86,7960
-14,7958
-2,7957
94,7956
-63,7955
-42,7954
26,7953
-45,7951
96,7950
-94,7948
16,7946
3,7945
96,7944
1,7943
-76,7942
60,7941
-39,7940
98,7939
-39,7938
-56,7937
38,7936
71,7935
-60,7934
-40,7933
-47,7932
-2,7931
-47,7930
-13,7928
-45,7927
83,7926
23,7925
83,7924
94,7923
-24,7922
70,7921
67,7920
18,7919
95,7918
95,7915
-43,7913
0,7911
44,7910
-56,7909
-95,7908
99,7905
-19,7901
-94,7900
83,7899
-21,7897
22,7896
-34,7894
-9,7893
13,7892
38,7891
0,7890
36,7889
46,7888
21,7887
-24,7886
86,7885
98,7884
13,7883
-53,7881
-36,7880
94,7879
12,7878
-26,7876
-6,7875
-63,7872
-70,7871
91,7869
-68,7867
-23,7866
-17,7865
-5,7862
88,7861
-47,7860
-24,7858
81,7857
-62,7856
34,7855
30,7854
-4,7853
-17,7852
-79,7851
7,7848
-77,7846
43,7844
-27,7842
-77,7841
40,7840
5,7839
76,7838
58,7837
10,7834
70,7833
4,7832
12,7831
-99,7830
-78,7829
74,7827
-60,7826
-63,7825
74,7824
-15,7823
5,7822
44,7821
-60,7818
6,7816
-38,7814
92,7813
49,7812
-23,7810
0,7809
71,7807
-10,7804
5,7803
-9,7802
-47,7801
53,7799
-99,7798
7,7797
-89,7795
-51,7794
79,7793
57,7791
-32,7790
51,7789
60,7788
65,7787
-97,7786
48,7785
3,7784
-58,7783
-8,7782
77,7781
64,7780
-53,7779
-75,7778
69,7777
28,7776
18,7775
32,7772
-74,7771
16,7769
49,7768
15,7767
68,7764
-57,7763
-82,7762
21,7761
84,7760
-48,7759
73,7758
-53,7757
-67,7756
85,7755
-56,7754
7,7753
47,7751
77,7748
31,7747
-50,7746
-87,7745
-92,7744
-55,7741
-90,7740
-14,7738
65,7737
14,7736
19,7734
-41,7733
54,7732
36,7730
-17,7729
57,7728
-80,7727
-27,7726
-94,7725
75,7724
72,7721
-16,7719
12,7718
-99,7717
60,7715
88,7712
68,7711
13,7710
-85,7708
12,7705
37,7704
68,7703
85,7702
74,7701
68,7700
-46,7699
-49,7698
-21,7697
46,7696
97,7695
-36,7694
15,7693
-22,7692
16,7691
35,7690
18,7689
18,7688
-40,7687
95,7686
-39,7684
-50,7681
93,7680
-51,7679
44,7677
-24,7675
3,7672
61,7671
-59,7669
-48,7668
41,7665
10,7664
-80,7662
-42,7661
16,7660
20,7659
-36,7657
-17,7656
-16,7655
53,7654
28,7653
38,7652
87,7651
25,7650
76,7649
-52,7648
86,7647
70,7646
0,7645
-95,7644
-59,7643
-92,7640
-17,7639
49,7638
-97,7635
46,7634
64,7633
49,7631
-65,7630
-86,7628
-51,7627
2,7625
55,7624
-21,7623
70,7622
56,7621
30,7620
-5,7619
-54,7618
-15,7617
82,7616
1,7614
70,7613
45,7610
64,7608
75,7606
59,7605
-82,7604
-75,7603
-65,7600
-41,7599
-100,7598
61,7597
56,7596
-61,7594
-61,7593
-95,7592
-9,7591
-78,7590
-9,7589
85,7588
92,7587
10,7586
2,7585
15,7583
8,7582
93,7580
-42,7579
95,7578
-21,7577
97,7576
-28,7575
-32,7574
3,7573
-10,7572
-34,7571
6,7570
-71,7569
-36,7567
-42,7566
-75,7565
68,7564
56,7562
69,7561
63,7559
16,7558
-23,7557
30,7556
2,7555
76,7554
-13,7553
-82,7551
-1,7550
40,7549
-97,7547
70,7546
-31,7545
-57,7543
-15,7542
96,7541
79,7540
73,7539
-86,7538
47,7536
64,7535
-61,7534
40,7533
13,7532
-83,7531
46,7530
30,7529
-6,7528
-94,7525
22,7523
73,7520
40,7519
54,7518
-60,7516
-32,7515
-92,7514
73,7513
-14,7511
35,7508
-72,7507
52,7506
38,7504
-34,7503
-90,7502
62,7501
-97,7500
48,7499
91,7498
17,7496
-9,7494
-52,7493
4,7491
15,7489
45,7488
79,7487
20,7486
-41,7484
70,7481
65,7480
98,7479
9,7478
-14,7476
96,7475
-92,7474
61,7473
68,7472
18,7471
-11,7469
94,7468
66,7467
77,7466
45,7465
89,7464
29,7463
-36,7461
68,7460
42,7459
-50,7455
80,7452
54,7451
-71,7449
53,7448
-81,7447
95,7446
-20,7445
8,7443
-46,7442
93,7441
66,7440
31,7439
49,7437
-23,7435
-63,7434
7,7432
33,7431
-72,7430
-66,7429
17,7428
93,7427
-63,7426
40,7425
-77,7424
33,7423
0,7422
68,7421
42,7419
-81,7418
-39,7417
-44,7416
-7,7415
-58,7414
-44,7413
-27,7412
-70,7411
38,7410
70,7409
-51,7407
-73,7406
-87,7405
-28,7404
-47,7403
-41,7402
59,7401
9,7400
57,7398
-52,7397
16,7396
31,7395
-97,7394
7,7393
-53,7391
-86,7389
43,7386
-68,7384
-25,7383
-57,7382
-99,7381
12,7380
-53,7378
76,7377
92,7376
46,7375
53,7374
40,7373
-34,7372
77,7371
-24,7370
-2,7369
-80,7368
32,7367
-42,7366
43,7364
-26,7363
-97,7362
-41,7361
56,7360
-93,7358
-47,7356
-85,7354
74,7353
-54,7352
-3,7351
-11,7350
48,7349
61,7348
68,7347
-27,7346
-53,7344
62,7342
55,7341
24,7340
-36,7339
72,7337
67,7336
0,7334
22,7333
73,7332
-95,7331
20,7330
56,7329
-10,7328
13,7327
76,7326
98,7324
59,7323
-86,7321
83,7319
-5,7318
-10,7316
88,7315
-76,7314
27,7313
-63,7312
100,7311
13,7310
3,7309
-80,7307
41,7305
-6,7304
35,7303
56,7302
-47,7300
-41,7299
79,7298
79,7297
83,7296
18,7295
78,7293
4,7291
-14,7290
23,7288
-90,7287
-3,7285
-16,7284
58,7283
30,7282
-51,7281
68,7280
-46,7278
-88,7277
21,7276
81,7275
24,7274
10,7272
-70,7271
87,7270
-72,7269
-24,7268
-63,7267
-29,7265
-14,7264
-47,7263
84,7261
-14,7260
0,7258
-98,7257
30,7255
93,7254
-5,7250
-21,7248
2,7247
-77,7246
-63,7245
-36,7244
23,7243
-1,7242
-14,7240
41,7239
-14,7238
-52,7237
89,7236
-17,7235
-85,7234
-99,7232
-92,7231
84,7229
61,7228
84,7227
23,7225
-88,7224
-97,7223
36,7222
26,7221
-88,7220
14,7219
-42,7218
-99,7217
56,7215
-91,7214
79,7213
80,7212
40,7209
-63,7208
0,7207
-19,7205
-47,7204
-60,7202
25,7201
-40,7200
-47,7199
-52,7198
50,7196
9,7194
94,7193
-3,7192
77,7191
-44,7189
-26,7187
40,7186
-79,7185
-26,7180
-21,7179
71,7178
79,7176
72,7175
35,7174
-59,7173
-3,7172
60,7171
-65,7170
61,7169
-62,7168
-31,7167
-26,7165
43,7164
32,7162
17,7161
79,7160
55,7158
-16,7157
85,7155
31,7153
-18,7150
-19,7149
55,7147
-68,7146
11,7145
89,7144
-50,7143
94,7141
23,7140
70,7139
42,7138
-71,7137
-94,7135
-80,7134
-20,7133
23,7131
27,7130
87,7129
-19,7128
-5,7127
32,7126
-59,7125
59,7122
-5,7121
9,7120
55,7119
-11,7118
-92,7117
-17,7116
-100,7115
78,7113
-18,7111
-33,7109
29,7107
60,7104
-42,7103
-31,7102
63,7101
-97,7100
12,7099
-55,7098
-11,7097
24,7095
-90,7094
-7,7093
60,7092
-5,7091
-74,7089
-6,7088
80,7087
-4,7086
19,7085
53,7084
-95,7083
-32,7082
-81,7081
7,7080
-64,7079
23,7078
-47,7076
-22,7072
46,7071
-48,7069
-13,7068
-94,7067
6,7066
-71,7065
-40,7064
-65,7063
16,7061
21,7060
82,7059
-70,7058
63,7056
51,7054
84,7052
53,7051
34,7050
-32,7049
-42,7048
-48,7044
78,7043
-42,7042
-35,7041
-86,7040
8,7036
-97,7033
14,7032
83,7030
99,7029
-76,7028
-84,7027
-64,7025
-58,7024
96,7023
55,7022
56,7021
-30,7020
40,7019
-38,7018
-90,7017
89,7016
36,7015
-59,7014
49,7013
78,7012
-79,7011
-36,7010
-83,7009
67,7008
-63,7007
-49,7006
-67,7005
-78,7004
49,7003
-61,7002
10,7000
-63,6999
95,6996
88,6994
-56,6993
-84,6989
-42,6986
1,6985
-28,6984
4,6983
-62,6982
-62,6981
10,6980
32,6979
-53,6976
-87,6974
-7,6973
-23,6972
50,6971
4,6970
-90,6969
63,6968
77,6967
1,6966
83,6964
91,6963
-60,6962
-50,6960
82,6959
-55,6958
-64,6955
-30,6954
-8,6953
4,6952
50,6950
72,6949
-46,6948
-57,6947
1,6946
-72,6945
-92,6944
-93,6943
27,6942
58,6941
87,6940
40,6939
44,6938
-22,6937
-61,6936
93,6932
90,6930
-44,6929
16,6928
-76,6927
88,6926
98,6923
18,6922
-82,6921
13,6920
71,6915
57,6914
-90,6913
10,6911
-75,6910
-80,6908
-90,6907
-10,6906
91,6905
38,6904
46,6903
-70,6902
69,6901
71,6899
49,6897
-12,6896
-17,6895
40,6892
-21,6890
-39,6889
-95,6888
-69,6887
99,6886
-31,6885
-88,6883
-45,6882
24,6881
-49,6880
-93,6879
50,6877
99,6876
-8,6875
81,6874
85,6873
-80,6872
-94,6871
46,6870
83,6869
-77,6868
53,6867
81,6863
-22,6862
53,6860
-11,6859
44,6857
14,6856
78,6854
-8,6853
14,6852
-62,6851
-29,6850
-18,6847
-73,6846
-34,6844
-27,6834
79,6833
100,6831
84,6829
1,6828
-56,6827
-48,6825
-9,6823
62,6822
-88,6821
4,6820
66,6819
20,6817
-94,6814
77,6813
-35,6812
67,6811
41,6810
-19,6808
50,6807
76,6806
-34,6805
61,6804
-94,6803
-73,6802
-42,6801
-5,6800
-26,6798
-33,6797
91,6796
33,6795
7,6793
-56,6792
76,6791
61,6790
-64,6789
42,6788
-64,6786
-73,6785
31,6784
-78,6783
56,6782
87,6781
95,6780
-88,6779
-17,6778
23,6777
-70,6776
1,6775
86,6774
-69,6773
-57,6772
62,6770
87,6769
3,6768
65,6767
-58,6766
42,6765
-93,6764
46,6763
-32,6760
87,6759
-52,6758
27,6757
68,6754
70,6753
24,6751
18,6750
42,6749
-77,6748
66,6747
1,6745
-69,6744
85,6743
58,6742
-63,6740
-64,6739
70,6738
-87,6737
-11,6736
-51,6734
-59,6733
92,6732
-1,6731
66,6730
9,6729
-93,6727
77,6726
-55,6724
77,6723
100,6720
17,6719
-81,6718
-44,6716
-90,6713
2,6710
-97,6709
99,6707
-31,6706
-5,6705
13,6704
95,6703
32,6702
-100,6700
-13,6699
-88,6697
13,6696
-84,6695
-42,6694
-43,6693
29,6691
-86,6690
-8,6689
100,6688
-1,6687
88,6686
-61,6685
4,6684
-20,6682
-19,6681
61,6680
-57,6679
22,6678
-27,6677
16,6675
57,6672
72,6670
-7,6668
-53,6667
9,6665
56,6663
47,6662
-7,6661
-87,6660
0,6659
22,6657
-40,6655
-41,6654
-39,6653
79,6652
-14,6651
69,6650
-43,6648
-31,6647
-6,6646
41,6645
20,6644
-16,6643
91,6641
-99,6638
-1,6635
76,6634
37,6633
-83,6632
-28,6631
-11,6629
-5,6626
81,6625
28,6624
13,6623
79,6622
30,6620
-94,6619
-79,6617
-54,6616
74,6615
58,6614
90,6613
-87,6612
-74,6611
-98,6610
21,6609
-12,6608
95,6607
-62,6605
-37,6604
67,6603
6,6601
-15,6600
81,6599
35,6597
-12,6596
-9,6594
35,6593
92,6592
87,6591
-46,6590
37,6589
47,6588
-66,6587
26,6586
-71,6585
99,6584
61,6583
-12,6581
-10,6579
3,6578
-21,6575
54,6574
-7,6573
-44,6570
87,6568
-11,6566
-81,6564
28,6563
7,6561
-100,6559
32,6557
-43,6556
-77,6555
-68,6553
-70,6552
9,6551
49,6550
86,6548
-30,6547
-47,6544
80,6542
49,6540
-77,6538
-35,6537
-3,6536
-52,6535
-20,6534
-40,6533
96,6532
60,6531
-55,6530
-40,6529
-7,6528
-40,6527
-33,6526
30,6525
98,6523
5,6522
71,6519
-5,6516
100,6515
95,6514
9,6513
49,6511
-25,6509
93,6508
78,6507
-70,6505
87,6504
67,6503
-27,6502
-56,6500
-29,6499
-66,6497
-80,6495
-45,6494
-61,6493
97,6492
-2,6491
27,6488
89,6486
-16,6485
-80,6484
47,6483
28,6482
27,6480
-46,6479
-66,6478
27,6477
-9,6476
-14,6475
-79,6474
34,6472
63,6471
-7,6469
1,6467
37,6466
33,6464
-96,6463
-57,6461
-44,6459
18,6458
-79,6457
25,6456
19,6455
94,6453
-39,6452
-78,6450
-36,6449
8,6448
-32,6447
60,6445
87,6444
-100,6442
87,6441
54,6440
-29,6439
-60,6436
44,6434
83,6433
-65,6431
-64,6430
78,6428
-51,6427
-96,6426
49,6424
-36,6423
48,6422
-92,6421
-54,6420
55,6419
100,6418
26,6417
27,6415
17,6414
14,6413
53,6411
0,6408
4,6407
-28,6406
-57,6405
58,6404
80,6403
52,6402
30,6401
67,6398
-84,6397
-22,6396
50,6395
24,6394
93,6393
72,6392
49,6391
-81,6390
86,6389
95,6388
-54,6383
22,6378
-44,6377
-76,6376
-23,6375
-97,6374
-72,6373
80,6370
-87,6369
49,6368
60,6367
60,6366
-95,6364
36,6363
-89,6361
-93,6360
65,6358
-60,6357
32,6356
-46,6355
-90,6354
72,6352
59,6351
24,6350
71,6349
-33,6348
73,6346
-67,6345
20,6344
-64,6343
-2,6342
31,6341
100,6339
94,6338
-21,6337
84,6336
70,6335
42,6334
40,6332
47,6331
42,6330
-54,6329
1,6328
-62,6326
-43,6325
-7,6324
20,6322
-81,6320
-97,6318
72,6315
-33,6314
7,6313
98,6312
73,6310
-7,6309
-10,6308
-94,6307
-46,6304
51,6303
-42,6302
73,6301
-26,6299
-86,6298
-8,6297
-42,6296
30,6295
89,6294
26,6293
20,6290
-39,6288
-74,6287
-97,6286
-92,6284
100,6283
13,6282
82,6281
20,6280
-100,6278
-1,6277
-1,6276
61,6272
57,6271
52,6270
8,6269
-28,6268
-77,6267
-43,6266
-51,6264
81,6263
49,6262
88,6261
-38,6260
-12,6259
20,6257
84,6254
55,6253
1,6251
-11,6250
-9,6249
28,6248
71,6247
-73,6246
33,6245
91,6243
-59,6242
-78,6241
15,6240
-81,6239
45,6238
57,6237
-29,6235
-94,6233
70,6231
-27,6228
60,6227
90,6224
-42,6222
-30,6221
-99,6220
22,6219
74,6218
-3,6217
-41,6216
76,6215
67,6214
-37,6213
-11,6212
85,6211
-17,6210
-74,6206
-8,6205
97,6204
-31,6203
-28,6201
-87,6199
-46,6198
-97,6197
64,6195
-19,6194
-2,6192
-79,6190
15,6189
-65,6188
41,6187
34,6186
-61,6185
21,6183
-52,6182
-89,6181
-76,6180
-18,6178
64,6177
24,6176
79,6175
65,6174
56,6172
-96,6171
65,6169
-55,6167
17,6166
96,6164
13,6162
29,6161
-54,6160
-28,6159
26,6155
54,6154
64,6153
-26,6151
-98,6150
87,6148
55,6147
17,6146
-39,6145
77,6144
-19,6143
34,6141
-34,6140
-62,6138
99,6137
-47,6136
2,6135
-95,6133
-2,6131
55,6130
38,6129
13,6128
-94,6127
-14,6126
-3,6125
92,6122
-15,6121
91,6119
-38,6118
-27,6117
44,6115
73,6113
62,6112
70,6111
-3,6110
-75,6108
-67,6107
-16,6106
-20,6105
97,6103
-49,6102
-54,6101
28,6100
49,6099
-86,6098
95,6096
59,6095
-25,6092
-88,6090
43,6089
8,6087
-94,6086
-70,6085
-24,6083
-8,6082
-35,6081
-53,6080
-98,6079
-92,6078
-5,6077
-81,6076
-84,6075
-94,6074
-66,6073
76,6070
98,6068
64,6067
-12,6066
42,6065
-90,6064
5,6061
-94,6060
-95,6059
-89,6058
-64,6054
-65,6053
-34,6049
-4,6046
70,6043
63,6042
-94,6041
52,6039
-46,6038
-8,6037
-13,6035
84,6034
-67,6033
-1,6031
-5,6030
97,6029
-60,6028
-22,6027
-7,6026
-83,6025
53,6024
78,6023
-84,6022
56,6021
41,6020
36,6019
26,6018
-89,6017
91,6016
-19,6015
-72,6014
29,6013
55,6012
94,6011
46,6010
-37,6008
88,6007
-6,6005
-75,6003
-86,6002
73,6001
-8,6000
4,5998
21,5997
-95,5996
16,5995
67,5990
88,5989
67,5988
-25,5986
-54,5985
-49,5984
-88,5983
77,5982
-53,5981
43,5980
-50,5979
-96,5978
60,5976
63,5974
20,5972
55,5971
-76,5970
-26,5966
19,5964
65,5963
-10,5962
-96,5961
-86,5960
-5,5959
83,5958
66,5957
7,5955
12,5954
-63,5953
-58,5952
84,5951
75,5949
-44,5948
-67,5944
98,5943
60,5942
6,5941
-12,5938
60,5936
48,5935
85,5934
31,5932
22,5930
-25,5929
51,5927
-61,5924
-64,5923
-71,5922
-71,5920
100,5918
37,5916
-76,5915
93,5914
-99,5912
80,5911
24,5910
-61,5908
75,5907
53,5906
61,5905
44,5902
42,5901
-14,5900
62,5899
42,5898
25,5897
-78,5896
-45,5895
33,5894
39,5893
-28,5892
7,5891
78,5890
57,5889
94,5888
-70,5885
27,5884
-86,5883
3,5882
52,5880
26,5879
-91,5878
9,5875
-64,5872
-4,5870
88,5869
-19,5867
25,5866
-81,5865
72,5861
1,5860
99,5857
2,5855
-52,5854
93,5852
65,5849
-25,5848
-66,5847
21,5844
83,5843
6,5841
28,5840
-23,5839
-44,5837
50,5835
-74,5834
-5,5833
-3,5830
45,5829
-12,5828
7,5827
-100,5826
-52,5825
85,5824
6,5823
-60,5822
-1,5821
-42,5820
-61,5819
7,5817
69,5816
-8,5814
-8,5813
-92,5812
75,5811
-35,5810
12,5809
99,5807
97,5806
-67,5805
-8,5804
-71,5803
-7,5802
0,5800
31,5799
-16,5798
-91,5796
-74,5794
35,5792
8,5791
53,5790
61,5789
-94,5788
43,5787
99,5786
-82,5784
24,5780
47,5777
19,5776
81,5775
-34,5774
-91,5773
-36,5772
-71,5771
84,5770
-37,5769
8,5768
-84,5767
-49,5765
0,5761
3,5760
-39,5759
-29,5757
9,5756
-58,5755
-22,5754
-96,5753
-48,5752
23,5750
-50,5748
92,5747
36,5746
97,5745
-20,5744
-98,5743
15,5741
16,5740
-20,5739
92,5738
55,5737
-40,5736
15,5735
63,5734
13,5733
-51,5731
-22,5730
11,5728
11,5727
14,5725
-46,5724
2,5723
-88,5722
-26,5721
15,5720
9,5719
-65,5716
-67,5715
9,5714
3,5712
99,5711
-68,5709
-79,5708
-12,5704
50,5703
69,5702
3,5701
74,5700
25,5699
-72,5698
84,5697
-63,5696
36,5695
-75,5693
-76,5692
86,5691
-31,5689
-10,5688
-94,5686
-12,5684
-56,5681
8,5680
-90,5679
-57,5678
51,5677
-87,5674
-12,5673
73,5670
-23,5669
-84,5668
12,5666
19,5663
-15,5662
7,5661
62,5660
20,5658
63,5656
22,5655
-42,5654
36,5653
68,5652
-98,5651
53,5650
-31,5649
22,5648
29,5646
23,5645
78,5644
-16,5642
-20,5641
-95,5640
95,5639
39,5638
1,5637
-67,5636
-80,5635
-85,5634
10,5633
44,5632
-18,5628
46,5627
-56,5626
-54,5625
43,5623
27,5622
84,5621
-33,5620
15,5619
77,5618
87,5617
7,5616
42,5615
65,5614
-46,5613
-86,5612
-73,5611
-46,5609
48,5608
-33,5607
-87,5605
54,5603
-86,5602
66,5601
-48,5600
75,5599
47,5598
99,5596
72,5595
-92,5592
41,5591
-28,5590
-87,5587
62,5585
81,5584
-88,5583
-96,5581
15,5580
-45,5579
69,5578
11,5577
92,5576
56,5574
83,5571
83,5570
100,5568
-47,5567
82,5566
-43,5565
41,5564
30,5563
34,5562
-97,5561
-33,5559
94,5558
-78,5557
32,5556
23,5554
12,5552
99,5551
82,5549
91,5547
-60,5546
80,5545
65,5543
-45,5542
80,5541
1,5540
-45,5539
-17,5538
-41,5537
80,5536
-3,5534
84,5533
-96,5532
41,5531
-94,5530
7,5529
10,5528
-88,5527
65,5526
-70,5525
57,5524
100,5523
-9,5522
77,5521
-24,5520
-98,5519
34,5518
-77,5517
-41,5516
44,5515
-47,5514
-15,5513
-83,5512
63,5511
91,5508
-59,5507
-97,5506
12,5505
61,5504
84,5503
20,5502
-21,5501
-63,5500
-82,5498
34,5497
-49,5496
-37,5495
51,5494
45,5493
-78,5492
-16,5491
-72,5490
43,5489
-4,5488
-13,5487
-33,5486
-30,5485
-6,5483
21,5482
50,5480
-55,5479
-95,5478
29,5475
86,5474
-58,5473
-99,5471
35,5470
6,5469
-58,5468
-9,5466
29,5465
31,5461
100,5459
-70,5457
63,5454
30,5453
-59,5452
-78,5451
-94,5450
64,5448
67,5447
-94,5446
-18,5445
23,5444
34,5443
-87,5442
-67,5441
30,5439
-5,5438
0,5437
23,5434
91,5433
24,5432
-64,5431
74,5430
19,5429
85,5428
75,5427
8,5426
-72,5425
-53,5423
82,5422
8,5421
-53,5420
-66,5416
50,5415
70,5414
72,5413
49,5412
-3,5410
31,5408
-97,5407
-67,5406
-24,5405
60,5404
1,5403
80,5402
64,5401
-100,5400
-96,5399
-94,5398
-20,5397
-29,5395
-85,5394
-92,5393
-80,5392
80,5391
-52,5390
-93,5388
-27,5387
-51,5386
96,5384
26,5383
-52,5382
-98,5381
-64,5379
41,5378
-90,5377
89,5376
-48,5373
96,5372
-27,5371
81,5369
26,5367
16,5366
-76,5365
-14,5364
-30,5363
9,5362
-83,5360
38,5359
46,5358
3,5357
32,5354
29,5352
71,5351
-58,5350
27,5349
-56,5348
21,5347
-76,5346
54,5345
-50,5343
34,5342
-67,5341
-30,5340
-40,5338
-79,5336
-55,5335
-46,5334
39,5332
-73,5331
54,5330
64,5327
-32,5325
65,5324
19,5323
76,5322
-49,5321
-56,5319
63,5318
-89,5316
26,5315
80,5314
-3,5312
51,5311
5,5308
-44,5307
-82,5305
9,5304
55,5303
26,5302
-14,5301
86,5300
-12,5299
-17,5298
-76,5297
62,5296
42,5295
69,5294
-83,5293
92,5292
-79,5291
-60,5288
36,5287
-20,5285
-26,5284
44,5283
91,5282
80,5281
54,5280
-93,5278
2,5277
20,5276
-3,5273
-8,5272
1,5271
100,5269
-1,5267
-73,5266
-85,5265
35,5264
75,5263
-2,5262
84,5261
-59,5258
-23,5257
11,5256
82,5255
-87,5253
68,5252
46,5251
70,5250
-64,5249
58,5248
40,5247
92,5246
-52,5245
9,5244
-48,5243
18,5240
53,5237
10,5236
-37,5235
-6,5234
90,5232
80,5231
50,5230
-16,5229
-70,5228
-17,5226
52,5225
-99,5224
-32,5223
-4,5222
82,5221
35,5217
80,5216
3,5215
-76,5212
-85,5211
48,5210
37,5208
48,5207
-33,5205
-14,5204
63,5203
-60,5202
60,5200
-23,5199
63,5193
44,5192
-33,5190
44,5189
-74,5188
-15,5187
-30,5186
-24,5185
82,5184
99,5182
-6,5180
-87,5178
52,5177
16,5175
63,5174
36,5173
50,5172
-37,5171
18,5170
17,5169
61,5168
3,5166
-67,5165
60,5164
55,5163
56,5162
-87,5161
-40,5159
16,5158
32,5157
16,5156
14,5155
-72,5154
8,5153
-4,5152
33,5151
-56,5150
-43,5149
85,5148
-83,5146
-13,5145
51,5144
1,5143
86,5142
-30,5141
47,5140
-96,5139
57,5138
-47,5136
-85,5135
83,5134
-39,5131
-95,5130
87,5126
-51,5125
-39,5124
96,5123
52,5122
-59,5121
-91,5119
-70,5118
20,5117
63,5116
54,5115
-79,5114
-27,5113
-90,5112
83,5111
67,5110
37,5109
-100,5108
-89,5107
43,5106
-42,5105
96,5104
86,5103
94,5102
15,5100
49,5099
-44,5098
-58,5095
12,5094
-37,5093
-21,5092
-85,5091
48,5089
56,5087
-36,5086
52,5085
89,5084
10,5081
-70,5080
-30,5078
33,5076
53,5075
10,5074
67,5073
87,5072
85,5071
45,5070
76,5069
-24,5068
30,5067
-82,5065
69,5062
-41,5061
62,5060
92,5059
75,5058
-68,5057
58,5056
3,5055
-44,5053
-95,5052
-34,5051
-40,5050
22,5048
-59,5047
-47,5046
-9,5045
36,5044
-94,5043
61,5041
-69,5040
-78,5039
-1,5037
76,5036
0,5035
-22,5033
-40,5032
80,5031
-51,5030
84,5028
-67,5026
52,5024
-57,5023
-83,5019
80,5018
-57,5016
-57,5014
-81,5010
-85,5008
-71,5007
46,5006
-60,5005
-93,5003
-53,5002
-81,5001
43,4999
25,4998
3,4996
55,4995
-79,4994
-80,4993
-27,4992
-83,4990
74,4989
-12,4988
70,4987
-32,4984
85,4983
-27,4980
100,4978
68,4977
64,4976
25,4975
-43,4973
69,4972
72,4971
72,4966
-85,4964
-15,4963
-90,4962
-96,4960
-51,4959
-97,4958
-83,4956
44,4955
16,4954
-76,4951
-36,4950
82,4949
-93,4948
-51,4947
2,4946
-1,4944
-37,4943
-72,4942
7,4939
52,4938
39,4937
60,4935
98,4934
-29,4933
-19,4931
92,4930
-40,4928
43,4927
41,4926
-53,4925
21,4924
-23,4923
-3,4922
-37,4921
39,4920
-11,4919
-18,4918
-88,4917
-75,4916
47,4915
15,4913
29,4912
1,4911
-51,4910
-61,4909
-79,4908
23,4907
-34,4906
-6,4905
-75,4904
36,4903
32,4902
-21,4901
-91,4900
39,4899
85,4898
-24,4897
49,4896
55,4895
-21,4894
94,4893
-94,4892
-58,4891
25,4889
45,4888
76,4887
-94,4886
-73,4885
5,4884
30,4883
-72,4882
98,4881
-38,4879
-9,4878
100,4874
-81,4873
33,4871
76,4870
-29,4869
-100,4868
31,4867
-34,4865
-87,4863
-68,4862
51,4861
-49,4860
30,4859
-25,4858
-38,4857
52,4856
5,4855
1,4854
-56,4853
-34,4852
27,4851
-50,4849
97,4847
-42,4846
-66,4845
-58,4843
30,4842
-9,4840
83,4839
36,4838
-83,4837
-78,4836
99,4835
3,4833
68,4829
22,4828
37,4827
56,4826
74,4825
98,4824
9,4822
-9,4821
46,4820
-14,4819
-94,4818
-14,4816
-48,4815
-91,4814
-87,4813
-49,4812
65,4811
14,4810
64,4808
30,4807
11,4806
85,4804
-15,4802
93,4799
-36,4798
-39,4797
35,4795
77,4794
-54,4793
18,4789
-76,4788
0,4787
12,4786
68,4784
58,4783
-93,4782
99,4781
-80,4780
28,4779
-84,4778
-40,4777
33,4776
88,4775
-42,4774
32,4773
-10,4772
-18,4771
39,4770
42,4769
-79,4766
42,4764
-29,4763
62,4762
-42,4761
46,4760
51,4756
9,4755
89,4754
83,4751
72,4750
33,4749
-63,4747
62,4746
80,4745
24,4744
-9,4743
-2,4742
86,4741
-28,4740
99,4739
49,4738
-73,4737
-25,4735
72,4734
93,4733
-67,4732
-62,4731
93,4730
0,4729
71,4728
16,4727
47,4726
-74,4725
-18,4724
-50,4722
15,4721
-27,4720
-37,4719
-64,4717
-41,4716
100,4715
81,4714
48,4712
-63,4711
-67,4710
-7,4707
10,4706
85,4704
-21,4703
72,4702
-72,4701
-5,4700
53,4699
-43,4698
50,4697
28,4696
30,4695
78,4694
33,4693
66,4692
-46,4691
-79,4690
59,4689
-91,4687
71,4685
65,4684
57,4683
-12,4682
-27,4679
-80,4678
3,4677
8,4676
-76,4673
89,4672
82,4671
-94,4670
-32,4667
7,4666
14,4664
-32,4663
17,4662
-77,4661
95,4660
83,4658
17,4657
86,4656
-53,4655
-2,4654
2,4653
13,4650
-97,4648
-81,4647
1,4646
32,4645
26,4644
59,4643
98,4642
-49,4641
-41,4639
0,4637
-12,4636
-37,4635
-49,4634
-74,4633
35,4631
12,4630
83,4629
-28,4628
23,4627
90,4626
-85,4625
-53,4622
-25,4621
61,4617
-74,4616
58,4615
34,4614
95,4613
-25,4612
-4,4611
-76,4610
40,4609
-72,4608
75,4606
-92,4605
65,4604
36,4603
90,4602
-24,4601
5,4600
88,4599
0,4598
-29,4596
27,4595
92,4594
25,4593
-27,4592
24,4590
67,4588
28,4587
-98,4586
56,4584
8,4580
51,4578
-48,4575
77,4573
-37,4572
18,4571
34,4570
25,4569
-73,4568
4,4567
-65,4566
-67,4565
-69,4564
29,4563
-68,4561
-97,4560
-22,4559
54,4557
56,4556
46,4554
-8,4553
12,4552
-75,4551
-51,4550
-22,4549
-70,4546
31,4545
-36,4542
49,4539
-69,4538
-23,4537
-98,4536
-46,4535
-47,4534
42,4533
-33,4530
-79,4529
-19,4527
-19,4525
-69,4524
90,4523
-21,4521
-67,4519
11,4516
-25,4515
-52,4514
-84,4513
-24,4512
-76,4511
84,4510
-74,4509
-75,4508
69,4507
94,4506
-85,4505
25,4504
-72,4502
-46,4501
24,4498
59,4495
80,4494
-97,4491
-23,4490
1,4488
55,4485
57,4484
87,4482
-77,4480
-12,4479
99,4478
41,4477
-90,4476
-45,4475
78,4474
-7,4471
-87,4470
28,4468
-76,4466
35,4465
-53,4464
-93,4463
10,4462
-12,4461
-62,4460
-92,4459
-100,4458
-50,4457
-97,4456
82,4454
73,4453
10,4450
25,4449
-68,4446
39,4444
26,4443
-95,4441
2,4440
-47,4439
-63,4438
77,4437
-35,4436
60,4435
-77,4434
-79,4433
-94,4432
-43,4431
40,4430
38,4429
30,4427
42,4425
-51,4424
100,4423
-41,4421
-92,4420
15,4419
49,4418
27,4417
73,4415
-18,4413
-47,4410
93,4409
85,4408
-49,4407
96,4406
18,4405
82,4404
-17,4403
8,4402
76,4401
27,4400
44,4398
-25,4396
-72,4394
-97,4393
-30,4392
61,4391
91,4390
-63,4389
91,4388
-40,4387
-20,4386
34,4384
-100,4383
-90,4381
80,4380
-29,4379
26,4377
97,4375
-67,4374
95,4373
-4,4372
-69,4371
37,4370
85,4369
-85,4368
-37,4367
-52,4365
-4,4363
-67,4361
-42,4360
-69,4359
-12,4357
-65,4356
-49,4355
-95,4354
-17,4353
51,4350
-90,4349
-76,4348
87,4347
33,4346
-100,4345
55,4344
-1,4343
18,4342
-4,4341
-58,4340
23,4337
33,4336
-33,4334
-89,4333
73,4331
46,4330
-64,4328
-86,4327
90,4326
-63,4325
26,4324
-59,4323
1,4322
83,4321
15,4320
-55,4319
63,4318
-5,4317
-63,4316
68,4314
-16,4312
-2,4311
37,4310
80,4309
23,4308
-60,4307
-6,4306
-34,4305
-51,4304
-70,4303
12,4301
-67,4300
-18,4298
-99,4297
-62,4295
-30,4294
74,4293
-71,4292
-9,4291
-52,4290
-62,4289
-100,4288
27,4287
-39,4285
19,4283
-59,4281
100,4280
70,4279
34,4278
79,4277
-61,4276
-92,4275
-30,4274
-4,4273
-5,4272
87,4269
-56,4268
-19,4267
89,4265
-42,4264
-18,4263
38,4262
81,4261
23,4260
72,4259
-70,4258
24,4254
-63,4252
54,4251
-53,4249
-11,4248
49,4247
-23,4246
-79,4245
-44,4244
17,4243
-92,4242
-5,4241
29,4240
-43,4239
12,4238
-66,4237
-32,4234
-29,4233
69,4232
-47,4230
11,4229
-49,4228
-69,4226
26,4225
64,4224
36,4223
-76,4222
61,4220
95,4219
-74,4218
-4,4217
-29,4216
-63,4215
-2,4214
85,4213
43,4212
72,4211
-76,4210
-78,4209
-13,4207
-5,4206
50,4204
87,4203
35,4201
46,4199
-60,4198
-48,4197
-5,4196
29,4193
76,4192
-96,4190
27,4189
-22,4188
-55,4187
54,4186
30,4185
-81,4184
83,4183
-79,4182
10,4180
-13,4179
-33,4178
-76,4177
-28,4176
-24,4175
-96,4173
-28,4172
-13,4171
-99,4169
54,4168
-22,4167
48,4166
-7,4165
59,4164
-60,4163
16,4162
76,4161
53,4159
-27,4158
60,4157
-47,4155
-45,4154
-93,4153
32,4151
21,4150
53,4148
-94,4147
86,4146
37,4144
88,4142
-76,4141
-31,4139
34,4138
30,4137
-41,4136
65,4135
-97,4134
16,4133
-40,4131
-15,4130
72,4129
-43,4128
-1,4127
-6,4125
9,4124
36,4123
-16,4122
36,4121
39,4120
50,4118
-31,4117
33,4116
-29,4115
46,4114
-36,4112
-72,4111
-69,4110
1,4108
-72,4107
-33,4106
-79,4105
-38,4104
-8,4103
-98,4102
-2,4101
60,4100
26,4098
3,4097
-85,4096
45,4094
-78,4092
66,4090
-57,4089
99,4088
95,4087
-48,4085
76,4084
-63,4082
82,4081
70,4080
19,4079
1,4078
-11,4077
32,4076
58,4075
77,4073
-31,4072
-15,4071
-61,4070
70,4069
83,4068
-40,4066
5,4064
94,4061
4,4060
29,4058
30,4057
-82,4055
-100,4054
-64,4052
34,4051
-78,4050
-82,4049
-48,4048
85,4047
-31,4044
71,4040
20,4039
90,4038
-80,4037
54,4036
-69,4034
-33,4032
31,4030
-95,4027
41,4026
-24,4024
-43,4023
-53,4021
-42,4020
-27,4019
93,4018
-79,4017
-12,4016
22,4015
-38,4014
10,4013
-79,4012
82,4010
-54,4009
-50,4008
37,4007
96,4006
54,4005
73,4004
45,4003
-46,4002
81,4001
78,4000
-85,3999
-73,3998
20,3996
-69,3995
-77,3993
-74,3992
53,3991
-48,3990
57,3989
66,3988
94,3987
65,3985
-54,3984
31,3983
3,3982
-3,3981
-33,3980
-94,3979
-25,3978
35,3977
73,3974
-3,3973
36,3972
-22,3971
-28,3970
-15,3969
-52,3968
68,3967
77,3965
95,3964
65,3962
-38,3961
96,3959
-10,3957
-90,3956
27,3955
-83,3954
-50,3952
-41,3951
92,3949
63,3947
4,3946
-88,3945
-10,3944
100,3943
-41,3940
1,3938
-60,3937
-84,3936
65,3934
-55,3933
-99,3932
-67,3930
-6,3929
32,3928
-63,3927
-50,3926
-69,3925
93,3924
-58,3923
48,3922
11,3921
36,3919
51,3918
-6,3917
54,3915
51,3914
-43,3911
24,3906
-4,3904
-89,3902
85,3901
72,3900
-53,3898
25,3897
38,3895
-92,3894
-51,3893
-77,3892
95,3891
80,3890
-33,3889
-46,3887
79,3886
10,3882
-93,3881
-28,3880
-41,3879
47,3878
-56,3877
51,3875
89,3874
14,3870
-73,3868
-89,3867
-79,3865
-10,3863
68,3861
-1,3860
-45,3858
91,3857
-43,3856
60,3855
40,3853
14,3852
-44,3848
-60,3847
91,3846
-90,3845
62,3844
-90,3843
5,3840
-2,3838
66,3836
-30,3834
87,3833
38,3831
-77,3830
38,3829
-59,3828
15,3827
-24,3826
-59,3825
-35,3824
94,3823
61,3822
4,3817
45,3815
0,3814
29,3813
93,3812
-8,3810
84,3809
-30,3808
-47,3807
-32,3806
-17,3804
-74,3803
33,3801
-45,3800
16,3799
-16,3798
57,3797
34,3796
-45,3795
82,3792
-39,3791
-46,3790
56,3789
-62,3788
81,3787
-80,3785
99,3784
13,3782
1,3781
-67,3780
-53,3779
68,3775
-7,3774
39,3773
90,3772
-10,3768
-43,3767
-34,3766
-60,3765
-95,3764
-25,3763
14,3760
9,3759
93,3756
-62,3754
-95,3753
65,3752
-32,3751
-79,3750
19,3747
48,3745
-50,3743
53,3742
-4,3741
15,3740
-76,3739
18,3738
76,3737
86,3736
74,3734
18,3733
83,3731
27,3730
10,3728
-47,3725
33,3724
-41,3721
-81,3720
-32,3719
-20,3718
18,3717
95,3716
14,3714
37,3712
-18,3711
-32,3710
-37,3709
-41,3708
70,3707
23,3705
100,3704
-36,3703
-49,3702
35,3701
75,3697
0,3695
44,3694
27,3692
-77,3690
-27,3689
-48,3688
-17,3687
-95,3686
65,3683
27,3681
63,3680
74,3679
98,3678
-71,3677
-6,3675
-42,3674
-66,3672
40,3670
29,3669
88,3668
97,3667
20,3666
36,3665
-45,3664
80,3662
72,3660
-83,3659
8,3658
-19,3657
30,3655
11,3654
0,3653
71,3651
75,3650
-61,3649
64,3648
27,3647
-61,3645
49,3644
30,3643
13,3642
79,3640
43,3639
52,3638
-82,3636
-29,3633
-29,3631
85,3629
-69,3628
-24,3627
56,3625
-13,3624
-66,3623
41,3621
72,3620
-81,3619
36,3618
-20,3616
94,3614
4,3613
16,3612
-16,3611
-68,3610
42,3608
-46,3607
78,3606
-68,3604
-100,3600
54,3598
87,3596
56,3594
-57,3593
29,3592
20,3590
-85,3589
33,3587
-81,3584
19,3583
58,3582
-17,3581
84,3580
-95,3579
-28,3577
4,3576
7,3573
99,3570
5,3569
7,3568
15,3567
-31,3566
13,3565
15,3564
65,3562
6,3561
87,3560
67,3559
74,3557
53,3556
6,3555
-5,3553
-8,3552
-84,3551
40,3550
-80,3547
40,3546
-80,3545
-56,3544
17,3542
92,3541
51,3540
27,3539
-30,3537
-48,3536
-31,3534
-63,3533
-46,3532
-69,3529
1,3528
57,3527
86,3526
-8,3524
-61,3523
8,3521
29,3519
0,3517
-22,3516
44,3515
96,3514
-81,3513
-50,3512
46,3511
-50,3508
1,3507
74,3505
-25,3503
15,3502
-2,3501
88,3500
-5,3499
18,3498
-57,3497
60,3496
30,3495
-36,3494
24,3492
-1,3491
-58,3490
-91,3489
-57,3487
-3,3485
-76,3483
-89,3482
34,3481
-64,3480
43,3479
-59,3478
84,3477
-92,3476
95,3475
53,3474
-20,3473
47,3469
73,3468
1,3467
65,3463
43,3462
-100,3460
35,3454
-83,3453
35,3452
46,3451
-61,3450
83,3449
-56,3448
-1,3447
-3,3446
-83,3445
-31,3444
-19,3443
79,3441
51,3439
-6,3436
-7,3435
-86,3434
0,3433
-81,3432
1,3430
-83,3429
39,3428
14,3427
-65,3426
25,3425
46,3424
-50,3423
-92,3420
-42,3418
-64,3416
1,3415
-3,3412
99,3411
-39,3410
-69,3409
13,3406
30,3404
20,3400
-92,3398
-4,3397
-36,3395
77,3394
-34,3393
-77,3392
44,3391
-12,3389
-45,3388
25,3386
-36,3385
3,3384
3,3383
8,3382
-31,3381
88,3380
-66,3379
-45,3378
-88,3377
40,3376
-30,3374
63,3373
99,3372
-18,3371
53,3370
60,3369
84,3368
59,3367
-18,3366
90,3365
-25,3364
7,3363
38,3362
85,3360
-68,3359
92,3358
-80,3356
14,3355
54,3354
59,3353
-83,3352
-80,3351
-80,3350
62,3349
70,3346
32,3345
41,3343
-19,3342
-88,3337
23,3336
-60,3335
-72,3334
4,3333
-34,3332
-94,3331
40,3330
-1,3329
-65,3327
-74,3326
-31,3325
-36,3324
-74,3323
-9,3321
55,3320
17,3319
62,3317
-96,3316
-78,3315
-87,3313
-15,3312
67,3310
-9,3309
-42,3308
-76,3307
84,3306
-8,3305
-33,3304
-34,3303
-89,3301
12,3300
-17,3296
56,3295
52,3294
64,3292
65,3291
-19,3290
41,3289
98,3287
-12,3285
-64,3284
36,3283
-7,3282
55,3281
80,3279
-38,3278
22,3277
-73,3275
99,3274
-31,3272
-95,3271
68,3270
96,3269
51,3268
-13,3267
48,3266
69,3265
-64,3263
-85,3262
72,3261
-95,3260
51,3259
57,3258
-50,3257
-7,3256
77,3255
-78,3254
-15,3252
25,3251
13,3250
45,3248
2,3247
51,3246
78,3244
45,3243
-17,3240
37,3239
-54,3238
-41,3237
86,3236
80,3235
-20,3233
98,3231
30,3228
-89,3226
-85,3224
-53,3221
-37,3220
-81,3219
-63,3217
94,3216
66,3214
80,3213
-34,3211
81,3210
-75,3209
16,3208
71,3207
-39,3206
-19,3204
-94,3203
-26,3202
86,3200
85,3199
80,3196
15,3195
57,3193
-18,3190
58,3189
-51,3186
31,3185
-58,3184
67,3182
-52,3181
-39,3180
35,3179
-74,3178
47,3177
64,3176
-75,3175
-91,3174
41,3173
-83,3172
78,3170
-9,3169
34,3168
-100,3166
-53,3165
100,3164
-49,3163
-47,3162
-95,3161
41,3159
74,3158
79,3157
12,3156
39,3154
7,3153
-37,3152
-5,3151
77,3150
-95,3148
-64,3147
-41,3146
77,3145
99,3144
70,3143
17,3142
-81,3141
43,3138
-17,3137
68,3135
4,3132
-71,3130
-73,3129
-55,3128
-7,3127
-54,3126
-55,3125
-12,3124
-17,3123
-22,3122
43,3120
38,3117
-74,3116
-59,3114
-85,3113
-91,3112
9,3111
-16,3110
32,3108
-76,3106
32,3104
-23,3103
38,3100
-9,3099
-88,3098
32,3097
41,3096
-16,3095
35,3094
41,3092
9,3088
-73,3087
87,3086
16,3085
82,3084
19,3082
-6,3081
89,3079
-86,3078
-37,3077
-30,3076
57,3075
-44,3074
51,3073
17,3071
-15,3070
-45,3068
-65,3067
19,3066
81,3065
-5,3064
36,3063
-22,3061
63,3060
89,3059
-76,3058
67,3056
18,3055
71,3053
19,3052
-16,3050
85,3049
-98,3047
96,3046
35,3045
75,3044
90,3042
33,3041
85,3040
55,3039
65,3037
-39,3036
80,3035
2,3034
-91,3033
77,3032
-61,3031
81,3030
40,3029
87,3028
10,3026
-35,3025
33,3024
-44,3022
-21,3020
-7,3019
64,3018
-10,3017
78,3015
67,3014
90,3013
18,3012
-5,3011
-75,3010
67,3008
4,3007
25,3005
51,3004
53,3003
-93,3002
-16,3001
-27,3000
11,2999
88,2998
0,2994
8,2993
-98,2992
-32,2991
-42,2990
-74,2989
-16,2988
40,2985
19,2984
25,2982
54,2980
62,2979
-76,2978
-62,2977
-92,2975
45,2973
48,2972
-12,2971
-2,2970
-16,2969
38,2968
-45,2967
67,2963
-83,2961
52,2960
-61,2959
-60,2957
66,2956
16,2955
23,2954
-61,2953
98,2949
-92,2947
-73,2946
37,2945
96,2944
53,2943
-65,2942
-76,2941
25,2940
53,2939
96,2938
-87,2934
57,2933
-12,2931
34,2929
92,2928
-61,2926
81,2925
-85,2924
60,2923
-12,2922
-70,2921
-20,2920
-93,2918
45,2917
43,2916
99,2915
-57,2914
-94,2913
-14,2912
66,2911
50,2908
22,2907
-59,2906
-93,2905
35,2904
-90,2903
83,2901
12,2899
-74,2898
-48,2897
82,2896
-56,2895
97,2894
-4,2893
-15,2892
5,2891
-32,2890
96,2889
-96,2888
-83,2887
21,2886
28,2885
-25,2884
-91,2883
72,2882
-88,2881
69,2880
-39,2879
86,2878
-61,2877
69,2876
97,2875
47,2874
25,2873
65,2872
-94,2871
-2,2870
17,2869
-23,2868
-39,2867
7,2866
9,2863
-9,2862
59,2861
-98,2860
-44,2859
-12,2858
-55,2857
43,2854
31,2853
45,2852
-36,2851
37,2850
55,2849
-44,2848
-99,2847
9,2846
88,2845
-4,2844
-51,2842
50,2841
48,2840
-89,2839
-80,2838
-87,2836
5,2835
-59,2834
26,2833
90,2832
-25,2831
64,2830
9,2829
92,2828
100,2827
-86,2825
-66,2824
47,2823
48,2822
1,2821
69,2820
-68,2819
7,2816
-70,2815
47,2814
-37,2812
71,2811
90,2809
-70,2808
-78,2807
-93,2806
1,2805
-35,2804
13,2803
40,2802
33,2801
-61,2799
19,2798
-94,2795
-85,2792
68,2790
-80,2789
-100,2788
-26,2787
-86,2785
45,2782
20,2781
-99,2780
-44,2779
46,2776
-61,2775
86,2773
-32,2771
65,2770
64,2769
59,2767
-65,2766
-6,2764
-92,2763
-24,2762
99,2761
39,2760
-3,2759
76,2757
13,2756
63,2755
48,2754
-78,2753
26,2752
-4,2750
53,2749
50,2747
16,2746
24,2745
61,2743
-14,2741
-47,2740
52,2738
6,2737
89,2735
-54,2734
41,2733
71,2732
7,2730
-29,2729
90,2728
59,2726
26,2725
-41,2723
70,2722
17,2721
-98,2719
-16,2717
-12,2716
-94,2715
-41,2714
-41,2712
-29,2711
7,2710
95,2709
2,2708
-30,2706
11,2703
11,2702
-40,2701
78,2700
9,2699
-17,2698
-68,2697
58,2696
42,2695
-22,2694
-84,2693
55,2692
-7,2691
59,2690
-61,2689
-61,2687
66,2686
67,2685
-25,2684
81,2682
38,2680
-61,2679
43,2677
-51,2676
-65,2675
-74,2674
79,2673
-59,2672
0,2671
64,2670
58,2669
31,2667
49,2666
-63,2664
1,2663
81,2661
-37,2659
-23,2658
-52,2657
-33,2656
-76,2655
23,2653
50,2652
-4,2649
-83,2648
-22,2647
96,2644
8,2643
-78,2642
51,2641
5,2640
86,2639
66,2638
-47,2637
-15,2636
-88,2635
66,2634
-38,2632
37,2630
34,2628
-26,2626
15,2625
-79,2624
96,2623
22,2621
-36,2620
-93,2619
48,2618
15,2617
19,2614
-32,2613
100,2612
29,2611
-12,2610
-30,2609
78,2608
26,2607
54,2606
-19,2605
-9,2601
-54,2600
69,2599
-56,2598
68,2597
10,2595
88,2593
-84,2592
25,2591
3,2590
0,2589
-93,2586
-75,2585
87,2584
19,2582
-81,2581
66,2580
3,2579
41,2578
45,2577
34,2576
-85,2575
-29,2574
-57,2573
-41,2572
-98,2570
-76,2569
33,2567
5,2566
-36,2565
68,2564
-59,2563
95,2562
70,2561
-43,2560
55,2559
11,2557
63,2556
-29,2555
61,2553
75,2551
85,2550
53,2549
-87,2548
34,2547
96,2546
-9,2543
75,2542
88,2541
-7,2540
14,2539
12,2538
50,2537
26,2536
12,2534
47,2530
5,2529
54,2528
58,2527
-86,2525
-40,2524
-17,2523
39,2522
-64,2521
54,2520
32,2519
82,2517
-1,2516
81,2515
-48,2514
-27,2513
-17,2512
-13,2511
-57,2510
61,2508
65,2507
-38,2506
-82,2505
57,2502
-65,2497
66,2496
-70,2494
55,2493
-79,2491
-100,2489
-37,2488
52,2487
81,2486
-86,2485
-81,2483
27,2482
87,2479
-98,2477
-60,2476
-32,2475
-81,2472
-16,2471
-11,2468
70,2465
-76,2463
5,2462
-70,2461
23,2460
82,2459
-20,2457
17,2456
26,2455
-14,2451
-63,2447
-75,2446
35,2445
-32,2444
-9,2442
-84,2441
7,2440
-63,2439
28,2438
2,2437
8,2436
-30,2434
51,2432
24,2431
33,2429
-90,2427
-19,2425
91,2424
-11,2423
-2,2422
11,2421
-19,2419
-76,2418
71,2417
-27,2416
-52,2413
-66,2412
-26,2411
-94,2408
-42,2407
-91,2405
22,2404
100,2403
-98,2402
57,2401
-37,2400
43,2398
-23,2397
9,2396
-10,2394
-78,2393
76,2392
13,2391
-74,2390
64,2389
-40,2387
-71,2385
-95,2384
-6,2382
-15,2381
-96,2380
-85,2379
22,2378
61,2377
49,2374
99,2373
-64,2369
99,2368
38,2367
-72,2366
0,2363
5,2362
-89,2358
29,2357
-57,2356
57,2355
63,2354
9,2353
-45,2350
-37,2347
-70,2346
-86,2344
-43,2342
-4,2341
-88,2340
-60,2339
67,2338
-97,2337
86,2336
69,2335
13,2334
-85,2333
99,2332
56,2330
46,2329
89,2328
73,2327
-80,2326
56,2325
39,2324
64,2323
-55,2322
-88,2321
63,2320
-54,2319
-31,2317
-82,2316
-61,2315
-28,2314
-39,2312
-5,2311
-14,2310
-12,2309
58,2308
87,2304
11,2303
37,2302
80,2301
-69,2298
89,2297
-35,2296
-71,2295
68,2294
-87,2293
50,2292
-6,2291
88,2289
-79,2288
62,2287
-73,2286
30,2284
19,2283
64,2282
-34,2281
20,2280
-6,2279
-47,2278
16,2276
82,2275
-1,2273
-43,2271
44,2269
-80,2268
8,2266
-82,2265
47,2264
48,2263
-25,2262
-13,2261
59,2258
-24,2256
-39,2254
14,2253
39,2251
-26,2250
-61,2249
73,2247
94,2246
-39,2245
70,2242
-68,2241
68,2240
24,2238
48,2237
-88,2236
69,2235
97,2234
66,2233
90,2232
-8,2231
-2,2230
65,2229
67,2228
-18,2227
-76,2226
48,2225
46,2224
60,2222
-13,2221
-16,2220
14,2219
-33,2218
94,2217
-64,2215
45,2213
82,2212
-49,2211
28,2210
52,2209
67,2208
-41,2207
-74,2206
-41,2205
-100,2204
-33,2203
4,2202
-51,2201
-14,2200
-18,2199
-52,2198
91,2197
92,2196
76,2195
14,2194
81,2193
33,2191
76,2190
-56,2189
-57,2188
69,2187
-72,2185
74,2184
-52,2183
-90,2182
-2,2181
-12,2180
83,2179
-82,2177
-97,2174
-58,2173
21,2172
93,2170
-85,2169
27,2168
89,2166
-6,2165
72,2162
-86,2161
-93,2160
11,2159
-64,2158
81,2157
-72,2156
29,2154
34,2153
60,2152
25,2151
84,2150
-48,2149
-46,2146
-83,2144
-89,2143
-79,2142
-1,2141
48,2140
91,2139
28,2137
-85,2136
-30,2135
-22,2132
18,2131
87,2130
-88,2129
47,2128
-22,2127
-19,2126
-64,2125
44,2124
48,2122
82,2121
-57,2120
7,2119
-82,2118
98,2117
-13,2116
-36,2114
68,2113
-96,2112
59,2111
-93,2110
87,2109
-4,2108
64,2107
14,2106
79,2105
97,2103
57,2101
-48,2100
5,2098
96,2097
-60,2096
76,2095
3,2093
15,2092
96,2090
70,2089
-26,2087
86,2086
90,2085
-53,2083
-61,2079
23,2078
33,2077
-3,2076
93,2075
-59,2074
-21,2072
-17,2069
94,2068
-34,2067
-16,2064
18,2063
58,2062
-32,2061
30,2060
-2,2059
30,2058
60,2057
-35,2056
-69,2052
28,2051
11,2050
-12,2049
5,2048
-50,2047
-86,2046
-4,2044
45,2043
19,2042
84,2040
63,2038
-17,2037
-68,2036
-4,2035
-60,2034
100,2033
-9,2032
16,2026
-79,2025
64,2024
-84,2023
-50,2022
97,2021
-44,2020
-61,2019
65,2016
-67,2014
28,2013
83,2012
-69,2011
-92,2010
-11,2009
17,2007
-50,2006
-64,2005
31,2004
-69,2003
-77,2002
-58,2001
71,2000
-47,1998
-31,1995
7,1994
-89,1993
30,1992
-23,1990
-76,1989
-38,1988
-84,1987
29,1986
70,1985
-82,1984
-72,1983
18,1982
31,1981
-61,1978
-55,1977
0,1975
-78,1973
-60,1970
-6,1968
96,1966
12,1961
-25,1959
-5,1958
-73,1957
-38,1956
-100,1953
-81,1950
-73,1949
67,1948
-99,1945
69,1944
-25,1942
25,1941
19,1940
-54,1938
-19,1937
-68,1936
-76,1933
-10,1932
-5,1930
71,1929
-26,1928
88,1926
48,1925
-83,1924
-86,1922
78,1918
66,1916
18,1913
68,1911
5,1910
37,1907
3,1905
11,1904
19,1903
15,1901
-86,1900
-27,1899
55,1898
-78,1897
-51,1896
18,1895
86,1889
22,1888
37,1886
29,1885
94,1884
67,1883
16,1881
-40,1879
-75,1878
58,1877
87,1876
67,1874
1,1873
-6,1872
20,1871
71,1868
-75,1866
-91,1865
-90,1864
68,1863
-77,1862
99,1860
-57,1859
-54,1857
28,1856
0,1853
-30,1852
-91,1851
74,1850
7,1849
53,1848
-40,1846
95,1845
12,1844
-70,1843
-11,1841
-40,1840
-85,1839
-94,1838
61,1837
25,1835
46,1834
-61,1832
26,1830
3,1829
28,1828
70,1826
26,1825
-17,1824
80,1823
-42,1822
9,1821
72,1819
-61,1818
69,1816
60,1815
7,1814
-56,1813
34,1812
59,1811
-39,1810
-47,1809
78,1808
-25,1807
2,1806
38,1805
-93,1803
36,1802
-79,1801
-58,1799
89,1798
93,1797
73,1796
68,1795
44,1794
-33,1792
66,1791
30,1790
-95,1789
-15,1788
38,1786
89,1785
-37,1784
88,1783
96,1781
-52,1780
43,1779
-85,1778
-31,1777
80,1776
67,1775
1,1774
2,1773
-90,1772
96,1770
-76,1769
5,1768
41,1767
19,1766
-66,1764
-35,1763
-21,1762
99,1761
59,1760
71,1758
45,1757
52,1754
-57,1753
-76,1751
-76,1750
9,1749
-54,1747
-53,1746
-24,1745
97,1743
-56,1742
-15,1741
-41,1740
-27,1739
-59,1737
60,1736
-57,1735
-29,1733
-75,1732
-66,1731
-10,1730
-65,1727
5,1726
-55,1725
36,1724
-4,1723
-89,1722
35,1721
-50,1720
-89,1719
12,1717
70,1716
-12,1715
25,1714
72,1713
-53,1711
26,1710
70,1709
33,1708
20,1707
-79,1706
-77,1705
-25,1704
-43,1702
27,1700
-44,1698
91,1696
-32,1695
66,1694
-33,1692
-13,1691
-56,1690
12,1686
60,1684
75,1683
10,1680
25,1679
5,1678
-21,1677
17,1675
79,1674
98,1670
-32,1669
15,1667
27,1666
-30,1665
-53,1664
-59,1663
-1,1661
17,1659
26,1657
55,1656
19,1653
23,1651
-74,1650
98,1648
8,1647
-99,1646
-61,1645
-33,1644
68,1643
66,1641
29,1640
51,1639
-68,1638
3,1637
29,1636
-21,1635
-66,1634
-45,1633
-69,1632
-84,1631
85,1630
-36,1628
92,1627
-46,1625
30,1624
69,1623
-61,1622
87,1621
-53,1620
-25,1619
17,1618
-26,1616
-80,1615
59,1614
-1,1613
70,1612
-94,1611
35,1610
-41,1609
-8,1608
-46,1607
26,1606
-4,1602
17,1601
9,1600
96,1598
-53,1597
3,1596
17,1594
-91,1592
-94,1591
46,1590
-66,1589
13,1588
-30,1587
68,1585
29,1584
2,1583
-25,1581
99,1580
-37,1577
-79,1576
-4,1575
-92,1574
-75,1572
41,1571
65,1569
32,1566
56,1565
-84,1564
-66,1563
63,1561
-84,1560
-31,1559
-44,1558
90,1557
-98,1556
-38,1554
13,1553
20,1552
12,1551
64,1550
38,1549
-3,1548
88,1547
30,1546
49,1545
66,1543
34,1542
100,1540
67,1539
-29,1538
-55,1537
-76,1536
28,1535
17,1534
11,1533
96,1532
-42,1531
3,1530
-61,1529
-22,1527
-23,1526
93,1525
58,1523
-42,1521
10,1520
66,1519
3,1518
25,1517
-95,1516
47,1515
57,1513
5,1512
10,1511
-81,1508
-11,1506
-79,1505
51,1504
-36,1502
53,1501
48,1500
99,1499
-29,1498
13,1496
-3,1494
-91,1493
-2,1492
-31,1490
68,1488
98,1487
66,1486
-57,1485
-34,1484
52,1483
-15,1482
-36,1479
29,1478
14,1477
-82,1474
-87,1473
26,1471
20,1470
-66,1469
34,1468
94,1467
89,1464
-12,1463
51,1461
-50,1460
-93,1459
0,1458
45,1457
-21,1456
-94,1455
37,1453
-39,1452
32,1451
-98,1450
-3,1447
2,1446
-28,1445
-24,1444
-9,1443
100,1442
-4,1441
11,1440
-4,1439
-90,1438
-54,1437
-51,1434
-23,1433
-17,1432
-49,1431
48,1430
39,1429
24,1426
0,1424
-30,1423
-88,1422
-93,1421
88,1419
86,1417
46,1415
-89,1414
-24,1412
-49,1411
-2,1409
79,1408
-83,1406
8,1405
-40,1404
56,1402
-66,1400
41,1399
33,1398
-25,1397
-74,1395
-71,1394
-28,1393
-32,1392
13,1391
96,1390
94,1388
-56,1387
-83,1386
-99,1384
59,1383
9,1382
-84,1381
-58,1380
-73,1378
65,1377
-84,1375
69,1374
-5,1373
15,1372
-60,1370
-96,1368
-32,1367
-15,1366
-53,1365
-49,1364
97,1362
-71,1361
-80,1360
40,1358
89,1357
-37,1356
-69,1355
79,1353
39,1352
10,1349
-7,1348
92,1347
76,1346
53,1345
-35,1341
-1,1340
-89,1339
-28,1337
-20,1336
-3,1335
70,1332
5,1331
31,1330
99,1329
-48,1327
-19,1326
46,1325
73,1324
19,1322
3,1319
-69,1318
-25,1317
-50,1316
89,1313
-18,1311
31,1310
-78,1309
-16,1308
7,1307
-5,1306
-78,1305
22,1304
-87,1301
9,1299
93,1296
40,1293
37,1292
26,1291
-40,1290
11,1288
-39,1287
25,1286
11,1284
-41,1283
-91,1282
-49,1281
23,1280
-81,1279
-91,1277
-68,1275
-54,1274
9,1272
-88,1271
-10,1270
-38,1267
98,1266
67,1265
-10,1264
-100,1262
90,1261
-6,1260
-60,1259
-5,1258
61,1257
22,1256
51,1254
-96,1253
4,1251
-8,1250
81,1249
64,1248
-46,1245
-61,1244
21,1242
-89,1238
69,1237
-34,1234
86,1232
54,1230
-44,1229
31,1228
81,1227
0,1225
-47,1224
-38,1223
59,1221
-65,1220
-29,1219
83,1217
-24,1216
66,1214
82,1213
-87,1212
-15,1211
-32,1210
-68,1208
-44,1207
47,1206
-48,1205
37,1204
93,1203
79,1202
84,1201
18,1200
22,1196
64,1195
98,1194
-28,1193
-21,1192
-64,1191
99,1190
-46,1189
80,1188
-77,1187
53,1185
99,1184
28,1182
-74,1181
66,1178
-95,1177
87,1176
94,1175
-93,1174
-96,1173
-33,1172
-92,1171
31,1169
-9,1167
-38,1166
-46,1165
-30,1163
2,1162
-54,1161
-4,1160
31,1159
86,1158
-60,1157
-100,1156
12,1155
17,1154
12,1153
48,1152
-77,1151
42,1149
56,1148
94,1147
27,1145
-75,1144
13,1143
-20,1142
-17,1141
14,1140
-23,1138
-10,1137
-98,1135
-87,1134
-37,1133
35,1132
-82,1131
-97,1130
-90,1129
88,1128
34,1127
83,1126
-19,1125
-92,1124
-80,1123
-79,1120
-89,1119
-73,1118
33,1116
-67,1115
-1,1114
43,1112
-99,1111
-4,1110
-80,1108
-24,1107
14,1106
-3,1105
-91,1104
-85,1103
95,1099
-33,1098
55,1097
62,1096
57,1095
-95,1094
-97,1093
26,1092
63,1089
-18,1088
-51,1087
86,1086
39,1085
79,1084
-54,1083
-45,1079
68,1078
-89,1077
-59,1076
78,1075
-87,1074
-98,1073
84,1072
41,1069
-42,1067
6,1065
-70,1064
-80,1063
-11,1062
80,1061
-45,1060
94,1059
-17,1058
36,1056
-2,1055
-78,1054
-24,1053
57,1052
-79,1051
-17,1050
-49,1048
-22,1047
-66,1046
54,1044
51,1042
-34,1041
89,1040
-98,1039
25,1037
-98,1036
24,1035
-9,1033
38,1032
30,1031
18,1030
-64,1029
-74,1027
0,1026
75,1024
-94,1023
-5,1022
-49,1021
-98,1019
22,1018
-100,1017
93,1016
4,1015
62,1014
-69,1013
17,1012
72,1011
84,1010
88,1009
84,1008
66,1007
-52,1006
5,1005
38,1004
-67,1003
74,1002
77,1000
-20,998
-28,996
55,995
-67,994
-64,991
-91,990
-84,988
-81,987
-26,986
-10,985
-35,984
98,983
-39,982
-52,981
57,980
-6,978
38,977
-92,976
62,975
47,973
76,972
-46,971
2,970
61,969
-95,967
-100,966
-82,965
73,964
-65,963
-46,961
36,960
-28,959
-17,958
-21,957
-39,956
31,955
-42,952
-35,951
40,950
-60,949
-36,948
-41,945
19,944
-93,943
94,942
-50,941
3,940
76,939
30,938
63,937
62,936
56,934
58,933
35,932
-99,931
8,930
-19,929
-89,928
-17,927
-64,926
32,925
52,923
53,922
68,920
20,919
-92,918
27,916
94,915
96,912
35,911
45,910
-83,909
41,908
-56,907
-2,906
4,905
41,904
67,902
84,900
-73,899
12,897
-84,896
97,894
-84,892
86,891
77,890
68,889
-34,888
59,887
31,886
-20,885
27,884
-50,883
-16,882
-20,881
-89,880
-57,878
-69,877
-29,876
13,875
74,874
-85,872
16,871
-63,870
37,869
-28,868
61,867
61,865
22,864
-86,863
-54,862
17,861
40,860
-55,859
31,858
-64,857
-80,856
-65,855
69,854
-69,853
-81,851
-37,850
19,849
84,847
-97,845
-77,844
25,843
-5,842
-74,841
50,840
38,838
-61,837
-75,836
6,835
-27,833
18,832
51,831
-88,830
86,829
-88,828
10,827
-14,826
32,824
-9,822
-58,821
32,818
7,816
55,814
35,812
3,810
-94,808
20,806
-54,805
61,802
-39,800
-69,798
-53,797
-73,795
-73,793
-18,792
-6,791
47,790
96,788
66,786
17,785
-80,783
12,781
-11,780
92,777
0,774
-70,773
-88,771
-48,770
-95,769
14,767
-87,766
-60,764
-39,763
71,762
65,761
-18,760
-49,759
98,757
-81,756
-42,755
-96,754
93,751
60,750
-39,748
-53,747
46,746
-77,745
85,744
83,742
20,741
-20,739
-11,737
91,736
43,735
-3,734
99,733
-8,732
-81,731
-40,729
-23,728
20,727
-37,726
-60,724
6,723
-27,722
-45,721
66,720
74,719
4,716
46,715
46,714
60,712
-39,711
28,710
73,708
-30,707
26,706
16,705
71,704
-9,703
-77,702
46,701
90,699
34,698
10,697
-1,696
80,695
5,694
92,693
-69,692
43,691
7,690
22,689
29,688
-5,687
57,685
-79,684
-78,681
99,680
84,679
27,677
54,676
-29,675
-21,674
42,673
45,672
-29,671
-57,668
-84,667
48,664
84,663
-98,662
-58,661
-17,660
25,659
79,658
-63,657
98,656
86,655
-45,654
-100,653
-93,652
-75,651
87,649
-55,648
-69,645
91,644
74,643
15,641
69,639
83,634
-34,633
63,631
-80,630
10,629
73,628
87,625
-84,624
-67,623
74,622
-34,621
-4,620
79,619
26,618
-98,617
-15,616
47,615
-61,614
0,613
-79,611
-60,610
-43,609
66,608
-32,607
-87,606
29,605
-50,603
79,602
21,601
-100,599
31,598
39,597
-95,596
-38,595
63,594
41,592
15,591
35,590
41,589
29,588
-84,587
-2,585
-23,584
45,582
1,581
25,580
-74,579
99,578
59,577
12,576
13,575
12,574
17,573
-25,572
53,571
29,568
6,566
26,565
-53,563
-71,562
95,559
99,558
-97,557
-82,556
6,555
-84,554
-74,553
-5,552
-1,551
8,550
70,549
-35,548
-95,547
55,546
85,545
-34,544
-64,543
85,541
-74,540
-95,539
19,538
33,537
53,536
-58,535
29,534
-99,532
28,531
-68,530
-4,529
37,528
46,527
-53,526
30,525
-92,523
-79,521
-74,520
-36,519
-78,518
-70,515
-59,514
-20,513
35,512
-44,511
66,510
60,509
-31,508
-92,507
75,505
-79,501
-63,499
-52,496
-22,495
-97,492
-85,489
66,486
9,484
53,483
17,482
56,481
-60,480
-50,479
-37,478
19,477
-35,476
-39,475
-24,474
38,473
81,472
100,467
84,466
23,464
-46,463
-48,462
-85,461
-46,460
-94,458
32,456
-66,454
81,452
1,451
29,450
75,449
-40,447
-46,445
69,444
-20,443
-30,442
-6,441
-19,440
-14,439
37,438
-1,437
-4,436
3,435
92,434
-57,432
-19,431
81,430
-10,429
82,428
90,427
-62,426
-21,425
-85,423
58,421
38,420
50,419
-85,418
-48,416
-51,415
-45,414
-59,413
-58,412
-14,409
-59,408
85,407
62,406
-64,405
94,404
-83,403
-56,402
48,401
49,400
8,398
95,397
-71,396
-96,394
-73,392
84,391
-63,389
15,388
55,387
97,386
58,385
28,383
-39,382
-93,381
11,380
-72,378
62,377
34,376
-21,374
19,373
-51,371
-52,370
-47,368
-45,367
-92,366
-88,365
-11,363
10,362
49,361
-58,360
-31,359
82,358
79,357
10,355
30,354
91,353
-21,352
87,351
-66,350
95,349
20,346
-2,345
-68,343
-37,342
78,341
55,340
-35,339
-27,338
6,336
-93,333
-12,332
-50,330
-38,329
-8,328
14,327
47,325
73,323
68,322
13,321
-91,320
30,319
79,318
-91,317
-70,315
11,314
71,313
41,312
-49,311
26,310
41,309
65,308
-26,307
-5,306
53,305
-2,303
-7,302
-92,298
-5,296
-93,294
-25,293
41,290
-85,289
5,288
-7,287
29,286
-10,283
-6,281
-71,280
51,279
-24,277
-87,275
82,274
-42,273
4,272
-60,271
-44,270
-21,269
81,267
-96,266
-72,265
11,264
21,262
64,261
-66,260
22,258
-86,257
70,254
-36,252
3,250
-13,248
-86,247
-76,246
-34,244
63,242
-61,241
-56,240
75,239
67,237
-12,236
-97,235
-69,234
-83,233
34,232
95,231
97,229
61,228
-10,227
-70,226
-76,225
89,224
-43,223
95,220
42,218
18,216
23,215
54,214
-2,213
-23,211
-18,208
88,207
-50,206
-39,205
-22,204
-21,203
-69,202
-40,201
-11,200
-65,197
64,195
89,194
60,193
-15,192
-72,191
-48,190
-27,189
70,187
55,186
-92,184
31,183
-96,182
-78,180
-54,178
26,177
88,176
-2,175
64,174
-81,173
55,172
-79,171
5,170
28,169
61,166
84,165
-99,164
-43,163
-49,162
36,159
49,155
97,154
-1,153
55,152
89,151
17,149
-71,148
-25,147
17,146
-60,145
-1,144
19,143
13,142
-41,141
-98,139
95,138
-11,137
87,135
98,134
4,132
-34,131
11,130
55,129
57,128
-91,127
-16,126
86,124
-34,123
-70,122
49,121
42,120
76,118
-82,117
-63,116
91,115
15,112
-44,110
-7,108
-51,107
71,106
94,105
90,102
85,100
57,99
-95,98
57,97
-72,96
-9,94
35,93
27,91
-65,88
-69,87
25,86
71,84
90,83
16,81
-64,80
26,77
-68,75
87,73
-45,72
-45,71
83,68
-79,66
39,65
11,63
12,62
85,61
5,60
-61,59
-71,55
100,54
-33,50
13,49
-31,47
-85,46
74,43
-51,42
32,41
-57,38
35,37
63,35
-98,34
-25,33
-76,32
81,31
18,30
1,29
-79,28
-46,25
-47,23
-98,22
-19,20
69,19
-30,18
-57,17
53,16
-49,15
47,14
12,13
-95,12
94,11
-19,10
-31,8
88,7
30,6
-36,4
-10,2
43,1
-33,0
