23,10000
-61,9998
-30,9997
76,9996
-14,9995
63,9994
-66,9993
70,9991
-5,9990
-61,9988
74,9987
-48,9985
-72,9984
54,9981
75,9980
82,9979
-96,9978
3,9977
-28,9976
-21,9975
-82,9973
-38,9972
-57,9971
-37,9967
-52,9966
95,9965
-26,9964
-41,9962
1,9961
64,9960
-51,9959
-46,9958
-45,9957
-70,9956
35,9955
-90,9954
-37,9953
2,9951
-25,9950
74,9946
100,9945
-47,9943
67,9942
89,9941
-3,9940
70,9939
97,9938
-62,9937
-72,9936
-85,9935
-89,9934
77,9933
-50,9932
58,9931
-53,9930
-47,9929
-46,9928
-50,9927
5,9926
22,9925
-98,9924
-37,9923
-74,9922
96,9921
62,9920
-87,9919
60,9918
-16,9917
-85,9916
3,9915
7,9914
-51,9913
93,9912
-81,9910
81,9909
68,9907
4,9906
99,9904
75,9902
38,9901
46,9900
-94,9897
-6,9896
84,9894
-55,9893
37,9891
-63,9890
-1,9886
53,9885
-76,9884
72,9882
-79,9881
-53,9879
65,9878
-47,9877
88,9876
-81,9875
-71,9874
-84,9873
-76,9871
2,9868
45,9867
-25,9865
-29,9864
55,9863
83,9862
30,9861
26,9860
66,9859
54,9858
5,9857
-66,9856
-47,9855
53,9854
50,9853
-40,9852
-13,9850
-97,9848
-75,9847
-76,9845
-56,9844
0,9843
1,9842
1,9841
-19,9840
35,9839
50,9837
-6,9836
18,9835
39,9834
42,9833
-21,9832
71,9831
-40,9827
69,9826
19,9825
-3,9823
27,9822
61,9821
11,9820
-36,9819
-79,9817
39,9816
-93,9813
-89,9812
-81,9810
-12,9808
-53,9807
-33,9806
88,9805
28,9804
94,9802
84,9801
87,9799
-77,9798
-62,9797
-91,9796
8,9795
-57,9794
70,9793
-47,9792
90,9791
66,9790
-26,9789
-50,9788
46,9785
49,9784
-53,9783
84,9782
88,9781
82,9780
-76,9779
-19,9777
-87,9776
-60,9775
-57,9774
52,9771
-83,9770
-17,9768
-69,9763
6,9761
-80,9760
63,9759
-23,9758
-42,9757
-79,9756
47,9755
28,9754
24,9753
-72,9752
-17,9751
21,9750
20,9749
49,9748
-8,9747
75,9746
50,9745
-47,9744
48,9743
67,9742
-73,9740
-67,9739
22,9738
-43,9737
38,9736
87,9733
-11,9732
-16,9731
1,9730
15,9729
-40,9728
-67,9727
77,9724
60,9720
-21,9719
25,9717
67,9716
-24,9715
94,9713
-75,9712
70,9711
30,9710
-39,9709
-74,9708
-98,9707
13,9706
-76,9704
28,9703
-30,9701
-57,9700
17,9699
-52,9698
72,9697
-35,9695
-54,9693
67,9692
31,9690
-5,9689
-79,9688
-33,9687
-92,9686
97,9684
60,9682
-39,9681
58,9678
-16,9676
-48,9674
-68,9672
-60,9670
88,9669
-10,9668
99,9667
-52,9666
52,9665
62,9664
52,9663
63,9662
73,9661
96,9660
-46,9659
39,9658
-26,9657
54,9656
-46,9654
-57,9652
-7,9651
-16,9650
9,9646
-18,9645
-86,9644
40,9643
28,9642
64,9640
-79,9639
49,9636
-93,9635
-99,9634
-54,9633
56,9632
-64,9631
-7,9629
56,9628
41,9627
-44,9626
8,9625
-52,9624
27,9623
70,9619
-62,9618
-20,9617
-36,9616
68,9615
-53,9614
43,9612
-25,9611
31,9609
46,9608
-50,9607
-22,9606
-48,9605
78,9604
35,9603
66,9599
13,9598
-81,9597
69,9596
41,9595
66,9594
-25,9592
-44,9591
-46,9589
-78,9588
75,9587
-53,9585
37,9584
-10,9583
60,9582
-79,9581
23,9580
63,9579
96,9578
41,9577
-95,9576
-93,9575
-45,9574
16,9573
47,9572
84,9571
53,9570
-87,9569
96,9568
93,9567
76,9565
37,9564
100,9563
93,9562
-56,9561
-36,9557
30,9556
-69,9554
62,9552
-40,9551
-43,9550
44,9548
-42,9547
6,9546
-88,9545
-17,9544
58,9542
-38,9541
26,9540
29,9539
2,9538
-18,9537
-98,9536
32,9535
74,9534
-57,9532
-98,9530
22,9528
-99,9527
88,9526
-68,9522
91,9521
-8,9519
64,9518
39,9517
5,9515
-87,9514
-74,9512
-70,9510
37,9509
97,9507
70,9506
-48,9503
-73,9502
-87,9501
63,9500
73,9499
-48,9498
-78,9496
-95,9495
-4,9494
62,9493
49,9491
-42,9490
81,9489
24,9488
-34,9487
5,9485
44,9483
81,9482
-36,9480
-39,9479
-70,9478
62,9477
-41,9476
-27,9475
58,9473
-81,9472
30,9470
-30,9469
66,9468
-21,9467
37,9466
-91,9464
-41,9463
17,9461
-91,9460
-90,9459
-58,9458
-43,9457
-79,9455
25,9454
78,9449
-91,9448
-57,9447
37,9446
50,9445
30,9444
23,9443
57,9441
80,9440
46,9439
-75,9438
0,9437
1,9435
44,9434
-53,9433
-87,9432
73,9430
55,9429
77,9428
-42,9425
-24,9424
-74,9419
-46,9417
-92,9414
14,9413
-87,9412
34,9411
-36,9410
94,9407
77,9406
-41,9405
35,9404
-25,9403
-12,9402
-92,9401
-84,9399
-76,9398
-78,9397
-75,9396
-49,9393
78,9391
-90,9389
-14,9388
63,9387
-54,9386
-90,9385
90,9384
73,9383
-94,9382
-20,9381
-8,9379
93,9378
-74,9377
-69,9376
33,9375
30,9373
-87,9372
91,9371
36,9370
63,9369
53,9368
-41,9367
-78,9366
-26,9365
-64,9364
-85,9363
-90,9362
46,9361
-18,9360
-31,9358
100,9356
100,9355
86,9354
-74,9353
81,9351
10,9349
41,9347
-9,9346
65,9345
17,9344
-83,9343
-18,9342
-63,9341
57,9340
-49,9339
-16,9338
-71,9337
-91,9336
46,9335
-76,9334
-85,9333
-40,9332
36,9331
48,9330
90,9329
65,9328
-70,9327
-1,9326
12,9325
-47,9324
-62,9321
1,9320
29,9319
61,9318
-15,9317
-98,9316
55,9315
-50,9314
-43,9313
83,9312
-61,9311
35,9310
6,9309
-7,9308
35,9307
-56,9306
0,9305
52,9304
45,9303
-20,9302
-16,9301
76,9300
56,9299
75,9297
-60,9296
100,9294
56,9293
80,9291
47,9290
-85,9289
-22,9288
-38,9287
-34,9286
94,9283
-50,9282
100,9280
-83,9279
-24,9278
4,9277
-62,9276
68,9275
81,9274
-87,9273
-3,9272
-12,9271
-83,9269
42,9268
56,9267
-99,9266
97,9264
-44,9263
-24,9261
35,9260
-84,9259
62,9257
90,9256
-90,9253
77,9252
-6,9251
37,9250
-15,9249
31,9247
-11,9246
94,9245
39,9244
-1,9243
59,9242
-23,9240
59,9239
-77,9236
27,9235
8,9233
75,9232
-41,9231
-62,9230
-70,9229
67,9228
79,9227
4,9226
-4,9223
75,9222
-26,9219
80,9218
44,9216
16,9215
-8,9214
-41,9213
72,9211
30,9210
46,9209
8,9208
-11,9207
65,9206
42,9205
22,9204
-74,9203
-51,9201
22,9198
-77,9196
52,9194
-31,9190
31,9189
-16,9188
54,9187
18,9186
-18,9185
-7,9184
49,9183
44,9181
42,9180
-69,9179
47,9177
5,9176
-46,9175
-100,9174
-51,9172
89,9171
74,9170
-20,9169
88,9167
-93,9165
-37,9164
-91,9162
86,9161
99,9160
54,9157
28,9156
15,9155
36,9154
100,9153
79,9151
18,9150
77,9149
-70,9148
-4,9147
49,9146
46,9145
-56,9144
10,9143
4,9142
61,9141
94,9140
-16,9137
-87,9136
-18,9135
-70,9134
-37,9133
-90,9132
-93,9130
-84,9129
-60,9128
-68,9127
-85,9126
33,9124
3,9123
-56,9121
89,9120
-44,9119
59,9117
40,9114
-66,9113
81,9110
34,9109
-81,9108
68,9107
17,9106
50,9105
51,9103
3,9099
-80,9096
-53,9095
-88,9093
76,9092
-75,9090
-35,9087
-31,9085
-100,9084
-90,9083
55,9080
-42,9079
78,9078
61,9076
-86,9075
83,9074
-32,9073
88,9070
-3,9069
-81,9068
1,9067
-49,9066
-77,9065
99,9064
47,9063
65,9062
57,9060
19,9059
28,9058
44,9057
-50,9056
44,9054
10,9051
99,9050
-8,9048
-74,9047
49,9046
11,9044
-68,9043
0,9042
-79,9041
-32,9040
-85,9036
-71,9035
-61,9034
-38,9033
-96,9032
56,9031
28,9030
-13,9029
100,9028
44,9027
-4,9026
61,9025
-45,9024
68,9023
-12,9021
78,9020
24,9019
5,9018
15,9017
-22,9016
48,9015
-42,9014
83,9013
96,9011
28,9010
-7,9009
53,9008
-68,9007
76,9006
44,9005
-25,9004
32,9003
84,9002
-92,9001
-79,9000
-20,8999
28,8998
91,8997
-99,8996
-23,8995
-46,8994
-54,8993
-47,8992
-30,8991
-48,8990
56,8989
-98,8988
39,8987
34,8986
-56,8985
-54,8984
-64,8983
48,8982
99,8981
20,8979
4,8978
56,8977
-93,8976
86,8975
68,8973
-16,8972
83,8971
-37,8970
-21,8969
-31,8968
-86,8966
45,8965
-46,8964
61,8963
-18,8962
19,8961
-59,8959
6,8958
23,8957
-77,8955
40,8954
91,8953
-51,8952
66,8951
-34,8949
-74,8948
-69,8947
97,8945
-96,8944
2,8943
-2,8942
-53,8941
-31,8939
-35,8938
31,8937
-2,8936
-89,8935
-47,8934
-66,8933
74,8932
21,8928
-64,8927
-74,8926
-60,8925
16,8924
-34,8923
-84,8922
86,8920
-89,8919
-39,8918
4,8914
-46,8913
35,8912
100,8911
40,8910
24,8909
-42,8908
76,8907
16,8906
36,8905
24,8904
92,8903
-58,8901
-55,8900
-60,8899
80,8898
-45,8897
-14,8896
24,8895
62,8894
-97,8893
82,8892
1,8891
84,8890
-67,8889
80,8887
-28,8884
22,8883
50,8882
89,8881
-39,8880
-46,8877
-29,8876
-47,8875
-50,8874
75,8873
-48,8872
69,8871
20,8870
41,8869
-92,8868
26,8867
77,8866
-76,8865
35,8864
45,8863
22,8862
-7,8860
-2,8859
-25,8858
-46,8857
22,8856
-13,8855
-73,8853
-55,8852
99,8851
65,8850
-69,8849
28,8848
70,8846
-75,8844
45,8843
96,8841
93,8839
-6,8837
3,8836
40,8833
86,8832
-9,8831
-65,8830
8,8829
50,8828
6,8827
96,8826
-94,8825
-18,8824
91,8823
28,8822
-94,8819
48,8818
77,8816
25,8815
-25,8814
-85,8813
84,8810
93,8809
0,8808
-5,8806
-32,8805
-27,8804
-4,8803
45,8802
10,8801
89,8797
98,8795
-51,8793
-13,8792
-48,8791
91,8789
-36,8788
-60,8786
-89,8785
-98,8784
99,8783
-77,8780
-79,8778
-29,8775
-44,8774
-51,8772
40,8771
11,8770
89,8769
5,8768
-31,8766
61,8765
-83,8763
62,8762
19,8760
35,8759
-52,8758
-30,8756
72,8754
-77,8752
-81,8751
-2,8748
-31,8747
77,8746
21,8745
39,8744
-49,8743
22,8742
-51,8741
40,8739
16,8738
-22,8737
52,8735
2,8734
-54,8733
-74,8732
62,8731
67,8730
-7,8728
81,8727
-78,8725
-2,8724
-13,8723
26,8722
-30,8720
-71,8719
-35,8717
-85,8715
-81,8714
34,8713
-83,8712
1,8711
63,8710
-66,8708
54,8707
74,8706
100,8705
33,8704
-9,8701
-65,8700
-16,8698
60,8697
67,8696
-89,8694
-33,8693
-54,8692
-14,8691
88,8690
21,8689
-75,8688
-26,8686
-91,8685
92,8683
-52,8682
-16,8681
71,8679
-67,8678
80,8677
-95,8676
-15,8675
-49,8674
27,8671
35,8670
98,8669
97,8668
31,8666
58,8665
20,8664
-68,8663
99,8662
-31,8661
-77,8660
-41,8659
3,8658
28,8657
-6,8656
64,8655
38,8653
51,8651
-80,8650
-16,8648
-27,8645
-96,8644
-72,8642
-10,8641
79,8640
-2,8638
16,8637
15,8636
77,8635
-70,8634
9,8633
-40,8631
-32,8630
14,8628
75,8627
10,8626
42,8624
97,8622
80,8621
-19,8620
46,8618
-2,8617
61,8616
27,8614
-54,8613
1,8611
-7,8610
29,8609
90,8608
-8,8606
-16,8605
39,8603
-55,8600
-3,8599
37,8598
-90,8597
-50,8596
-53,8594
7,8590
-64,8588
-84,8587
-51,8584
36,8583
-22,8582
86,8581
40,8580
30,8579
-75,8577
-100,8575
-96,8574
14,8573
56,8571
-68,8570
79,8569
-48,8568
29,8567
-3,8566
-21,8565
40,8561
70,8560
-3,8557
-21,8556
4,8555
-92,8552
22,8551
32,8549
-12,8547
-90,8546
-12,8545
6,8542
-27,8541
13,8540
18,8539
-87,8538
51,8536
42,8534
17,8533
-26,8532
-66,8531
40,8530
66,8529
-41,8528
74,8527
-15,8525
62,8524
57,8523
-75,8522
-71,8519
-87,8518
-44,8517
-1,8516
-1,8515
-42,8514
-6,8513
0,8512
74,8511
19,8509
32,8508
-41,8507
-42,8506
-40,8505
93,8504
48,8502
96,8501
-46,8499
-23,8498
-72,8497
-39,8496
-60,8494
-16,8493
41,8492
88,8490
-76,8489
-6,8488
-61,8487
-76,8486
-43,8485
34,8482
-61,8480
-50,8479
78,8477
-98,8476
-16,8475
-68,8474
-47,8473
-63,8471
21,8470
27,8469
27,8468
52,8466
5,8464
89,8463
78,8462
-51,8461
8,8460
12,8459
89,8458
-24,8457
58,8455
-100,8454
100,8453
74,8452
-47,8451
74,8450
49,8449
-86,8448
-29,8447
46,8446
-85,8445
78,8444
26,8443
-73,8442
-1,8441
88,8440
49,8438
-77,8437
-48,8436
-44,8434
-47,8433
100,8432
73,8431
99,8430
-55,8429
50,8428
53,8427
34,8426
73,8425
74,8424
-54,8423
-73,8422
-35,8420
-88,8419
-19,8418
-10,8417
65,8416
29,8415
1,8414
-77,8413
-14,8412
43,8410
-94,8409
55,8408
5,8407
32,8405
-46,8404
84,8403
-60,8400
21,8397
-60,8395
78,8394
-44,8393
-20,8392
-71,8391
-86,8390
79,8389
-99,8388
-45,8387
-47,8385
12,8383
90,8382
95,8380
14,8378
44,8377
-64,8376
-5,8375
83,8374
-29,8373
64,8372
-48,8370
57,8369
0,8368
-18,8367
-71,8366
-65,8365
-62,8364
97,8363
35,8361
33,8360
-96,8359
-74,8358
53,8357
25,8356
69,8355
-15,8354
-65,8353
28,8352
-74,8351
-2,8349
-18,8348
16,8347
17,8346
94,8345
72,8344
45,8343
-67,8339
-88,8337
37,8336
70,8335
-71,8333
-49,8331
4,8330
-2,8329
-56,8327
14,8326
-21,8325
-67,8324
25,8321
36,8320
-94,8319
-62,8316
90,8315
23,8313
-73,8312
-95,8311
83,8310
-4,8309
100,8308
18,8307
55,8305
38,8303
85,8302
4,8301
-55,8300
90,8299
-11,8297
-76,8296
32,8295
-65,8293
75,8292
54,8290
47,8286
-33,8285
-6,8283
-45,8282
-42,8281
-81,8280
60,8279
17,8276
-88,8274
-40,8273
97,8272
79,8271
-18,8270
57,8269
37,8268
-80,8266
-51,8264
-52,8263
-48,8262
-8,8261
-93,8260
45,8259
37,8258
-8,8257
97,8256
43,8252
-67,8251
-22,8249
19,8248
30,8247
47,8246
22,8245
-98,8244
83,8243
-87,8242
-57,8241
-26,8240
67,8238
-92,8237
-88,8235
-44,8234
70,8233
-86,8232
31,8231
-65,8230
-65,8229
49,8228
52,8227
93,8225
97,8224
-49,8221
59,8220
-84,8219
-38,8218
-78,8216
-46,8215
-25,8214
58,8212
8,8211
17,8210
35,8209
-65,8208
0,8207
-92,8206
94,8205
-85,8204
63,8203
-29,8202
-56,8199
-73,8197
-61,8196
72,8194
12,8192
-94,8191
42,8188
-32,8187
-20,8185
60,8184
10,8183
-49,8182
55,8181
61,8180
12,8179
37,8178
2,8177
49,8175
-14,8174
-17,8173
-32,8172
-45,8171
76,8170
16,8169
-69,8168
73,8167
-44,8166
-43,8165
55,8164
91,8162
17,8161
-66,8160
85,8159
26,8158
39,8157
-57,8156
-60,8154
59,8152
61,8151
22,8150
46,8149
-78,8148
-80,8147
45,8146
83,8145
-55,8144
23,8141
-9,8140
-13,8139
-100,8138
-41,8137
-88,8135
42,8130
-87,8129
51,8126
48,8125
39,8124
7,8123
44,8122
25,8121
75,8120
-23,8119
63,8117
-70,8115
-58,8114
47,8113
66,8110
45,8109
54,8108
20,8107
100,8105
3,8104
-12,8103
-90,8102
-57,8101
-3,8100
-31,8097
-89,8096
-48,8095
-25,8094
-66,8092
-12,8091
88,8090
25,8088
-93,8087
18,8086
-11,8085
-30,8084
-37,8079
-16,8077
16,8076
-96,8074
93,8073
80,8071
-89,8070
-73,8068
16,8066
-74,8065
92,8064
-97,8062
72,8061
-70,8060
-53,8059
-71,8058
90,8056
24,8055
-59,8050
98,8049
79,8048
75,8047
83,8046
-70,8045
81,8044
61,8043
-70,8042
72,8041
90,8039
45,8038
53,8037
-34,8036
71,8035
68,8034
-49,8033
59,8032
-29,8031
-9,8030
-33,8028
-39,8027
5,8026
15,8025
-5,8024
24,8021
56,8019
-53,8017
-3,8015
-56,8014
-9,8013
35,8012
15,8011
90,8010
-5,8009
29,8008
-64,8007
-55,8006
80,8005
1,8004
-24,8003
62,8000
-85,7999
-22,7996
14,7995
-99,7994
-51,7993
-99,7992
-52,7991
93,7990
-69,7989
84,7988
25,7987
80,7986
30,7985
-45,7981
21,7978
-21,7977
-19,7975
-60,7974
-74,7973
-98,7970
29,7969
22,7968
12,7967
-56,7966
14,7965
42,7962
42,7961
-85,7960
-2,7959
-44,7958
25,7954
-20,7953
2,7952
75,7950
67,7949
22,7948
-40,7947
91,7946
90,7943
56,7942
-84,7941
-71,7940
72,7939
-65,7938
-53,7937
-4,7936
97,7935
99,7934
98,7933
-62,7932
95,7931
-31,7928
49,7927
-50,7926
-22,7925
-61,7924
-73,7922
86,7920
15,7918
-30,7916
-41,7914
-51,7912
-91,7911
-45,7910
-30,7908
-51,7907
92,7906
36,7905
-18,7904
81,7901
1,7900
42,7898
-16,7897
64,7896
81,7895
11,7893
-74,7892
76,7891
-88,7890
24,7888
0,7887
81,7886
-36,7882
-9,7881
63,7880
30,7879
16,7878
48,7877
22,7876
47,7875
19,7873
30,7870
-65,7868
-71,7866
-96,7865
47,7864
-29,7862
-51,7861
7,7860
14,7859
-61,7858
75,7857
-27,7856
-73,7855
-71,7854
36,7853
94,7851
40,7850
12,7849
32,7848
14,7847
50,7846
-27,7844
-57,7843
-37,7842
-100,7841
51,7840
-70,7839
-21,7838
90,7837
-22,7836
-84,7834
-11,7831
19,7829
1,7828
26,7826
54,7825
39,7824
90,7823
-11,7822
61,7821
-91,7820
-47,7818
-49,7816
-8,7815
-12,7814
6,7813
7,7812
91,7811
-69,7810
-52,7809
-45,7808
-94,7807
70,7806
20,7804
-24,7802
2,7801
79,7800
-64,7799
-17,7798
-46,7794
-3,7792
-67,7791
-84,7790
32,7789
66,7788
-66,7786
-75,7785
12,7783
5,7782
43,7779
-38,7778
81,7776
-95,7774
-52,7773
-31,7772
74,7771
53,7769
77,7768
73,7766
20,7765
-72,7763
96,7762
38,7761
-68,7760
-47,7758
-89,7756
-49,7755
-6,7753
80,7752
28,7751
-69,7750
31,7749
-64,7748
79,7747
49,7746
97,7745
-16,7743
-4,7740
-30,7739
28,7738
-56,7737
12,7735
-70,7734
79,7733
-14,7730
-83,7729
55,7727
-75,7726
88,7724
-53,7723
87,7722
31,7721
72,7720
-63,7718
-1,7715
-97,7714
79,7712
53,7710
-94,7709
-100,7707
6,7706
52,7705
-43,7704
-51,7702
78,7701
-30,7697
100,7696
48,7695
21,7694
-100,7692
-49,7691
49,7690
43,7689
19,7688
79,7687
-88,7686
-62,7683
-69,7682
63,7681
16,7679
-88,7678
77,7676
-100,7675
74,7673
22,7672
10,7671
28,7670
-32,7669
34,7668
-73,7667
95,7665
-21,7664
14,7663
-18,7662
-95,7661
85,7660
94,7659
-9,7657
-58,7656
-82,7655
12,7654
-18,7652
-46,7651
-17,7650
23,7649
30,7648
51,7647
-100,7646
-77,7645
71,7644
-15,7642
41,7641
60,7640
75,7639
48,7637
-69,7636
73,7635
-31,7634
-93,7633
92,7632
47,7631
28,7628
-61,7627
63,7626
-30,7625
82,7623
-46,7622
-41,7620
74,7619
52,7618
0,7616
50,7615
-76,7614
-63,7613
21,7612
15,7609
-59,7608
-66,7607
-32,7606
5,7605
-22,7603
66,7601
65,7598
43,7597
97,7596
-61,7595
-79,7594
-3,7593
-78,7592
69,7591
-40,7590
-45,7589
12,7587
72,7586
-16,7585
-30,7584
81,7583
-35,7581
-34,7580
-3,7579
-6,7578
8,7577
32,7576
24,7575
-34,7574
-94,7572
-41,7571
79,7570
-85,7569
91,7568
76,7567
-47,7564
60,7563
3,7562
-43,7561
75,7560
77,7559
92,7558
54,7556
-47,7555
-6,7554
-56,7553
-21,7552
-34,7551
-55,7550
16,7548
26,7547
88,7546
34,7545
-54,7543
56,7541
-3,7537
9,7536
17,7535
-58,7534
7,7533
85,7532
-86,7531
0,7530
29,7529
-5,7528
-26,7526
94,7525
-6,7521
-20,7520
31,7519
28,7518
83,7517
43,7516
78,7515
-73,7514
-71,7513
92,7510
-48,7509
-73,7508
-91,7505
-36,7504
-25,7503
-82,7502
64,7501
-10,7500
-41,7499
87,7498
59,7496
-75,7495
-57,7494
-42,7492
-3,7491
-46,7490
90,7489
88,7487
100,7486
5,7485
-93,7484
21,7483
49,7481
76,7480
12,7479
-17,7478
-90,7477
96,7476
50,7475
6,7474
-3,7472
-22,7471
26,7470
18,7469
-40,7466
-53,7465
47,7463
-63,7462
-26,7461
33,7460
18,7458
9,7457
-100,7456
19,7455
-77,7454
42,7453
35,7452
-40,7451
-49,7450
96,7449
51,7448
-27,7447
2,7446
59,7444
-33,7443
-85,7442
76,7441
-31,7440
39,7439
-36,7438
16,7437
-66,7435
1,7434
-83,7433
98,7432
18,7431
91,7430
-74,7428
-100,7427
79,7426
-69,7425
85,7424
-98,7423
-76,7422
99,7421
-51,7420
44,7419
-31,7417
0,7416
77,7415
-91,7414
-43,7413
22,7412
-71,7411
22,7410
24,7409
24,7408
-22,7406
8,7405
96,7404
-98,7402
-23,7401
-3,7399
92,7398
22,7397
-35,7396
35,7395
13,7393
32,7392
-59,7391
72,7389
2,7388
15,7387
73,7386
88,7385
15,7383
13,7382
-55,7380
-53,7378
-61,7376
35,7375
40,7374
-42,7372
30,7371
54,7370
-11,7369
61,7368
-15,7366
80,7365
-43,7364
-79,7363
85,7361
-10,7360
81,7359
36,7357
-14,7356
-47,7355
-31,7353
7,7352
53,7351
-32,7350
-16,7349
-11,7348
-70,7347
-68,7346
42,7345
-86,7344
99,7343
-70,7342
0,7341
59,7340
57,7339
86,7337
-97,7336
-100,7335
36,7334
81,7333
-89,7332
-31,7331
-85,7329
-51,7326
-52,7325
25,7324
18,7322
69,7321
-50,7319
66,7317
22,7316
100,7315
48,7312
8,7311
-31,7309
-39,7308
11,7307
34,7306
92,7305
85,7304
75,7303
-72,7301
-22,7300
58,7299
80,7296
-27,7294
81,7293
89,7292
12,7291
-67,7290
-55,7288
-55,7287
-93,7286
-55,7284
74,7283
52,7282
23,7281
-11,7280
-88,7279
47,7278
-55,7277
33,7276
97,7275
32,7274
-54,7273
94,7272
-83,7271
-13,7270
-75,7269
63,7268
1,7266
99,7264
7,7262
11,7260
-65,7258
89,7257
91,7254
68,7253
95,7252
58,7251
-35,7250
83,7249
60,7248
52,7246
66,7244
-56,7243
70,7242
76,7241
-71,7240
68,7239
-57,7237
-30,7236
-72,7235
-36,7233
33,7231
51,7230
19,7227
46,7225
0,7224
6,7222
48,7221
65,7220
-67,7219
91,7218
82,7217
-1,7216
79,7215
-14,7214
-77,7212
48,7211
-88,7210
5,7208
91,7205
48,7204
-72,7203
-30,7200
-97,7199
-29,7198
40,7197
-1,7196
35,7195
-23,7194
-41,7192
23,7190
-57,7189
79,7188
20,7187
-4,7186
100,7182
-15,7180
64,7178
89,7177
58,7175
-7,7174
80,7170
68,7169
-7,7168
-93,7167
-69,7165
-70,7163
-47,7162
79,7161
11,7159
98,7157
20,7156
96,7155
27,7153
8,7150
-43,7149
85,7148
-54,7147
13,7146
1,7145
-76,7144
15,7143
53,7142
74,7140
83,7139
-20,7138
-68,7137
45,7136
-62,7135
-80,7134
87,7133
-15,7130
-57,7129
23,7128
-86,7127
-65,7126
-8,7125
53,7124
7,7123
12,7120
-44,7119
74,7118
-42,7116
21,7113
10,7111
-80,7110
77,7109
95,7108
63,7107
40,7106
-70,7104
70,7103
73,7102
-20,7101
75,7100
93,7099
9,7098
4,7096
87,7095
-1,7094
-79,7093
51,7091
15,7090
68,7089
86,7087
20,7086
-57,7085
-85,7084
-37,7080
-82,7077
-74,7076
-2,7075
-28,7074
27,7073
-92,7072
43,7071
49,7069
-90,7068
49,7066
23,7063
64,7062
-67,7060
16,7059
31,7058
15,7057
35,7054
83,7052
-25,7051
13,7050
-77,7048
10,7047
-75,7046
76,7045
85,7044
40,7043
-10,7042
-1,7039
22,7038
-38,7037
-30,7036
79,7035
63,7034
-52,7033
55,7032
74,7030
29,7028
-15,7027
24,7026
42,7025
-9,7024
77,7023
1,7022
-96,7021
49,7020
-13,7019
66,7017
42,7015
-57,7014
-40,7012
-42,7011
52,7010
-97,7009
86,7007
-37,7006
58,7004
-63,7003
-88,7002
-75,7001
86,6999
84,6996
-68,6993
-7,6992
-50,6991
99,6990
33,6987
72,6986
38,6985
64,6983
-57,6982
-72,6981
13,6980
-53,6979
1,6978
47,6977
17,6976
89,6975
-36,6974
-97,6973
-14,6971
-36,6970
82,6969
88,6968
1,6966
-38,6965
99,6964
-25,6963
83,6962
-15,6961
3,6960
82,6959
16,6958
28,6954
-98,6953
81,6950
-58,6949
38,6948
-81,6947
25,6945
91,6942
61,6941
-13,6940
-25,6938
-92,6936
-1,6935
-76,6934
100,6933
-17,6932
-62,6931
54,6930
-65,6929
11,6928
-47,6927
9,6926
-67,6923
97,6922
-70,6920
-20,6918
-22,6917
20,6916
73,6914
25,6913
-62,6912
11,6910
-89,6909
-36,6908
-60,6907
26,6906
-2,6905
-83,6904
14,6903
-53,6902
-64,6900
83,6899
-40,6898
17,6897
81,6896
50,6895
44,6893
33,6891
-41,6890
-40,6889
64,6888
53,6885
-3,6883
68,6882
-91,6881
-12,6880
85,6879
-100,6878
90,6876
35,6875
-76,6874
82,6873
-74,6870
43,6869
-68,6868
32,6866
23,6865
-21,6864
-76,6863
1,6860
4,6859
85,6857
-49,6856
71,6855
30,6853
-77,6852
13,6851
11,6850
43,6849
29,6848
26,6847
60,6846
-91,6843
-69,6841
-100,6840
-15,6838
-76,6837
40,6836
-98,6835
15,6834
2,6833
91,6832
-67,6831
71,6830
-64,6829
38,6827
-18,6824
24,6823
30,6822
-93,6821
-65,6820
16,6819
-75,6817
-15,6815
9,6814
68,6813
78,6811
-42,6810
76,6809
-95,6804
-88,6802
-87,6801
-76,6799
57,6798
21,6797
-32,6794
-91,6793
86,6791
58,6790
49,6789
-25,6788
79,6786
62,6783
-13,6782
-66,6779
64,6778
-40,6777
-63,6776
98,6774
-100,6773
-42,6772
68,6771
-59,6769
7,6767
71,6761
10,6759
7,6756
48,6754
94,6753
43,6752
-5,6751
-13,6750
-1,6749
64,6748
89,6747
-6,6746
70,6743
-45,6742
-62,6740
88,6738
50,6736
-7,6733
71,6730
-67,6728
45,6727
-23,6726
96,6725
7,6724
-82,6723
41,6722
-54,6721
-65,6720
-70,6719
64,6718
-72,6717
-92,6716
15,6714
82,6713
-32,6711
-79,6709
55,6708
-37,6707
61,6706
67,6703
-12,6702
-10,6701
28,6700
-38,6699
26,6697
-93,6696
-97,6695
26,6694
-6,6691
9,6689
98,6688
-95,6687
-45,6685
-41,6684
-77,6683
-4,6681
-71,6679
54,6678
55,6677
4,6675
78,6674
37,6671
58,6670
75,6668
80,6667
61,6666
-23,6665
-67,6664
31,6663
-9,6662
55,6661
88,6658
-29,6655
57,6654
70,6653
-45,6652
13,6651
8,6650
-29,6649
-5,6648
-6,6647
99,6646
-19,6644
-13,6641
22,6640
-98,6639
15,6638
-85,6637
-1,6636
50,6635
-57,6634
-96,6632
-47,6631
-67,6629
-75,6627
-80,6626
-67,6625
-98,6624
37,6623
-42,6622
-93,6621
17,6620
40,6619
86,6618
74,6617
-82,6616
26,6615
-29,6614
-7,6613
32,6612
-98,6611
40,6608
-98,6606
-80,6605
88,6604
-71,6603
-28,6602
-76,6601
67,6600
-48,6599
34,6598
53,6597
80,6596
92,6595
51,6594
-70,6593
60,6592
-74,6591
-50,6589
58,6588
0,6587
-86,6586
-42,6585
19,6583
46,6582
-65,6581
-68,6576
92,6575
-31,6574
-1,6573
-17,6572
-31,6570
5,6568
-24,6567
9,6566
-85,6564
-10,6563
7,6562
-91,6561
28,6560
13,6559
-5,6558
60,6557
-94,6556
53,6553
-83,6552
13,6551
57,6550
-25,6549
-11,6548
-14,6547
-13,6546
16,6545
-55,6544
-46,6543
-41,6542
83,6541
35,6540
85,6539
-6,6537
-6,6536
94,6535
-2,6534
-2,6532
-37,6531
-82,6530
95,6528
-68,6527
66,6525
-29,6523
97,6522
66,6521
65,6520
98,6519
94,6518
-61,6517
-18,6516
1,6515
12,6512
-5,6511
35,6510
65,6509
-47,6508
-45,6507
8,6506
-42,6505
100,6504
72,6503
-73,6500
-60,6499
-94,6498
95,6497
-46,6496
80,6495
70,6494
-86,6493
87,6492
37,6491
62,6490
-79,6489
15,6488
-37,6487
67,6485
98,6484
-80,6482
56,6481
-44,6479
-69,6478
-35,6477
-42,6476
-17,6474
-79,6473
95,6472
43,6471
-80,6469
-20,6466
0,6465
61,6463
-28,6462
-47,6461
1,6460
-58,6459
49,6458
45,6457
-94,6456
-83,6455
27,6454
-30,6453
-94,6452
89,6451
37,6449
88,6448
-63,6447
-65,6446
47,6444
-33,6443
16,6441
-74,6440
38,6438
-64,6436
55,6435
-51,6434
-41,6433
0,6432
-89,6431
-25,6430
-24,6429
59,6428
-68,6426
-86,6425
40,6423
-61,6422
11,6421
8,6420
-51,6419
-58,6418
-85,6416
-33,6415
-9,6414
17,6412
-16,6411
62,6410
-84,6409
-36,6408
-24,6406
-82,6405
-92,6404
-93,6403
-72,6402
-42,6401
55,6400
76,6399
-98,6398
19,6397
99,6396
5,6395
-41,6394
5,6393
28,6392
-91,6391
-43,6388
-86,6387
-10,6386
65,6385
75,6384
-23,6383
-28,6382
65,6381
-61,6380
47,6379
-70,6378
59,6377
22,6376
-59,6375
-72,6374
-19,6373
41,6372
-78,6371
41,6370
-6,6369
4,6367
-56,6366
-5,6365
56,6364
30,6362
-94,6361
-23,6360
35,6358
51,6357
89,6356
-22,6354
65,6353
21,6351
13,6350
-80,6349
82,6348
65,6347
-80,6346
7,6345
19,6344
-66,6343
-9,6342
75,6340
-19,6337
33,6335
-37,6334
-50,6333
6,6331
-46,6330
13,6329
56,6328
-91,6326
-41,6325
66,6324
74,6323
-22,6322
-54,6321
52,6320
73,6319
5,6318
65,6317
32,6316
-46,6315
42,6313
74,6312
-73,6311
-22,6310
84,6309
52,6308
-73,6306
67,6305
4,6304
-76,6301
-45,6300
14,6299
-24,6298
-87,6295
95,6293
33,6291
6,6289
-42,6288
-37,6287
19,6286
4,6285
-56,6284
-15,6283
6,6282
-91,6281
7,6280
-80,6279
-28,6278
75,6276
74,6275
91,6274
-19,6273
-57,6272
78,6271
-30,6269
-15,6267
-23,6266
-24,6265
46,6264
97,6263
99,6261
26,6259
57,6258
52,6257
56,6256
-53,6255
8,6254
-11,6253
-29,6252
72,6250
30,6249
63,6248
-76,6247
38,6245
69,6244
93,6243
-85,6242
-73,6241
-19,6240
-34,6239
91,6238
66,6237
-42,6235
-73,6233
-41,6232
-15,6231
67,6230
-45,6229
-14,6225
-87,6224
28,6223
-100,6221
-23,6220
-3,6219
-24,6218
-78,6217
59,6216
-54,6214
-94,6212
15,6211
-4,6210
-34,6209
49,6203
-15,6201
6,6200
55,6199
65,6198
-94,6197
-99,6196
-12,6195
-78,6194
-62,6193
-29,6192
-62,6191
-20,6190
-69,6188
-38,6187
-69,6186
43,6185
-28,6184
42,6183
-61,6182
-81,6181
67,6180
100,6179
5,6177
29,6176
-7,6175
44,6174
87,6173
-100,6172
85,6171
46,6170
-46,6168
-26,6167
93,6166
63,6164
-64,6163
25,6162
-3,6161
43,6159
-27,6158
76,6155
-6,6154
79,6153
50,6152
43,6151
-84,6150
14,6149
-4,6148
-96,6144
26,6140
59,6138
-72,6136
-81,6135
87,6134
-74,6133
45,6130
-13,6129
69,6128
-70,6127
-97,6126
99,6125
-1,6124
50,6121
3,6119
97,6118
77,6116
-17,6115
-69,6113
45,6111
73,6109
64,6106
-53,6105
-7,6104
28,6103
-7,6102
58,6100
77,6099
-59,6098
-85,6096
-100,6095
-36,6094
25,6093
84,6092
-39,6090
36,6087
84,6085
-69,6084
83,6081
-31,6080
7,6079
8,6078
-88,6077
27,6075
20,6074
-100,6072
21,6071
-2,6069
-48,6066
27,6065
100,6061
77,6060
-76,6057
-76,6055
41,6054
1,6053
-48,6052
-59,6051
76,6050
-82,6049
-61,6048
18,6046
-69,6045
29,6044
-62,6043
-98,6042
22,6041
-31,6040
87,6039
-67,6038
22,6037
-82,6035
-41,6033
-77,6032
14,6031
6,6030
67,6029
8,6027
48,6026
43,6025
80,6024
-75,6023
78,6022
0,6020
27,6019
-89,6018
86,6017
67,6016
-52,6015
33,6012
31,6011
21,6010
-34,6008
28,6006
-5,6005
-5,6004
-63,6003
97,6002
-82,6001
82,6000
45,5999
39,5997
80,5996
-20,5994
-53,5993
76,5990
17,5989
-73,5987
28,5986
-68,5984
80,5983
-90,5982
-34,5981
-41,5979
86,5978
-12,5977
-70,5976
-74,5975
-72,5972
12,5971
49,5970
23,5969
44,5967
98,5966
98,5965
81,5963
-54,5962
61,5959
-64,5957
-97,5956
-59,5955
-26,5954
-46,5953
59,5951
35,5949
-27,5948
66,5947
93,5946
32,5945
-19,5944
-23,5943
-53,5942
-7,5941
75,5939
50,5938
-38,5936
-61,5933
-97,5932
-9,5931
-33,5930
-42,5927
21,5926
-39,5925
-63,5924
32,5923
56,5921
-94,5920
-24,5919
-53,5918
75,5916
-99,5914
39,5912
-85,5911
-56,5908
46,5907
-80,5904
5,5903
32,5902
-60,5901
96,5899
-76,5897
63,5896
-74,5893
61,5892
72,5891
34,5890
-91,5889
2,5888
36,5886
-4,5885
-56,5884
50,5883
-87,5882
-29,5881
-61,5880
6,5879
-88,5878
75,5877
-73,5876
-74,5875
-65,5874
28,5872
37,5870
84,5868
20,5867
31,5866
-100,5865
67,5864
83,5862
95,5860
-67,5858
-48,5857
-63,5856
77,5855
-34,5854
-50,5852
-32,5851
-9,5850
29,5849
24,5848
17,5847
65,5846
-20,5845
-94,5844
-41,5843
31,5839
-7,5838
58,5837
-46,5836
79,5835
-80,5834
-67,5833
-38,5832
-7,5831
-46,5829
-77,5828
94,5825
-76,5824
-100,5823
-98,5822
15,5821
43,5819
-26,5817
-20,5816
56,5815
4,5814
69,5813
-98,5810
-10,5808
16,5807
-45,5806
-2,5805
-77,5804
-1,5803
51,5801
71,5799
-62,5798
-98,5797
55,5796
85,5795
32,5794
-3,5793
39,5792
88,5791
-26,5790
-84,5788
6,5787
8,5786
-9,5785
19,5784
-65,5783
31,5781
29,5780
22,5779
-63,5778
55,5777
75,5776
-40,5774
-73,5773
68,5772
81,5771
45,5770
68,5769
-52,5768
-85,5767
-36,5766
-58,5765
40,5764
-13,5762
7,5761
-51,5760
43,5758
91,5757
43,5752
-18,5751
17,5750
61,5748
80,5747
0,5746
64,5745
55,5744
-15,5743
0,5742
78,5741
87,5740
88,5739
-22,5737
-12,5736
-24,5733
58,5731
-75,5728
26,5727
63,5726
-46,5725
81,5724
-37,5722
-50,5721
57,5720
-3,5719
69,5718
95,5717
28,5715
-72,5713
-12,5712
59,5711
36,5710
28,5709
-70,5708
82,5706
13,5705
-94,5704
16,5702
-82,5701
-56,5700
75,5699
3,5697
-99,5696
-100,5695
42,5694
-13,5693
50,5690
-87,5689
36,5686
-58,5684
34,5683
39,5682
54,5680
38,5679
8,5678
-52,5677
28,5676
15,5675
-93,5674
78,5673
93,5672
14,5669
86,5668
-83,5667
10,5666
63,5665
68,5664
-50,5661
88,5660
-26,5659
-77,5658
-34,5657
13,5653
50,5652
-73,5651
58,5650
-59,5648
-97,5647
75,5646
94,5645
21,5644
-52,5643
-11,5642
-87,5641
-41,5640
3,5639
44,5638
-20,5635
11,5634
14,5633
-11,5632
-40,5631
4,5629
-15,5628
-48,5625
-89,5623
66,5622
19,5621
-51,5620
-22,5618
54,5616
-77,5615
-49,5614
53,5613
68,5612
2,5611
-25,5610
-7,5609
-6,5608
-91,5607
94,5606
-58,5605
-17,5603
-50,5602
-41,5601
-52,5600
55,5599
35,5598
-29,5597
-4,5596
-71,5595
84,5594
-6,5592
88,5591
8,5590
64,5589
-38,5588
58,5587
95,5583
35,5582
-55,5581
-19,5580
84,5579
58,5578
-5,5577
49,5575
-73,5574
7,5573
-7,5572
-70,5571
4,5570
-39,5569
-70,5568
-73,5567
1,5566
63,5564
3,5562
70,5560
31,5558
-79,5557
-21,5556
96,5553
-3,5550
92,5549
36,5545
-5,5544
-61,5543
-80,5542
45,5541
90,5540
-50,5539
-20,5538
2,5537
8,5536
96,5535
100,5534
88,5533
-36,5532
36,5529
-34,5528
38,5527
-47,5526
78,5525
84,5523
84,5520
77,5518
-98,5517
8,5515
71,5514
-42,5513
-36,5512
98,5511
-38,5510
29,5509
-100,5508
-32,5507
65,5506
76,5505
-55,5503
-62,5502
89,5500
53,5499
88,5498
-74,5495
30,5494
15,5492
-43,5491
-92,5490
-88,5488
41,5487
92,5486
14,5485
19,5484
-1,5483
-23,5481
91,5480
-56,5479
16,5478
-28,5477
-75,5475
78,5474
-78,5473
-66,5470
7,5467
49,5465
-68,5464
-23,5462
-63,5461
31,5460
-93,5458
-10,5457
19,5456
86,5455
-48,5454
15,5452
3,5451
68,5450
-94,5448
-75,5447
-53,5446
44,5445
56,5444
-51,5443
-67,5441
-85,5440
-9,5439
-47,5438
-28,5437
-69,5436
-87,5435
-77,5434
100,5433
-41,5432
-73,5431
-47,5430
-61,5429
35,5428
-26,5427
-23,5426
-43,5425
-17,5424
-97,5423
-88,5422
-93,5421
-44,5419
-49,5418
17,5417
89,5415
-26,5414
74,5413
-23,5412
81,5411
57,5410
-65,5409
38,5408
-87,5407
39,5406
-97,5405
78,5403
-44,5402
28,5400
88,5399
-74,5397
-67,5396
-34,5394
37,5393
18,5392
26,5391
96,5389
-82,5388
71,5387
19,5386
92,5385
3,5384
-79,5383
-36,5382
-15,5380
76,5378
-33,5377
10,5375
-85,5374
-55,5370
-17,5369
-22,5367
42,5366
-95,5365
-82,5364
-41,5363
94,5362
-57,5361
96,5359
-45,5358
51,5357
65,5355
-82,5354
-86,5353
-12,5352
14,5351
45,5350
-76,5349
57,5347
62,5346
-37,5345
-83,5344
60,5342
-25,5341
2,5340
8,5339
30,5338
62,5337
-16,5334
-58,5333
-35,5332
99,5331
65,5330
39,5328
-23,5325
53,5324
-86,5322
-87,5320
59,5318
-50,5317
-85,5316
-51,5315
66,5314
-95,5311
8,5310
57,5308
31,5307
-12,5306
-35,5305
70,5304
-37,5303
-55,5301
-29,5300
72,5299
15,5298
53,5297
2,5296
97,5289
-49,5287
73,5286
-79,5285
52,5283
17,5282
21,5281
47,5279
33,5278
-92,5277
-67,5276
42,5275
-16,5274
-1,5272
58,5271
-49,5270
-52,5269
-5,5268
43,5267
-62,5265
-94,5264
-35,5263
-10,5262
44,5260
-3,5259
2,5257
67,5256
-13,5255
-98,5254
-98,5252
18,5251
-94,5250
-37,5249
-100,5248
47,5247
-86,5246
47,5245
-2,5244
6,5243
63,5242
32,5241
54,5240
-61,5239
10,5238
-56,5237
-86,5236
0,5234
63,5232
43,5231
62,5230
99,5229
-28,5227
-55,5224
10,5223
36,5222
-5,5221
32,5220
-33,5219
-86,5218
-59,5216
27,5215
-31,5214
-14,5213
-73,5212
70,5210
-90,5208
-16,5207
43,5205
91,5203
96,5202
43,5201
-35,5200
42,5199
-64,5198
-22,5196
64,5195
22,5194
-46,5192
81,5191
82,5190
-10,5188
-54,5186
-81,5184
5,5183
64,5182
53,5181
93,5180
-36,5179
-22,5177
-30,5176
-42,5175
-92,5174
-48,5173
-33,5172
-3,5170
-63,5169
-65,5168
-54,5167
-23,5165
4,5164
-12,5163
-73,5162
100,5160
-43,5159
-90,5158
53,5157
4,5156
-32,5155
-37,5154
-14,5153
-74,5152
-68,5150
-60,5149
-48,5146
-48,5144
43,5143
-16,5142
-12,5141
21,5140
-14,5139
-22,5138
60,5137
-67,5136
-4,5135
-82,5134
-84,5133
-8,5132
-33,5131
-85,5130
-80,5128
-94,5127
-30,5125
89,5124
-7,5122
-37,5121
100,5120
-9,5119
24,5118
24,5117
-71,5116
-84,5115
19,5113
-7,5108
-24,5107
17,5106
0,5105
0,5104
-42,5103
-88,5102
66,5100
48,5099
83,5097
-96,5096
-98,5095
90,5093
-17,5092
-57,5090
-58,5088
-64,5087
-92,5086
-51,5085
-7,5084
93,5083
-63,5082
-43,5081
20,5080
18,5079
50,5078
-77,5077
8,5076
62,5075
-82,5074
-20,5073
34,5072
66,5071
26,5070
39,5068
11,5067
75,5066
-38,5065
-9,5064
28,5063
-32,5062
-65,5061
-78,5060
-84,5059
-70,5058
81,5057
73,5055
88,5054
100,5053
-26,5051
-82,5050
-32,5049
-43,5048
40,5046
59,5045
29,5044
-91,5043
21,5042
54,5041
-57,5040
96,5039
-44,5037
73,5036
60,5035
67,5034
-62,5033
57,5032
-7,5030
39,5029
17,5028
-21,5027
48,5026
-56,5024
85,5023
-35,5021
47,5020
35,5019
92,5018
41,5017
31,5016
-99,5015
14,5014
-58,5013
-16,5012
15,5011
47,5009
-42,5006
92,5005
16,5004
-88,5003
-18,5002
-64,5000
-12,4999
-68,4997
50,4995
81,4994
7,4993
96,4991
-78,4989
-92,4988
60,4987
-71,4986
43,4985
-73,4983
49,4982
-56,4981
79,4980
98,4979
-69,4977
36,4976
-1,4975
-68,4974
-65,4973
69,4972
-89,4970
71,4969
36,4966
47,4965
82,4964
63,4963
7,4962
-36,4961
63,4960
47,4957
38,4956
-46,4955
-66,4954
-32,4953
-78,4952
80,4951
-23,4950
-8,4949
45,4948
-70,4947
13,4946
78,4944
-58,4942
72,4941
-21,4940
-73,4939
-7,4937
97,4936
97,4935
33,4934
17,4933
59,4931
-2,4929
-64,4928
51,4926
90,4925
87,4923
79,4922
-93,4920
-5,4919
47,4918
25,4916
-76,4915
-77,4913
77,4912
75,4911
69,4909
-3,4908
-80,4906
77,4905
44,4903
-89,4902
88,4901
-30,4900
61,4899
-86,4898
33,4896
-52,4894
-54,4893
8,4892
-52,4890
-95,4888
16,4887
70,4884
3,4883
-22,4882
65,4881
-23,4879
-42,4878
21,4877
93,4876
4,4875
78,4874
28,4872
87,4871
-89,4870
-66,4869
-7,4866
100,4865
94,4864
-64,4863
-1,4862
-94,4861
-59,4859
35,4857
32,4856
-50,4855
-25,4853
-63,4852
-69,4850
-9,4848
-82,4847
-33,4844
-6,4842
-38,4841
22,4840
68,4838
32,4837
-8,4836
8,4831
91,4829
-23,4828
-83,4827
-47,4826
49,4824
-97,4823
-22,4822
41,4821
83,4820
30,4819
-63,4818
-96,4817
-70,4816
72,4814
84,4813
-64,4812
-15,4811
-89,4810
20,4809
-92,4808
-64,4806
-42,4805
92,4803
-36,4802
-4,4801
-80,4800
-46,4799
24,4798
-84,4797
-39,4796
7,4793
26,4792
54,4791
-11,4790
-9,4789
35,4788
34,4787
31,4786
-38,4785
18,4784
34,4782
-37,4779
98,4777
-45,4776
-17,4774
9,4772
-23,4771
-7,4768
95,4766
-92,4765
22,4764
27,4763
75,4762
73,4761
-57,4760
100,4759
-30,4758
-67,4757
-54,4756
-64,4755
62,4754
8,4752
90,4747
79,4746
-34,4743
-27,4741
68,4740
-43,4739
25,4738
39,4737
-25,4735
71,4734
-70,4733
1,4732
-6,4730
59,4729
65,4728
94,4727
77,4725
90,4723
-93,4719
-95,4717
70,4715
45,4714
2,4713
90,4712
-68,4711
81,4710
-97,4708
7,4707
59,4704
-81,4703
-30,4702
-28,4701
22,4700
-6,4699
6,4697
-79,4696
43,4695
28,4693
-95,4692
53,4690
36,4689
82,4688
27,4687
75,4686
2,4685
34,4684
10,4683
89,4682
-91,4681
-15,4679
50,4676
-71,4673
-84,4671
12,4670
-33,4669
21,4668
75,4667
-32,4666
53,4662
5,4660
31,4659
-75,4656
-53,4655
22,4653
-75,4652
62,4651
-13,4650
56,4649
62,4648
23,4646
67,4644
-69,4643
84,4640
25,4639
-56,4637
50,4635
-100,4634
-25,4632
-48,4630
-25,4629
-76,4627
-93,4626
88,4625
95,4624
-67,4623
65,4617
-48,4614
41,4613
-34,4612
-28,4610
70,4608
-73,4607
-47,4604
-34,4603
49,4601
19,4600
-84,4598
39,4597
23,4595
88,4594
-13,4592
53,4590
-65,4589
96,4587
62,4586
-98,4585
24,4583
37,4582
94,4581
-64,4580
-6,4579
-28,4578
60,4577
-7,4576
38,4575
-71,4574
27,4573
75,4572
-19,4571
-27,4569
88,4567
72,4566
-76,4565
81,4564
22,4563
50,4562
72,4561
-86,4560
-57,4558
-58,4556
38,4555
-12,4553
54,4552
-77,4551
22,4550
92,4549
-99,4548
75,4547
-100,4545
86,4543
-30,4542
-72,4541
-82,4540
95,4537
-55,4535
9,4534
-100,4533
-30,4532
-86,4531
-58,4530
-27,4529
32,4527
62,4524
54,4523
74,4522
49,4521
-40,4520
-52,4519
-55,4518
-57,4517
-60,4516
-39,4515
89,4514
81,4512
23,4510
-2,4509
-16,4508
76,4507
99,4504
89,4503
19,4502
32,4501
23,4500
-14,4499
74,4496
16,4495
-62,4494
91,4492
-83,4491
-13,4490
45,4488
42,4487
-89,4486
94,4484
64,4483
56,4482
-39,4481
83,4480
-80,4478
80,4477
-73,4476
-89,4475
23,4473
-48,4471
-18,4470
-3,4469
-46,4467
-69,4466
-33,4464
-90,4463
-34,4462
40,4461
-39,4460
56,4459
-34,4458
-64,4457
83,4456
23,4455
81,4454
-84,4452
21,4451
-8,4450
56,4447
-19,4446
-40,4444
92,4443
-10,4442
-10,4441
41,4440
75,4437
-44,4436
13,4435
-87,4434
-12,4433
65,4432
85,4431
-96,4430
-25,4429
-32,4428
52,4427
-65,4426
56,4424
-12,4423
83,4422
54,4420
-58,4419
43,4418
6,4417
-100,4415
-94,4414
-38,4413
-37,4411
5,4410
42,4409
21,4408
58,4407
-18,4406
-34,4404
-82,4403
-76,4402
21,4401
-15,4400
97,4399
-89,4398
51,4397
-93,4396
64,4395
16,4393
69,4391
79,4390
24,4389
-95,4387
72,4386
-26,4385
-20,4384
-25,4383
-20,4382
67,4379
-95,4378
87,4374
-73,4373
-83,4371
-36,4370
-54,4369
43,4367
8,4366
27,4364
-35,4363
57,4361
16,4359
-11,4358
-94,4357
26,4356
8,4355
65,4354
-68,4353
38,4351
-31,4350
-67,4349
-9,4348
33,4346
5,4345
-36,4344
9,4343
38,4341
-95,4340
15,4338
-17,4337
-87,4336
56,4334
49,4333
69,4332
67,4330
53,4329
-56,4328
22,4327
87,4325
-14,4324
-69,4323
90,4321
93,4320
-8,4319
-18,4318
-20,4316
-27,4315
-91,4314
9,4313
19,4312
46,4311
43,4310
97,4309
-35,4307
-9,4304
-7,4303
84,4302
69,4300
-68,4299
-42,4298
61,4297
-39,4295
43,4294
-44,4293
29,4292
17,4291
-81,4290
60,4288
-78,4287
25,4286
-1,4284
61,4283
7,4281
74,4280
41,4279
83,4278
51,4277
-98,4276
-56,4275
6,4273
24,4271
-46,4269
-13,4267
-31,4265
27,4264
3,4263
-100,4262
37,4261
-46,4260
-63,4259
46,4258
-51,4257
-55,4256
77,4255
44,4254
-96,4253
-67,4252
81,4251
73,4250
89,4248
-19,4246
-60,4245
-97,4243
45,4242
-34,4241
-22,4238
-94,4237
49,4235
64,4233
-63,4232
30,4231
79,4230
100,4229
-12,4227
-77,4226
-21,4225
-88,4224
-98,4223
61,4222
7,4221
-73,4220
88,4219
11,4218
55,4217
18,4216
60,4215
-21,4214
-77,4213
6,4212
-16,4211
35,4210
50,4209
-81,4208
79,4206
-44,4205
-79,4204
53,4203
71,4202
-10,4201
-23,4200
-75,4199
46,4196
20,4195
11,4194
-27,4193
86,4192
-47,4191
-28,4190
-56,4189
72,4188
-38,4187
-48,4185
-71,4183
-11,4182
-3,4181
48,4179
-84,4176
-41,4174
92,4173
-80,4172
-22,4170
-11,4169
46,4167
93,4166
0,4165
-97,4164
74,4162
47,4161
-68,4160
78,4159
-26,4157
-86,4156
-39,4155
-59,4154
24,4152
96,4151
-10,4150
91,4148
53,4147
-5,4146
-18,4145
-97,4144
-75,4143
-53,4142
0,4141
-32,4140
-65,4138
98,4137
-37,4136
48,4135
-60,4132
-51,4131
71,4130
95,4129
32,4128
-46,4127
20,4126
-34,4125
-98,4124
-97,4121
-11,4120
-90,4118
4,4117
18,4116
67,4115
-39,4114
30,4113
14,4112
94,4111
92,4110
55,4109
-56,4108
-30,4107
14,4104
20,4103
97,4101
-29,4100
77,4096
48,4095
-79,4094
-99,4091
52,4090
34,4089
49,4088
34,4087
-59,4086
-46,4085
-24,4084
45,4081
34,4080
94,4078
-15,4077
-9,4075
54,4074
79,4073
-86,4071
-61,4070
46,4068
-95,4067
-61,4065
6,4063
83,4062
-69,4061
98,4060
-25,4059
-89,4058
-55,4057
-49,4056
78,4054
63,4053
27,4051
-77,4050
31,4049
19,4048
85,4047
93,4043
75,4042
-13,4040
62,4039
56,4037
-58,4036
-32,4035
85,4034
100,4033
-6,4031
-11,4030
-61,4029
100,4026
-28,4025
27,4024
53,4023
-61,4016
-38,4015
-99,4014
-86,4012
-88,4011
1,4010
-33,4009
-23,4007
55,4006
12,4005
84,4002
26,4001
97,4000
93,3997
-13,3994
83,3993
-77,3992
95,3990
-96,3989
85,3986
-44,3985
-96,3983
32,3982
34,3980
-27,3979
65,3978
-16,3977
38,3976
-17,3975
-22,3974
-26,3973
24,3972
-26,3971
79,3970
-69,3969
4,3968
19,3967
12,3966
-96,3965
-7,3964
-43,3963
68,3961
-24,3960
43,3959
-9,3958
39,3957
63,3956
37,3955
-58,3954
-19,3953
12,3952
56,3949
45,3948
40,3946
-23,3945
-55,3944
82,3943
-74,3942
-1,3940
91,3937
5,3936
-87,3934
-94,3933
-79,3932
-91,3931
99,3929
75,3928
24,3927
55,3926
89,3925
3,3924
41,3923
-71,3922
1,3921
-79,3920
78,3919
-16,3918
-53,3917
28,3916
-51,3915
-54,3913
-75,3912
-77,3910
-45,3908
-15,3907
97,3906
-4,3905
-64,3902
-80,3900
21,3899
11,3898
82,3897
-9,3896
-75,3895
28,3893
100,3891
100,3890
-67,3889
-42,3888
-11,3887
-89,3884
-60,3883
-24,3882
61,3881
-36,3879
1,3878
70,3877
-14,3876
-48,3875
76,3874
83,3873
45,3872
-49,3871
41,3870
54,3869
-76,3868
69,3865
-79,3864
27,3863
2,3862
-26,3860
74,3859
5,3858
42,3857
34,3856
-29,3855
-26,3854
-2,3852
12,3851
-30,3849
79,3848
-5,3846
-84,3845
-59,3843
-55,3842
2,3841
3,3840
44,3838
-42,3837
-82,3836
-24,3835
-15,3834
60,3832
99,3831
62,3830
-66,3829
-38,3828
74,3827
38,3825
-15,3824
23,3822
23,3821
10,3819
-21,3818
24,3817
-83,3816
-99,3814
-12,3813
100,3812
58,3811
-57,3810
-39,3809
-92,3807
-40,3806
-6,3805
-52,3804
90,3803
-73,3801
82,3800
-60,3799
93,3797
-31,3794
34,3793
-78,3792
-80,3791
96,3788
40,3787
74,3786
-87,3784
79,3783
54,3782
98,3781
81,3780
-96,3778
-8,3777
-85,3776
-94,3775
-40,3773
89,3772
-77,3771
79,3770
64,3769
95,3768
-84,3767
-59,3766
-98,3765
28,3763
-49,3761
52,3760
-79,3759
2,3758
-59,3757
5,3755
6,3753
94,3752
-82,3751
76,3750
-34,3749
25,3748
-44,3746
-70,3745
-6,3744
82,3743
20,3741
-86,3740
65,3739
50,3738
24,3736
-31,3735
60,3734
26,3732
-26,3731
89,3730
81,3728
-42,3727
77,3726
-4,3725
-91,3724
-26,3722
-4,3721
56,3719
23,3716
-36,3715
-17,3713
75,3711
-5,3709
21,3708
78,3707
10,3706
66,3705
50,3704
-75,3703
-84,3702
51,3700
-53,3698
-26,3697
34,3696
47,3695
19,3694
-49,3693
66,3691
63,3690
-62,3689
-95,3687
-62,3686
-81,3685
-44,3684
-32,3683
7,3679
-90,3678
-98,3677
-15,3676
-87,3675
89,3674
10,3672
2,3671
28,3670
20,3669
83,3668
67,3667
-88,3666
53,3665
61,3663
-38,3660
12,3659
-8,3658
-80,3656
64,3655
8,3654
64,3653
-16,3651
-50,3649
59,3648
14,3647
12,3645
-11,3644
-26,3643
80,3642
-65,3641
18,3639
100,3635
19,3633
86,3631
-38,3629
-100,3627
34,3625
80,3623
-67,3622
-90,3619
-85,3616
70,3615
-66,3614
65,3612
24,3611
-21,3610
-97,3609
54,3608
77,3607
-35,3605
-62,3604
44,3602
44,3599
17,3598
-85,3597
-50,3596
8,3595
33,3594
99,3592
-87,3591
91,3590
51,3588
35,3587
-7,3585
-3,3583
-82,3582
39,3581
26,3580
-12,3577
1,3575
-7,3574
77,3573
7,3572
-97,3569
-46,3568
90,3567
-87,3566
-9,3565
37,3564
-37,3563
-10,3562
54,3560
46,3559
3,3557
-10,3556
31,3555
-29,3553
5,3551
55,3550
-10,3549
72,3548
-84,3547
32,3546
12,3544
-12,3543
-23,3542
67,3541
-91,3540
-79,3539
-84,3538
-20,3537
46,3536
82,3533
-56,3532
69,3530
42,3529
-35,3528
-62,3527
26,3526
-63,3525
-97,3524
-58,3523
69,3522
-64,3521
13,3520
-61,3519
12,3518
76,3517
-80,3516
87,3515
94,3514
92,3513
53,3512
-19,3511
97,3510
39,3509
27,3508
82,3507
-84,3506
98,3505
-98,3504
7,3503
-60,3501
-14,3500
-51,3499
-55,3497
80,3495
-42,3493
66,3492
90,3491
-31,3489
13,3488
1,3487
99,3486
-82,3484
-76,3483
87,3481
18,3479
100,3478
-49,3477
-64,3476
77,3475
-37,3474
80,3473
-70,3472
-76,3471
78,3469
-67,3468
-39,3467
71,3466
63,3464
35,3463
-45,3462
25,3461
28,3460
79,3456
97,3455
-23,3454
99,3452
-55,3451
-37,3450
53,3448
-83,3447
-77,3446
-85,3444
74,3442
-34,3441
-77,3439
-41,3438
98,3437
-67,3436
-5,3434
-41,3433
80,3432
7,3431
12,3430
-83,3429
87,3428
1,3424
90,3423
-37,3422
14,3421
-11,3420
-28,3418
-91,3416
60,3415
3,3414
40,3413
-87,3411
-28,3410
12,3408
82,3407
93,3406
91,3405
2,3401
-24,3400
-26,3398
17,3397
-100,3395
68,3394
-58,3392
95,3389
-58,3388
18,3387
54,3385
-88,3384
56,3383
-50,3382
-4,3381
76,3380
-54,3379
-66,3378
-72,3377
-55,3376
-99,3375
-52,3371
73,3368
75,3367
86,3366
-23,3365
-38,3364
56,3361
85,3360
91,3359
73,3358
35,3357
-33,3356
-90,3354
-49,3353
63,3352
37,3351
81,3350
71,3349
33,3346
74,3345
-26,3344
67,3343
79,3341
-54,3340
44,3339
64,3338
-60,3337
26,3336
95,3335
-100,3333
93,3332
89,3331
-52,3330
42,3329
53,3328
-79,3327
-60,3326
-96,3324
71,3323
61,3322
-24,3321
75,3320
34,3319
45,3318
56,3316
-19,3315
-62,3314
70,3313
35,3312
-37,3311
-74,3309
-4,3308
-74,3306
13,3305
2,3303
-45,3302
54,3301
71,3300
-39,3299
-79,3298
66,3297
-51,3294
9,3292
70,3291
97,3290
-71,3288
-16,3287
-2,3286
-48,3285
81,3284
0,3283
-38,3282
-42,3281
91,3280
-37,3279
-5,3278
-27,3277
58,3276
-19,3275
11,3273
-29,3272
15,3271
9,3269
-20,3267
-21,3265
-35,3263
28,3262
54,3259
20,3258
99,3256
-86,3253
-65,3251
-59,3250
100,3249
-80,3247
-28,3245
56,3244
57,3243
64,3242
75,3241
29,3240
-80,3239
-73,3238
81,3237
75,3236
-33,3235
-46,3234
6,3233
8,3232
-82,3231
-57,3230
63,3229
-58,3228
-36,3226
94,3224
-15,3223
-90,3222
-91,3219
-40,3218
-82,3217
1,3216
50,3214
-18,3213
-1,3212
-40,3211
56,3210
-88,3209
0,3207
-92,3206
27,3204
-30,3203
-46,3202
-27,3200
29,3199
-90,3198
-52,3197
-83,3195
100,3194
21,3193
-63,3192
75,3191
31,3189
-65,3188
71,3186
-67,3185
73,3184
-10,3183
17,3181
24,3180
-53,3177
6,3176
-10,3175
38,3173
45,3172
82,3171
-30,3169
53,3165
23,3164
-72,3163
-18,3162
-53,3161
-82,3160
-91,3159
-54,3158
44,3157
-24,3155
2,3154
-38,3153
-48,3145
53,3144
-54,3143
-9,3141
-62,3140
-25,3139
-97,3138
79,3137
-50,3135
85,3134
51,3133
60,3132
-78,3131
-71,3129
-85,3126
-15,3125
63,3123
10,3121
-31,3120
64,3119
91,3118
77,3117
-81,3116
-91,3115
100,3112
3,3111
49,3109
-87,3108
-9,3106
-86,3104
90,3103
-90,3102
87,3101
20,3100
-99,3098
-86,3097
-74,3096
28,3095
55,3094
7,3093
-13,3092
91,3090
3,3089
99,3086
-92,3084
62,3083
14,3082
65,3081
-10,3080
-61,3079
66,3078
98,3077
28,3076
-20,3074
-65,3073
19,3072
20,3071
90,3070
-13,3068
-93,3066
35,3065
-79,3063
-47,3062
-37,3061
32,3060
-96,3058
84,3057
-47,3056
-91,3055
34,3053
68,3052
-70,3051
-78,3049
-57,3047
2,3046
36,3045
-14,3044
-82,3043
-10,3042
-43,3041
56,3040
34,3038
-33,3037
2,3035
-23,3034
27,3033
98,3031
-20,3029
56,3027
-39,3026
-55,3025
-15,3024
15,3023
76,3021
86,3020
-41,3019
74,3018
-59,3015
-26,3014
-4,3013
-36,3012
87,3010
-1,3009
-82,3008
-32,3006
1,3004
-72,3003
-74,3002
37,2999
61,2998
-27,2996
38,2995
-94,2994
98,2991
79,2990
52,2989
52,2987
58,2986
92,2984
-65,2983
22,2982
93,2981
91,2980
-46,2979
-37,2978
-58,2977
90,2975
41,2974
92,2973
-27,2971
-50,2967
78,2966
-46,2964
38,2963
76,2960
39,2959
16,2958
60,2957
33,2956
87,2955
24,2954
2,2953
-87,2952
-28,2951
0,2948
-76,2947
13,2946
68,2945
-54,2944
74,2943
23,2942
-7,2940
43,2939
36,2938
33,2937
-99,2936
56,2935
3,2933
76,2932
0,2931
45,2930
52,2927
81,2926
-45,2925
90,2924
-73,2923
-95,2922
83,2921
39,2920
-47,2918
99,2917
64,2916
65,2915
-94,2913
77,2912
47,2910
50,2906
92,2904
-33,2902
58,2901
25,2900
50,2899
-6,2898
5,2897
82,2896
-66,2895
-29,2892
23,2890
60,2889
90,2888
-59,2886
-79,2885
28,2884
69,2883
-95,2881
-95,2880
77,2879
-12,2878
-44,2877
-99,2876
-60,2874
-8,2873
-63,2871
-10,2869
65,2868
76,2866
-84,2865
-84,2864
49,2862
-56,2861
58,2859
48,2858
89,2857
5,2856
-11,2855
81,2854
-63,2853
15,2851
-45,2850
11,2848
76,2847
-88,2846
-25,2845
88,2844
50,2843
-50,2842
-9,2841
-28,2840
-27,2839
-24,2838
-23,2837
58,2835
13,2834
-12,2833
-75,2832
-70,2829
26,2827
59,2824
60,2823
26,2821
-73,2820
95,2819
-40,2818
-92,2817
34,2814
-52,2812
-60,2811
-2,2810
91,2809
-58,2808
27,2807
-17,2806
-23,2805
-59,2804
84,2803
42,2801
26,2800
-9,2799
-49,2798
-17,2796
44,2795
-10,2793
-51,2792
72,2790
-25,2789
62,2786
84,2785
14,2784
-64,2783
1,2782
-77,2781
-19,2780
-25,2776
9,2775
31,2774
-22,2773
64,2771
33,2770
-84,2769
-50,2767
-35,2766
-56,2765
-49,2764
86,2762
31,2761
-44,2759
-17,2758
-58,2757
36,2756
10,2755
4,2753
58,2750
56,2748
-13,2747
-33,2746
49,2745
-57,2744
-12,2743
-7,2741
-11,2740
-75,2739
-44,2738
-61,2735
-79,2733
16,2732
16,2730
-6,2729
-85,2728
-72,2726
5,2725
61,2724
-11,2723
-91,2722
-14,2721
-28,2720
13,2719
-6,2718
11,2717
70,2716
87,2715
-21,2714
17,2713
67,2711
-70,2710
50,2709
62,2708
-5,2707
22,2706
-24,2705
-98,2704
94,2702
1,2700
13,2698
29,2696
-68,2695
28,2694
-16,2693
-86,2692
67,2691
92,2689
-60,2688
22,2687
-55,2686
75,2685
-26,2684
-74,2682
17,2681
-53,2680
49,2679
77,2678
-99,2677
20,2676
34,2675
-29,2674
-86,2673
31,2672
80,2670
6,2669
55,2667
-29,2666
-60,2665
58,2664
49,2663
49,2662
39,2661
8,2659
-32,2657
-71,2656
91,2654
77,2653
48,2652
16,2650
37,2649
-99,2648
60,2647
36,2646
-79,2644
14,2643
10,2642
-70,2638
19,2635
-11,2633
-38,2632
35,2630
-53,2628
-76,2627
83,2626
7,2624
64,2623
-49,2622
66,2621
-98,2620
51,2618
-93,2615
2,2614
-78,2613
3,2612
77,2610
-74,2605
35,2604
30,2603
-82,2602
-11,2601
-12,2600
-89,2599
-24,2596
26,2595
-14,2594
56,2593
30,2592
89,2591
38,2590
3,2589
100,2588
-11,2586
-81,2585
-51,2582
35,2581
-74,2580
-23,2578
-52,2576
-26,2575
-21,2574
38,2573
-22,2572
58,2571
-11,2570
60,2569
-30,2568
-87,2567
-73,2566
-14,2565
27,2564
-65,2563
50,2562
98,2561
25,2560
82,2558
-99,2557
74,2555
-100,2554
75,2553
24,2552
44,2551
-79,2550
-63,2549
-37,2548
-72,2547
-53,2546
-3,2545
-44,2544
85,2543
-68,2542
82,2541
-10,2540
7,2539
38,2538
47,2537
-25,2534
-40,2533
23,2532
24,2531
42,2528
-47,2527
98,2526
-88,2525
9,2524
-8,2520
-55,2519
79,2518
92,2517
-62,2513
60,2511
2,2505
56,2504
7,2502
-8,2499
-77,2498
49,2497
39,2496
8,2495
98,2494
-32,2490
-19,2489
-16,2488
25,2487
-96,2486
43,2485
46,2484
-74,2481
-15,2479
49,2477
-48,2476
-89,2475
-53,2473
23,2472
-75,2471
77,2470
68,2469
-32,2468
-95,2467
-71,2465
99,2464
-99,2463
-86,2462
8,2461
-7,2460
-27,2459
54,2458
-77,2456
73,2455
74,2454
-8,2453
87,2451
-47,2450
22,2449
-71,2447
100,2446
-97,2445
-37,2443
75,2442
37,2441
99,2440
-19,2437
53,2436
31,2435
28,2434
25,2433
-38,2432
0,2430
-83,2429
-10,2428
-75,2427
-35,2426
85,2423
90,2422
-72,2421
-64,2419
52,2418
-88,2417
63,2416
69,2415
-74,2414
2,2413
46,2411
91,2410
5,2409
-52,2408
-50,2407
65,2406
-22,2404
-61,2403
-14,2402
96,2400
34,2399
-34,2397
23,2395
56,2392
57,2391
-71,2390
55,2389
-99,2388
44,2387
7,2385
12,2384
-92,2383
-4,2382
-66,2381
69,2378
33,2375
90,2374
65,2372
-16,2371
-56,2370
31,2368
85,2367
92,2365
-25,2363
-93,2362
-9,2361
23,2360
43,2359
-20,2358
-44,2357
-76,2356
-35,2354
-32,2353
-40,2352
87,2351
-42,2350
-75,2349
45,2348
-70,2347
-12,2346
9,2345
-15,2344
12,2343
-11,2342
-38,2341
65,2340
46,2339
68,2338
74,2337
-67,2336
-88,2335
76,2334
-32,2333
80,2332
-29,2329
64,2328
-14,2327
10,2326
-47,2325
-22,2324
-50,2323
52,2322
28,2320
-3,2319
-48,2318
-23,2317
51,2316
-86,2315
-18,2314
1,2313
87,2312
-91,2310
-15,2308
12,2307
82,2306
-4,2305
26,2304
90,2303
91,2302
52,2301
92,2300
-17,2299
15,2297
-74,2296
3,2295
-69,2294
-11,2293
-87,2292
-57,2291
-76,2290
37,2289
20,2288
-85,2286
-14,2285
66,2284
86,2280
61,2278
26,2277
28,2276
-4,2275
-60,2274
-78,2272
-62,2271
98,2270
93,2269
-3,2267
-68,2265
45,2264
32,2263
27,2262
44,2261
63,2259
53,2258
-10,2255
92,2252
3,2250
36,2249
6,2248
59,2247
13,2245
-44,2244
34,2243
-11,2242
-24,2241
-50,2240
32,2239
-44,2238
-72,2237
36,2236
43,2234
83,2233
-8,2232
-69,2231
80,2230
8,2229
-39,2228
38,2226
68,2225
-67,2222
97,2221
-47,2217
100,2216
41,2215
-53,2214
69,2212
-29,2211
-25,2210
-59,2209
-31,2208
76,2207
-7,2206
-56,2205
-1,2203
-41,2202
-34,2201
-62,2200
-32,2198
-57,2197
-40,2196
82,2195
81,2194
24,2193
-60,2190
-50,2189
-100,2188
-97,2187
92,2185
-75,2184
-53,2183
-2,2181
67,2180
65,2178
-63,2177
-43,2176
75,2175
-59,2174
-51,2173
-42,2172
-61,2171
58,2169
-18,2168
51,2167
-14,2166
52,2164
-59,2163
63,2161
-67,2160
53,2159
69,2157
-95,2156
-76,2151
86,2150
-37,2148
2,2146
-47,2145
67,2144
58,2143
82,2141
-29,2139
1,2138
-2,2137
-100,2135
-83,2133
57,2132
26,2131
-25,2130
63,2129
-16,2128
-82,2127
20,2126
95,2124
-9,2123
53,2119
-44,2117
-82,2116
-36,2115
-89,2114
-63,2110
-34,2109
-7,2108
-88,2107
-3,2106
-4,2104
15,2102
59,2101
-5,2100
70,2099
-94,2098
8,2096
-74,2095
-74,2094
100,2093
-89,2092
-22,2091
92,2090
-89,2088
60,2087
66,2086
19,2085
24,2084
-27,2083
-16,2080
-100,2077
-76,2075
15,2074
75,2073
95,2072
-70,2071
94,2070
-58,2069
-70,2066
41,2065
87,2064
-62,2061
79,2060
-10,2059
-51,2056
-52,2055
-86,2054
77,2051
30,2050
-29,2049
72,2048
-76,2047
18,2046
4,2045
1,2044
45,2043
17,2042
-46,2041
-73,2040
4,2039
-5,2038
63,2037
68,2036
12,2035
-29,2034
-13,2032
-59,2030
-54,2029
-19,2028
88,2026
-47,2025
-67,2024
48,2020
-49,2018
33,2015
-50,2012
-90,2011
20,2010
-47,2009
-26,2008
76,2007
-52,2006
-56,2005
72,2004
10,2003
-11,2002
80,2001
23,2000
-35,1999
-73,1998
10,1997
74,1996
-27,1995
35,1994
55,1992
91,1991
21,1990
-50,1988
78,1985
-27,1984
97,1983
-63,1982
-76,1980
-69,1978
-78,1977
-86,1976
-99,1975
-55,1974
-71,1971
89,1970
-88,1968
-70,1967
-21,1966
-63,1965
88,1964
99,1963
-36,1962
-98,1961
-75,1959
2,1958
-3,1956
-26,1955
-41,1954
6,1953
-37,1952
71,1951
43,1950
-67,1949
70,1947
-59,1946
-76,1945
-79,1944
97,1942
-27,1941
45,1939
-21,1938
-99,1937
53,1936
83,1935
-93,1933
84,1931
-85,1930
-66,1929
-62,1927
-34,1926
64,1925
76,1924
82,1922
-55,1921
70,1920
-54,1919
-15,1918
39,1917
-43,1915
-77,1914
-83,1912
19,1910
5,1909
-25,1908
-66,1907
30,1906
66,1905
10,1904
-34,1903
76,1901
29,1899
21,1897
-84,1896
85,1895
82,1894
-40,1891
73,1889
-8,1888
-60,1887
-97,1883
-43,1882
7,1879
-89,1878
-90,1877
52,1876
-57,1875
66,1872
-87,1871
91,1869
76,1868
61,1867
-88,1865
-3,1860
25,1859
-26,1858
38,1855
10,1854
64,1852
92,1851
95,1850
10,1849
-43,1848
-29,1845
79,1844
82,1843
28,1841
-91,1840
0,1839
25,1838
-34,1837
-25,1836
58,1835
17,1833
58,1832
-38,1831
7,1828
-8,1826
-36,1824
-59,1819
-85,1818
68,1816
100,1815
-11,1813
94,1812
-71,1810
-94,1809
-26,1808
44,1807
87,1806
-98,1804
-9,1803
93,1802
-52,1800
-94,1799
-54,1798
71,1797
-21,1795
85,1794
90,1793
33,1792
52,1790
30,1788
62,1785
-98,1784
86,1783
-53,1782
-17,1780
54,1779
-85,1778
97,1776
85,1774
-92,1772
-82,1771
82,1770
51,1769
27,1768
-72,1767
30,1766
-12,1765
24,1763
78,1759
24,1758
53,1757
-98,1756
29,1755
91,1754
67,1752
-82,1751
61,1750
51,1749
-50,1748
15,1747
-10,1746
-16,1745
93,1744
45,1743
-75,1741
24,1740
-9,1739
-2,1738
99,1736
-12,1734
11,1733
-51,1732
80,1731
-30,1729
40,1727
-34,1726
-78,1725
61,1723
-5,1722
-99,1721
53,1720
-26,1719
-55,1718
-53,1716
83,1714
44,1713
-94,1712
-25,1711
66,1710
-28,1709
-59,1708
-62,1706
2,1705
59,1704
44,1703
-12,1702
88,1701
-31,1700
95,1699
66,1698
-56,1697
-28,1696
-86,1695
84,1694
58,1692
-97,1691
-64,1690
-4,1689
-13,1688
-18,1687
1,1686
-21,1685
25,1684
62,1681
-99,1680
67,1679
-1,1677
-94,1675
80,1673
44,1670
89,1669
-64,1668
-99,1665
67,1664
73,1662
55,1661
99,1660
-46,1659
41,1655
-100,1654
-74,1653
-67,1652
-96,1651
10,1650
-85,1648
-71,1645
-36,1644
87,1643
0,1641
52,1640
43,1639
31,1638
35,1637
91,1636
92,1635
68,1633
-43,1632
1,1631
-85,1630
81,1629
47,1628
56,1627
-53,1626
-6,1625
-31,1623
-54,1621
56,1620
96,1619
-22,1618
29,1617
41,1615
89,1612
-30,1611
18,1610
-13,1609
97,1607
32,1606
-86,1604
82,1602
-90,1601
-51,1598
-76,1597
-2,1595
-37,1594
75,1593
-31,1592
-68,1591
-32,1589
52,1588
-14,1587
-68,1586
-44,1585
74,1584
-51,1583
1,1581
38,1577
-90,1576
-95,1574
41,1572
74,1571
17,1569
-87,1568
-95,1567
-35,1566
-86,1565
31,1564
85,1563
-89,1562
7,1561
78,1559
-65,1558
28,1557
-61,1554
-65,1549
83,1548
10,1547
63,1545
-64,1542
11,1541
13,1540
64,1539
-73,1537
90,1536
31,1535
66,1534
61,1533
-59,1532
19,1531
-84,1530
1,1528
-96,1526
-95,1525
-58,1523
-52,1520
-14,1519
78,1518
-43,1516
19,1515
37,1514
75,1513
-90,1511
58,1510
0,1508
17,1507
61,1504
-70,1503
12,1502
-60,1501
-43,1499
-39,1498
-22,1497
92,1495
-1,1493
28,1492
22,1491
48,1490
38,1489
-51,1488
37,1487
73,1486
-46,1485
35,1484
-82,1483
67,1482
56,1481
93,1480
33,1479
24,1478
-97,1477
-94,1476
-2,1474
-57,1470
-14,1469
-9,1468
-3,1467
-13,1466
80,1465
45,1464
-63,1463
-55,1461
7,1460
-94,1458
-54,1457
-92,1456
65,1455
95,1454
-79,1453
9,1452
-11,1451
-72,1450
73,1449
-62,1448
-81,1447
5,1446
29,1445
77,1444
9,1443
87,1442
90,1441
61,1440
72,1439
-95,1437
17,1436
25,1435
-74,1434
13,1433
-43,1432
-66,1431
20,1429
11,1428
52,1425
53,1424
-23,1423
82,1421
41,1420
65,1419
69,1418
-88,1417
63,1416
-69,1415
44,1414
-11,1413
-87,1412
95,1411
37,1410
84,1409
70,1408
-37,1406
-79,1403
-21,1402
-18,1401
33,1399
-75,1398
70,1397
15,1396
-39,1395
-53,1394
-59,1393
52,1392
-100,1391
65,1390
-78,1389
29,1388
-55,1386
69,1385
38,1384
-16,1383
-12,1382
-33,1380
38,1379
-67,1377
-17,1375
41,1374
-77,1373
22,1372
-92,1371
-78,1370
-39,1369
15,1368
6,1367
-7,1366
-60,1364
-71,1363
5,1362
-2,1361
-24,1360
-71,1359
-88,1356
3,1355
-62,1354
-89,1351
-51,1350
69,1348
-15,1347
12,1345
-61,1343
17,1342
-67,1341
25,1340
-79,1339
82,1338
-3,1335
-32,1333
-34,1332
23,1331
60,1330
-90,1329
89,1327
-97,1326
-84,1324
83,1320
-10,1319
6,1318
50,1317
-93,1316
-92,1315
80,1314
60,1313
13,1312
81,1310
15,1308
98,1306
47,1304
-89,1303
79,1299
52,1298
-62,1297
-83,1295
-51,1294
-80,1293
-21,1291
66,1289
-47,1288
-66,1287
26,1286
-80,1285
-26,1284
-63,1283
-51,1282
11,1281
-87,1280
82,1279
-16,1277
9,1276
-38,1275
98,1272
-88,1271
4,1270
72,1269
-44,1266
-62,1265
-88,1263
27,1261
-22,1260
-97,1259
-68,1258
-86,1256
74,1255
69,1253
-5,1252
79,1251
88,1250
-64,1249
-9,1248
49,1247
55,1246
0,1245
-36,1243
31,1242
49,1241
91,1240
-68,1239
-19,1238
11,1237
89,1236
30,1235
53,1232
31,1231
9,1230
69,1229
22,1228
73,1227
79,1225
81,1224
-51,1222
-51,1221
-29,1220
-88,1219
2,1218
-63,1217
45,1215
31,1214
-34,1213
26,1212
-79,1211
41,1210
-74,1209
-11,1208
-66,1207
-7,1205
-3,1204
10,1201
-84,1200
-94,1199
58,1198
-49,1197
-96,1196
5,1195
40,1194
7,1193
-73,1192
84,1191
-6,1190
50,1189
-60,1187
-3,1186
30,1182
60,1181
62,1180
31,1179
-89,1178
77,1177
70,1176
-98,1175
19,1174
-48,1173
-1,1172
-2,1169
29,1168
24,1167
59,1165
-43,1164
36,1163
50,1162
85,1161
-91,1160
91,1158
53,1156
-60,1154
-33,1153
-38,1152
93,1150
-8,1149
7,1148
-99,1147
-59,1145
87,1144
-62,1143
-66,1142
78,1141
62,1140
-85,1138
13,1137
10,1136
57,1135
10,1134
54,1133
-52,1132
-92,1131
4,1130
32,1128
-65,1126
-21,1125
-12,1124
71,1123
-61,1121
64,1119
-28,1118
73,1117
-48,1116
89,1114
51,1113
-35,1112
-96,1111
73,1110
59,1109
76,1108
-83,1107
-82,1106
-75,1105
-53,1104
0,1103
-77,1102
-74,1101
-75,1100
-53,1099
93,1098
46,1097
35,1096
5,1095
27,1094
-55,1092
-85,1091
0,1089
-11,1086
77,1085
-54,1084
-1,1083
-69,1082
5,1081
-61,1080
-21,1078
-33,1077
-48,1076
83,1075
-61,1072
65,1070
-42,1069
-75,1068
35,1066
8,1065
34,1064
32,1063
-46,1062
81,1058
94,1057
-54,1056
95,1055
-42,1054
-46,1053
-36,1052
18,1051
35,1050
-47,1049
-60,1048
66,1047
30,1046
42,1045
16,1044
3,1043
45,1041
-8,1039
-64,1037
-93,1035
-37,1034
-61,1032
-80,1031
-33,1030
-40,1029
7,1028
92,1026
-21,1025
16,1024
-89,1023
60,1022
55,1021
-34,1020
-45,1019
85,1018
-50,1017
62,1016
18,1015
-27,1013
70,1012
-66,1011
78,1009
76,1007
0,1005
40,1004
75,1003
-29,1002
10,1001
-36,1000
96,999
-90,998
91,996
95,995
-73,994
-81,993
-45,992
-50,991
-19,990
42,987
-65,986
49,985
-45,984
-33,983
85,982
34,981
-10,980
-2,979
61,978
-25,977
97,976
30,975
-80,974
-19,973
71,971
36,970
-95,969
-1,968
40,967
-6,966
41,965
-72,963
-48,961
49,960
91,959
-18,958
-5,957
59,956
-30,955
-81,954
62,953
42,952
89,950
-15,949
-93,948
80,947
-100,946
51,943
-31,941
-48,940
-43,939
6,938
49,937
61,936
-62,935
90,933
32,930
48,929
16,927
24,926
-25,925
72,924
64,922
85,921
-70,920
-76,919
97,918
98,917
-18,916
-80,915
75,914
96,913
-79,912
38,911
89,910
-4,909
-50,908
-100,907
-72,905
13,904
60,903
-14,902
-75,901
52,900
73,899
4,895
27,894
-87,893
-88,892
82,891
-27,890
-36,889
-66,887
33,886
13,885
10,884
-40,883
-51,881
-14,880
91,879
-35,877
-66,876
17,875
-71,874
-36,873
33,872
-6,871
-23,870
13,868
-26,866
-61,865
-85,864
73,862
-80,861
-26,860
81,858
-85,857
-60,856
100,855
9,853
-84,852
-49,851
-39,849
-34,848
-73,847
-100,846
89,845
60,843
62,842
-48,841
-24,840
-31,839
15,838
20,836
37,834
-3,833
44,832
50,831
78,830
53,829
28,828
-87,825
63,824
-83,823
74,822
61,821
23,820
58,819
-81,818
-48,816
-13,815
37,814
-97,813
69,811
-51,810
-54,809
57,808
33,807
75,806
19,805
-8,804
-74,803
-4,802
-16,801
96,800
-12,799
44,798
14,797
-83,796
43,795
57,794
-67,793
-83,792
39,791
-43,790
80,789
-61,788
-53,786
-40,785
-59,784
-5,783
23,781
-23,778
97,777
-59,776
73,775
-89,774
-59,773
54,771
-31,769
-79,768
60,766
-71,765
67,764
54,763
-17,761
58,760
3,759
72,758
63,757
73,755
-47,754
-94,753
-31,752
53,750
-32,749
66,744
-45,743
-13,742
0,741
-40,740
76,739
21,736
-95,735
-56,734
90,733
-11,732
-99,731
33,730
-77,729
-62,728
-91,726
-88,724
-90,723
74,721
-73,720
-55,719
-15,718
84,717
89,716
-40,715
-60,714
-95,712
25,710
64,709
90,708
-18,704
-74,703
5,702
94,701
-48,700
61,699
37,697
64,696
4,695
-46,694
42,691
-84,689
48,688
-23,687
-38,686
-93,685
-53,684
-10,682
-66,681
67,680
-11,679
71,678
17,677
-65,676
-93,675
54,674
72,673
27,672
33,671
46,670
-68,669
87,668
82,667
-46,666
-65,665
28,664
-28,663
-77,662
-49,661
63,659
77,658
56,657
-79,656
9,655
76,654
-22,653
-16,652
-47,651
-63,650
42,649
-81,648
-28,647
12,646
18,645
-35,644
31,643
72,641
90,639
-95,637
-49,636
-91,635
-38,634
90,633
30,631
40,629
-34,625
-15,624
60,621
69,619
-22,618
-66,616
8,615
44,612
14,611
55,610
19,608
-21,607
54,606
29,605
-28,604
56,602
-30,601
-41,597
-41,596
-99,595
49,594
59,592
1,590
-1,589
86,588
-51,587
-99,586
59,585
-29,584
66,583
18,581
-25,580
19,579
-6,578
19,577
-81,576
93,575
-62,574
-64,571
80,570
45,569
30,568
51,567
55,566
9,564
-34,563
73,562
27,561
24,560
-53,559
-3,558
-87,556
82,554
-48,553
60,552
-54,549
94,548
-57,547
-70,546
-77,545
36,544
65,543
-21,542
-78,541
-76,540
-96,539
-48,538
31,537
34,536
66,535
58,534
-55,532
-35,531
52,530
-52,529
12,528
-37,527
21,526
99,525
-100,524
28,523
36,522
-90,521
-23,520
81,519
-88,518
75,517
1,516
-33,515
-34,514
-38,512
87,511
-71,510
34,509
-34,508
-42,504
59,503
46,501
-15,500
-44,499
96,496
69,495
-61,494
0,493
-84,492
35,491
53,490
-51,489
-13,488
100,486
-88,485
-10,484
-57,483
-84,482
8,481
93,480
-93,478
64,477
-66,474
-78,473
69,472
-55,471
-90,470
-97,469
9,468
-1,465
98,464
-90,463
-87,461
95,460
68,459
-7,457
-24,455
9,454
17,453
2,452
55,451
39,450
-90,448
-34,444
-96,443
17,442
4,441
-94,440
-81,439
-88,438
-47,436
-14,435
17,434
-96,432
72,431
-96,430
-16,429
-22,428
76,427
36,426
-38,425
-66,424
-68,423
-36,422
-74,420
80,419
63,417
26,416
35,415
29,413
100,410
-75,409
76,408
17,407
-50,405
41,404
2,403
-1,402
-76,400
-61,399
4,398
86,397
96,396
49,395
55,393
50,392
67,391
7,390
-63,387
18,385
33,384
31,380
78,379
50,378
12,377
-21,376
34,375
-43,374
-2,373
-99,372
-26,371
41,370
52,369
17,368
36,366
92,365
78,364
-11,363
-48,362
85,361
72,357
-29,356
-11,354
-2,352
-70,351
99,349
-24,348
63,346
68,345
-71,344
-40,342
38,341
-28,339
-55,338
-44,337
-43,336
34,335
35,334
64,333
-87,332
62,331
-54,330
-9,329
-39,327
-41,326
91,325
-91,324
68,323
-50,322
18,321
94,319
-91,318
94,316
13,315
-40,313
77,312
-52,310
-94,309
45,308
0,306
-84,305
35,304
-43,303
59,301
-52,300
45,298
-20,297
-14,296
-7,295
27,294
-14,293
-51,292
-56,291
60,290
-42,289
65,288
16,287
-32,286
63,284
-15,283
-68,282
-34,281
36,278
76,277
-59,276
67,275
-75,274
-91,273
-98,272
21,269
-5,268
-45,267
-29,266
5,264
21,263
65,262
65,260
100,259
-86,258
58,257
-56,256
-86,255
70,254
-58,252
-76,250
-18,249
-70,248
21,247
-38,246
66,245
-35,241
-23,240
22,239
-100,238
4,234
-67,232
26,230
49,228
-83,227
91,225
-99,224
60,223
23,222
77,221
38,220
3,219
46,218
-34,216
-75,215
21,213
-92,212
-97,211
7,210
74,209
16,208
44,207
80,206
-20,205
-32,202
39,201
-36,200
-70,199
-57,196
74,194
90,192
73,191
63,190
-58,188
-74,187
-54,186
78,185
18,184
25,183
-32,182
-55,181
-43,180
96,179
-11,178
-90,176
85,175
-53,174
72,172
41,171
-39,170
94,169
-42,168
36,167
39,166
-4,165
0,164
-57,163
19,162
-28,161
-74,160
21,159
-90,158
86,157
-33,156
45,155
-40,154
67,153
14,151
84,150
96,148
3,147
84,146
68,145
41,144
-9,143
55,141
-11,140
-98,139
-60,137
-21,136
-49,135
100,134
44,132
-86,130
14,127
-49,126
19,125
34,122
62,120
24,119
43,117
43,115
-92,113
-57,112
-39,111
58,109
73,108
-61,105
-94,103
-66,102
-20,101
18,100
65,99
-22,95
100,93
-60,92
59,90
-1,89
-22,86
83,85
41,84
3,83
47,82
-35,81
-82,80
24,79
-81,74
-58,73
-97,71
30,69
-71,68
6,67
4,66
16,65
77,64
-74,62
-31,61
52,60
-59,59
14,58
-87,57
43,56
-83,55
21,54
-24,53
75,50
10,48
-65,47
-34,46
99,45
-5,43
-82,42
33,41
37,40
-15,39
-42,38
-81,37
-68,36
85,34
-57,33
-4,31
47,30
-55,28
7,27
-87,26
67,25
-39,24
91,23
-26,21
-51,20
-97,19
100,18
-63,16
5,15
78,14
-50,13
-68,12
-3,11
54,9
83,8
-43,6
31,5
76,4
-6,3
29,2
-73,1
-23,0
