71,10000
-4,9998
-56,9997
33,9996
-58,9995
-23,9993
-64,9992
30,9991
-21,9989
90,9988
18,9987
14,9986
70,9984
98,9983
40,9982
-64,9981
91,9980
-55,9978
-24,9977
-62,9976
36,9975
-79,9974
6,9973
-11,9971
91,9970
-20,9969
47,9968
69,9967
-88,9965
-24,9964
-68,9963
52,9961
-96,9960
37,9959
78,9957
5,9956
-43,9953
-67,9952
-3,9951
-67,9950
20,9948
-33,9947
-30,9946
-17,9945
42,9944
-92,9943
-66,9942
79,9940
-63,9939
37,9938
-51,9935
1,9934
-79,9933
18,9932
-41,9931
-77,9930
73,9929
-73,9928
13,9926
-47,9924
13,9923
-91,9922
-64,9921
59,9920
57,9919
84,9918
-80,9917
95,9915
20,9914
70,9913
50,9911
-13,9910
100,9908
-73,9907
-80,9906
-68,9905
80,9904
62,9902
62,9901
40,9900
-18,9899
-51,9898
-16,9897
15,9896
-29,9894
43,9893
53,9892
67,9891
-31,9890
91,9889
40,9888
-18,9886
97,9885
11,9884
95,9882
-55,9881
-32,9880
-79,9879
-80,9878
89,9877
76,9876
-40,9875
-69,9874
37,9873
-4,9872
25,9871
-55,9870
76,9869
-57,9868
-54,9867
30,9865
77,9864
79,9863
90,9862
20,9861
8,9859
-30,9856
60,9855
67,9854
53,9852
6,9850
-42,9849
7,9848
-6,9847
39,9845
-2,9844
52,9840
-79,9839
32,9838
-11,9837
-89,9836
89,9834
50,9833
100,9832
-42,9831
-21,9829
45,9826
69,9823
35,9822
7,9819
-30,9818
-67,9816
76,9815
-28,9814
70,9813
-77,9811
-67,9810
-83,9809
47,9808
3,9807
51,9806
26,9805
-67,9804
85,9802
70,9800
-33,9799
-92,9798
-8,9797
0,9796
26,9795
41,9794
-48,9793
-65,9792
74,9791
99,9790
-87,9788
-17,9785
63,9784
30,9783
-98,9782
-48,9781
35,9780
-31,9779
21,9778
-11,9777
41,9776
77,9775
-75,9773
-40,9772
-24,9770
-47,9769
-1,9768
18,9767
22,9766
53,9764
22,9763
19,9761
-90,9757
-17,9755
3,9754
-33,9752
12,9751
90,9750
81,9748
-86,9747
-80,9746
47,9745
-36,9743
-62,9741
-68,9740
12,9738
29,9737
-91,9736
40,9735
-32,9734
59,9733
94,9732
-95,9731
-24,9730
55,9728
35,9727
-59,9726
-33,9725
-12,9724
-69,9723
89,9721
-77,9720
27,9719
98,9718
50,9717
74,9716
-25,9714
-23,9713
-92,9712
-42,9711
35,9710
-96,9708
-12,9707
-72,9704
61,9701
-6,9699
59,9698
53,9697
48,9696
-80,9695
-27,9694
69,9693
-45,9692
35,9691
98,9689
-76,9688
29,9687
74,9686
81,9685
13,9684
-43,9683
-86,9682
-68,9681
-1,9680
72,9679
30,9678
21,9676
53,9674
36,9673
56,9669
-30,9668
-51,9667
23,9666
-91,9665
54,9663
96,9662
-90,9661
-88,9660
15,9659
2,9658
3,9657
12,9656
84,9655
42,9654
-47,9653
-61,9652
-4,9651
47,9649
-7,9648
46,9646
-96,9641
-63,9640
23,9638
70,9637
20,9635
-89,9633
-38,9632
1,9631
-84,9630
14,9629
-99,9628
-48,9627
59,9626
69,9625
85,9624
33,9623
22,9622
-66,9621
-15,9619
-6,9618
-24,9617
-43,9616
56,9615
61,9613
-1,9612
6,9611
72,9610
4,9609
74,9607
32,9606
81,9604
91,9602
74,9601
66,9600
25,9599
31,9596
40,9595
17,9594
67,9592
-8,9591
73,9590
-96,9587
-76,9586
31,9585
82,9584
80,9583
78,9582
80,9581
-73,9580
-42,9579
87,9578
78,9574
-2,9572
64,9571
-28,9570
80,9569
98,9568
79,9567
76,9565
-71,9564
-51,9563
74,9562
-7,9561
-39,9560
-71,9558
-33,9557
-27,9556
18,9555
95,9553
-95,9552
-25,9551
28,9550
15,9549
70,9548
48,9547
-24,9546
88,9545
84,9544
-22,9543
-55,9541
-40,9540
19,9538
37,9537
-39,9536
64,9533
-9,9532
-88,9531
98,9529
-25,9528
100,9526
-44,9525
-52,9524
-34,9523
96,9520
-97,9519
-40,9518
0,9517
95,9516
-4,9515
16,9514
-49,9513
92,9512
68,9511
36,9510
54,9508
6,9507
78,9506
0,9505
45,9504
-49,9503
-79,9502
-6,9500
-56,9499
-18,9498
-21,9495
-15,9493
-64,9492
45,9491
38,9487
100,9486
38,9485
41,9483
100,9481
91,9480
90,9479
-98,9476
-36,9475
-71,9474
-4,9473
-58,9472
65,9471
-95,9469
-16,9468
-67,9466
90,9465
78,9464
-55,9463
65,9462
29,9460
9,9458
42,9456
-53,9454
48,9453
70,9452
-68,9451
-45,9449
37,9448
46,9446
-27,9445
41,9442
78,9439
43,9436
-84,9435
73,9434
-61,9432
-59,9431
38,9430
70,9429
4,9428
96,9427
-10,9426
-12,9425
-39,9424
-68,9423
100,9422
-61,9420
71,9419
57,9417
-67,9412
-55,9411
22,9409
-1,9408
-50,9407
-72,9406
-31,9405
34,9403
40,9402
-22,9401
99,9400
34,9397
-19,9396
22,9391
67,9389
-92,9387
-84,9386
79,9385
93,9383
-91,9382
-95,9381
-38,9380
28,9379
-6,9378
1,9377
3,9375
35,9374
26,9373
56,9372
45,9370
18,9369
52,9368
-18,9367
22,9365
-69,9364
-8,9362
-84,9360
-68,9359
-26,9357
56,9355
2,9352
-84,9350
-11,9347
3,9346
90,9345
-13,9344
-79,9343
-66,9342
25,9341
4,9340
-27,9339
67,9337
32,9335
66,9334
-74,9333
-18,9332
-65,9330
-30,9329
99,9328
44,9326
28,9325
-26,9324
91,9322
-13,9321
-1,9320
-70,9319
-30,9315
5,9314
71,9313
-6,9311
-84,9309
-82,9308
49,9307
96,9306
-18,9305
-35,9303
-14,9301
-67,9300
-28,9299
-21,9298
63,9297
7,9296
15,9295
80,9294
26,9293
-45,9291
-75,9290
60,9289
-42,9288
22,9287
55,9286
60,9284
52,9282
-50,9281
0,9280
18,9279
4,9277
-35,9275
-50,9274
-87,9273
-65,9272
99,9271
-88,9270
-44,9269
-48,9267
-93,9266
97,9265
-31,9264
20,9263
46,9262
-3,9260
-97,9259
-97,9258
79,9257
37,9255
54,9254
-95,9250
-83,9248
58,9247
-36,9245
44,9244
24,9243
71,9242
-92,9241
-60,9239
47,9238
41,9235
76,9233
86,9231
-95,9230
10,9229
79,9228
20,9227
-39,9226
-12,9223
76,9222
-53,9221
-38,9220
3,9218
-41,9217
1,9216
-95,9215
-71,9214
63,9212
-40,9211
15,9210
76,9206
7,9205
54,9204
74,9203
-18,9202
-72,9201
77,9200
-8,9197
-50,9195
37,9194
10,9192
49,9191
11,9190
98,9189
72,9188
35,9185
-83,9184
-2,9183
-42,9181
32,9179
60,9178
34,9177
99,9174
-38,9173
-91,9172
69,9171
29,9170
-43,9168
37,9167
-93,9165
26,9164
-2,9163
-18,9162
41,9161
-33,9160
-82,9159
-35,9158
-7,9157
-36,9154
-78,9153
-48,9152
58,9151
-96,9150
-21,9149
-92,9147
53,9145
4,9144
54,9143
91,9142
-15,9141
-21,9140
-70,9139
-80,9138
69,9137
-2,9136
-23,9135
-28,9134
-52,9133
66,9131
92,9129
-16,9128
5,9127
39,9125
-89,9123
84,9122
-78,9121
-39,9120
-7,9119
17,9117
-29,9116
43,9114
-9,9110
61,9109
74,9105
87,9104
-93,9102
-74,9101
72,9100
35,9099
44,9098
-78,9096
-59,9095
38,9094
91,9093
24,9092
-26,9088
-94,9087
-77,9085
5,9084
94,9083
71,9082
-21,9081
-95,9080
21,9079
18,9078
-45,9076
-7,9075
37,9074
31,9071
35,9070
46,9068
-94,9067
-87,9066
-42,9065
1,9064
63,9063
-60,9062
49,9061
-54,9059
57,9058
-78,9057
-46,9054
25,9053
-21,9052
-74,9051
25,9049
-29,9048
45,9047
56,9046
-73,9045
-83,9044
-26,9042
73,9041
-44,9040
-100,9039
33,9038
90,9037
38,9036
-94,9035
-37,9034
83,9032
63,9031
-46,9029
-34,9028
44,9027
9,9026
-6,9025
-9,9024
-79,9023
65,9022
-35,9021
-11,9020
79,9019
89,9018
16,9017
91,9016
72,9015
-20,9014
77,9012
59,9011
45,9009
-21,9008
6,9007
64,9005
-23,9004
67,9003
-64,9002
51,9001
48,9000
30,8999
26,8998
-3,8997
90,8996
83,8995
85,8994
-47,8993
38,8992
-97,8991
-98,8990
57,8987
-73,8986
-3,8985
93,8984
49,8983
-39,8982
36,8981
-99,8980
47,8979
15,8978
-65,8977
-18,8976
23,8975
47,8973
-92,8972
-22,8971
-44,8970
100,8968
72,8966
-91,8965
87,8964
79,8963
-5,8962
-20,8961
-82,8960
17,8958
14,8957
65,8956
-98,8955
-25,8954
9,8953
95,8952
87,8951
-47,8950
-52,8948
-60,8946
-54,8944
91,8943
-29,8940
-36,8939
63,8937
-5,8936
55,8934
-37,8933
40,8932
-74,8931
-84,8929
-11,8928
7,8926
59,8925
60,8924
-91,8923
-81,8922
32,8921
-67,8920
-85,8919
79,8918
-83,8917
14,8915
-50,8914
-50,8912
94,8911
60,8910
-87,8908
62,8907
-60,8905
-95,8903
73,8902
18,8901
-35,8899
-95,8898
-50,8897
92,8896
56,8894
43,8893
-74,8891
-17,8890
100,8888
-39,8885
-90,8884
-14,8883
-19,8882
70,8881
40,8880
-13,8878
-55,8877
65,8876
86,8875
21,8874
38,8872
8,8871
-52,8870
58,8869
-6,8868
-38,8867
-21,8865
-77,8863
52,8862
87,8860
-12,8859
2,8857
-32,8856
-3,8855
25,8854
-57,8853
-24,8852
93,8851
31,8849
-68,8848
47,8846
-85,8845
46,8844
49,8839
61,8838
-43,8837
-87,8836
15,8835
-41,8834
87,8833
98,8831
-63,8830
-94,8829
-28,8828
60,8824
-35,8823
-57,8822
-68,8821
-10,8820
75,8819
-13,8816
27,8815
-5,8813
-82,8811
-89,8809
-87,8808
60,8807
27,8806
-70,8805
-17,8804
43,8803
-60,8801
80,8800
33,8798
-20,8796
-12,8795
55,8794
73,8793
34,8792
58,8789
92,8788
-20,8787
64,8786
98,8784
-45,8783
-12,8782
-26,8781
-11,8780
88,8779
47,8777
1,8775
-26,8772
-40,8771
36,8770
81,8769
76,8768
33,8766
-60,8763
-42,8762
-92,8760
-59,8758
-61,8757
-54,8756
39,8755
-7,8754
36,8753
99,8752
60,8747
-61,8745
-63,8741
-82,8740
69,8738
95,8737
-56,8736
-99,8735
23,8734
35,8733
-36,8732
88,8731
2,8730
-74,8728
3,8727
66,8725
1,8724
88,8723
-64,8721
80,8720
12,8719
-18,8717
-70,8716
-44,8715
-37,8714
-33,8713
-36,8711
-24,8710
21,8709
41,8708
-29,8706
43,8705
-90,8704
25,8703
62,8702
-1,8700
49,8696
53,8694
65,8693
40,8692
80,8691
58,8690
-11,8687
80,8685
91,8684
-48,8683
-34,8680
-8,8679
-82,8678
14,8677
-84,8675
31,8674
65,8673
-23,8672
56,8671
-89,8670
-28,8669
62,8668
70,8666
92,8665
-42,8664
15,8663
86,8662
19,8658
22,8657
98,8655
27,8652
9,8651
18,8650
86,8649
21,8647
78,8646
27,8642
43,8640
36,8637
-61,8635
30,8634
54,8633
4,8632
63,8631
29,8630
-52,8629
39,8628
85,8627
37,8625
38,8624
34,8623
-37,8620
26,8619
-96,8618
22,8616
-29,8615
33,8613
-60,8612
51,8611
-54,8610
38,8609
-99,8608
-22,8606
-99,8604
71,8603
59,8601
-83,8598
-99,8597
79,8596
85,8595
-66,8593
55,8592
-57,8591
-5,8590
-23,8589
41,8588
-100,8587
96,8586
-95,8585
15,8584
-84,8583
79,8582
32,8580
-9,8579
-2,8578
-60,8577
27,8575
98,8574
74,8572
81,8570
60,8569
88,8568
-41,8564
-92,8563
5,8562
40,8561
-84,8560
55,8559
47,8558
-47,8557
-36,8556
-96,8554
-16,8553
83,8552
-84,8551
71,8550
69,8549
-16,8548
36,8547
79,8545
-18,8544
-70,8541
71,8539
-36,8536
-70,8535
17,8534
84,8533
22,8532
43,8531
-12,8530
18,8529
48,8528
-14,8527
19,8526
-100,8525
-32,8524
-16,8522
39,8521
-53,8520
1,8518
-42,8517
-92,8516
-14,8514
9,8512
-38,8511
81,8509
-44,8508
26,8507
-38,8506
-98,8504
76,8501
-88,8499
-27,8498
-95,8496
-87,8495
59,8493
84,8492
89,8491
-30,8490
86,8489
29,8488
82,8487
-76,8486
40,8484
-46,8483
-25,8482
-22,8481
77,8480
-81,8479
-36,8477
-100,8476
-62,8474
-15,8473
9,8472
63,8470
33,8469
5,8468
9,8467
22,8466
44,8465
-68,8464
41,8462
-82,8461
51,8459
-60,8458
80,8457
-42,8456
-10,8455
93,8454
46,8453
-37,8452
-42,8451
95,8448
-16,8447
47,8446
53,8445
-86,8444
-33,8443
40,8440
39,8439
-30,8437
-88,8436
0,8434
93,8432
-78,8431
30,8430
-5,8429
39,8428
93,8427
87,8426
24,8422
-66,8421
4,8420
75,8419
96,8418
-59,8416
-19,8415
97,8414
-2,8413
-32,8411
-25,8410
-76,8409
16,8408
-40,8405
49,8404
-27,8403
-57,8401
-95,8400
-35,8399
-30,8398
-10,8397
68,8395
80,8393
-39,8392
22,8389
-11,8388
-28,8387
-23,8386
89,8384
16,8381
-75,8379
-44,8378
-2,8377
-8,8376
-49,8375
-55,8374
-67,8373
-23,8372
45,8371
96,8370
-57,8369
5,8368
-2,8367
11,8366
-25,8365
38,8364
-43,8363
-24,8361
-37,8360
33,8359
-5,8358
-17,8357
-73,8356
6,8353
-61,8352
-66,8351
-34,8350
57,8349
74,8347
18,8346
89,8345
-95,8344
-97,8343
21,8341
-68,8340
-37,8339
-60,8338
-90,8336
-91,8335
-55,8334
76,8333
-17,8332
42,8331
7,8329
62,8328
-63,8327
-35,8326
-60,8325
81,8324
5,8323
90,8322
-58,8321
85,8319
-6,8318
17,8317
-62,8316
-87,8315
-28,8314
-10,8313
-15,8312
-83,8309
-61,8308
-87,8306
-57,8303
64,8302
-29,8301
24,8298
92,8297
-46,8296
47,8295
-65,8294
84,8292
-44,8291
-70,8290
45,8289
-52,8287
16,8286
-74,8285
51,8284
-72,8283
88,8282
-22,8279
2,8278
90,8276
80,8274
-91,8273
-51,8272
-11,8271
15,8269
-45,8268
-85,8267
-69,8266
-74,8265
55,8264
44,8262
-95,8261
-41,8260
-91,8256
-98,8253
80,8251
-43,8250
-38,8249
-65,8248
46,8246
-8,8245
-34,8244
-96,8243
-75,8241
46,8239
-100,8238
53,8237
-59,8234
65,8232
82,8230
-10,8229
-87,8228
-15,8227
48,8226
-2,8225
76,8224
-76,8223
54,8222
-72,8221
-91,8220
-43,8218
68,8217
28,8216
-88,8215
31,8214
89,8213
81,8211
-4,8210
92,8208
-54,8207
-72,8205
65,8204
-92,8203
80,8202
6,8200
-30,8199
57,8198
-37,8197
-87,8196
-46,8195
-70,8194
61,8193
-67,8192
-6,8191
-97,8188
-21,8187
28,8185
12,8184
43,8183
-11,8182
72,8181
-9,8180
-37,8179
-78,8178
29,8177
-93,8176
13,8174
-31,8173
91,8172
24,8171
-47,8169
-75,8168
-49,8164
63,8163
-9,8162
-43,8161
-57,8157
-79,8155
-33,8154
-82,8153
-26,8152
8,8150
-30,8147
8,8146
-9,8145
80,8144
-92,8143
22,8142
-25,8141
-39,8140
-27,8139
38,8138
-18,8137
1,8136
14,8135
-6,8134
89,8132
57,8131
-88,8130
81,8129
5,8128
37,8127
99,8126
-98,8125
5,8124
-32,8122
-95,8121
65,8120
19,8119
32,8117
-30,8116
-11,8115
22,8114
-7,8113
-27,8111
21,8110
-77,8108
-36,8107
-48,8106
-9,8105
-26,8103
-32,8102
-3,8101
47,8100
35,8099
20,8098
48,8097
56,8096
-99,8095
41,8094
69,8091
97,8089
-86,8088
-96,8087
-7,8086
50,8085
-13,8083
-12,8081
-19,8080
65,8078
92,8077
-54,8076
26,8075
30,8074
-32,8072
6,8070
12,8068
-47,8067
68,8066
23,8065
-76,8064
-67,8063
25,8062
-3,8061
32,8060
-94,8059
-93,8056
82,8055
79,8054
88,8049
19,8048
73,8047
40,8044
67,8043
17,8042
-56,8041
90,8040
-40,8039
24,8038
58,8037
-91,8036
-17,8034
-64,8033
-30,8032
2,8031
-5,8030
-83,8029
-82,8028
24,8027
76,8024
68,8023
31,8021
17,8020
33,8019
15,8018
86,8017
-39,8016
-86,8014
72,8012
3,8011
19,8010
-91,8009
-7,8008
-83,8007
-50,8006
38,8005
-96,8004
-47,8001
60,8000
27,7999
1,7998
96,7997
21,7996
26,7994
88,7993
43,7992
-16,7990
94,7989
33,7988
11,7987
-38,7986
-2,7985
69,7982
49,7981
-65,7980
28,7979
-3,7978
-99,7976
-14,7974
-55,7971
10,7969
-84,7968
-34,7967
11,7965
-75,7964
1,7963
-49,7961
80,7960
31,7958
61,7957
-83,7956
-51,7955
-21,7954
29,7953
-100,7950
-5,7949
-40,7948
-5,7945
-38,7944
53,7943
78,7942
81,7940
-95,7939
-77,7938
71,7937
9,7936
-87,7935
85,7933
89,7931
74,7930
40,7929
41,7928
83,7927
98,7926
26,7924
9,7919
51,7918
100,7915
60,7914
-27,7913
13,7912
76,7911
-63,7909
-66,7908
95,7907
38,7906
-66,7904
-37,7903
89,7902
-71,7901
14,7898
44,7897
48,7896
21,7895
-23,7894
-5,7891
31,7890
-63,7889
-44,7888
7,7887
-71,7886
-71,7881
-82,7880
87,7879
82,7878
-75,7877
41,7876
-63,7875
89,7874
-30,7873
20,7872
-25,7870
-87,7868
59,7866
-56,7865
27,7864
-96,7863
-50,7862
50,7861
-54,7860
-13,7859
-21,7858
93,7857
-11,7856
96,7855
-57,7853
82,7851
-80,7850
-44,7849
-1,7848
-88,7845
75,7844
-30,7843
8,7842
-25,7841
-24,7840
34,7839
86,7838
-91,7833
82,7832
-79,7831
-66,7828
-48,7827
70,7822
49,7821
-42,7820
67,7819
48,7817
-50,7816
40,7815
75,7814
0,7812
62,7810
-51,7809
88,7807
57,7806
19,7805
-84,7801
-29,7800
3,7799
-96,7798
25,7797
75,7796
76,7795
-47,7794
35,7791
-61,7790
7,7788
-56,7785
-89,7784
-18,7783
17,7782
-80,7778
73,7777
-24,7776
68,7775
-3,7774
-34,7772
37,7770
-19,7769
35,7765
-12,7764
57,7763
99,7762
99,7761
-98,7760
87,7759
-36,7758
-35,7757
-20,7756
100,7755
-8,7753
94,7751
-58,7749
2,7745
66,7744
-13,7743
-52,7742
-56,7737
-80,7736
61,7735
63,7734
-21,7732
-93,7731
94,7730
76,7729
74,7728
-67,7727
72,7726
-75,7724
92,7723
-60,7722
49,7718
32,7716
44,7714
76,7712
-16,7711
-35,7710
18,7709
-42,7708
21,7706
-77,7705
9,7704
17,7703
-3,7702
21,7700
-55,7699
67,7698
42,7697
-93,7696
81,7695
42,7692
-74,7691
6,7690
38,7689
-95,7687
-23,7686
-44,7685
18,7684
11,7682
-83,7681
-18,7680
-79,7678
57,7677
-62,7675
-9,7674
32,7673
58,7672
-94,7671
-2,7669
78,7668
69,7667
-11,7666
-55,7665
91,7664
61,7663
39,7661
-76,7660
-8,7659
-26,7657
95,7655
12,7654
43,7652
5,7651
54,7650
-56,7649
-75,7648
-100,7647
27,7646
97,7642
67,7641
-33,7640
-6,7639
1,7638
36,7637
80,7636
66,7635
-21,7634
-82,7630
84,7629
10,7628
-30,7627
46,7625
59,7623
-45,7622
41,7621
-54,7620
-62,7619
-39,7618
-63,7617
32,7616
65,7615
20,7614
70,7612
88,7611
-35,7609
58,7608
-62,7606
79,7605
-91,7603
-77,7601
60,7600
-84,7599
-24,7598
-32,7597
-1,7596
-43,7595
-29,7593
-19,7592
85,7591
-24,7589
-56,7587
-46,7586
-83,7585
32,7584
88,7583
11,7582
37,7581
-28,7580
-82,7579
-20,7578
-69,7577
-47,7575
49,7574
100,7573
-42,7572
51,7571
-1,7570
4,7569
-52,7567
100,7566
41,7565
99,7564
99,7563
44,7562
52,7559
81,7558
-14,7557
9,7556
-3,7555
-79,7554
51,7553
-43,7551
-75,7550
92,7549
-25,7548
75,7547
83,7546
51,7545
-6,7544
92,7543
29,7541
-88,7540
5,7539
-26,7538
36,7537
-90,7536
4,7535
20,7534
-94,7533
16,7532
64,7531
-33,7529
-78,7528
-78,7526
-33,7525
38,7524
79,7523
-27,7522
88,7520
-95,7519
-92,7517
20,7515
-59,7514
6,7513
-28,7512
-70,7511
-10,7510
24,7509
-29,7508
-36,7507
-12,7505
30,7503
94,7501
-60,7500
-14,7499
-29,7495
-24,7494
-83,7493
46,7491
-1,7490
19,7489
64,7488
-80,7487
-6,7486
-84,7485
94,7484
-35,7483
11,7482
23,7481
-90,7480
14,7479
-96,7477
-98,7476
80,7475
60,7474
68,7473
-92,7471
76,7470
-19,7469
-97,7468
-90,7467
-80,7466
23,7465
-6,7464
52,7463
-31,7460
34,7459
68,7458
35,7457
19,7456
-7,7454
36,7453
100,7451
-51,7450
-96,7448
71,7447
3,7446
40,7445
89,7444
73,7443
41,7441
-48,7440
29,7439
39,7438
-74,7437
-53,7436
72,7435
-87,7432
-13,7431
-90,7429
48,7428
10,7427
7,7426
-16,7425
-86,7424
17,7421
22,7417
88,7415
94,7414
11,7413
-96,7412
-45,7410
86,7409
-57,7407
37,7406
58,7404
-5,7403
88,7402
43,7399
93,7398
-63,7397
57,7396
-22,7395
-99,7394
15,7393
48,7392
35,7391
-15,7390
-20,7389
35,7388
49,7387
-61,7385
-64,7384
86,7383
-7,7382
65,7381
56,7380
93,7379
-29,7378
-59,7377
66,7376
98,7375
48,7374
76,7373
8,7372
-37,7371
-4,7370
-50,7368
-5,7367
-6,7366
71,7365
-6,7363
23,7362
82,7361
-81,7359
98,7358
57,7357
-48,7355
97,7354
29,7353
33,7352
26,7351
-88,7350
82,7349
50,7347
-49,7345
-53,7344
-82,7343
43,7342
-49,7341
22,7339
-51,7335
99,7333
60,7332
35,7329
3,7327
-1,7326
-39,7325
98,7322
-74,7321
-20,7320
24,7318
5,7317
85,7316
-84,7315
-87,7314
-31,7313
-14,7312
17,7311
-93,7310
-61,7309
-96,7307
-44,7306
94,7305
-85,7304
-7,7303
-91,7302
16,7300
-70,7299
44,7298
-57,7296
-24,7295
59,7294
-1,7293
66,7292
-97,7291
-61,7290
24,7286
13,7285
-66,7284
31,7283
83,7282
55,7281
-60,7280
57,7279
30,7278
-53,7277
23,7275
75,7274
17,7273
-20,7272
-55,7271
88,7267
51,7265
-45,7264
-95,7261
94,7260
-4,7259
-52,7257
-41,7254
79,7253
5,7252
38,7251
-57,7250
-40,7249
74,7248
63,7247
42,7243
-92,7241
-22,7240
-81,7239
-75,7238
-21,7237
88,7236
97,7235
8,7234
-45,7233
61,7232
82,7231
52,7230
-26,7229
-39,7226
-93,7225
-37,7224
77,7223
-64,7221
8,7220
81,7218
1,7217
64,7216
-59,7215
-21,7214
-64,7213
67,7212
65,7211
17,7209
-71,7208
-65,7207
-88,7206
-53,7205
-99,7204
42,7203
-80,7202
-2,7201
-72,7200
28,7199
33,7198
29,7197
66,7195
-48,7194
42,7193
88,7192
63,7191
28,7190
-34,7189
-37,7187
-6,7186
13,7185
-25,7183
-16,7181
43,7179
92,7178
79,7177
-95,7175
79,7174
75,7173
-53,7172
64,7171
45,7170
91,7169
36,7168
71,7166
-25,7165
62,7164
98,7163
58,7162
-79,7161
60,7160
39,7159
-56,7157
82,7156
96,7155
57,7153
37,7152
-89,7149
93,7148
63,7147
11,7146
-69,7145
-77,7144
-92,7143
-28,7142
59,7141
-82,7140
-85,7139
-60,7138
-77,7137
-5,7136
-59,7135
58,7134
-64,7133
-55,7131
-19,7129
-84,7128
-88,7127
35,7125
-75,7122
13,7121
-53,7118
-26,7115
-49,7114
84,7113
37,7111
17,7110
20,7109
-33,7107
71,7105
-48,7104
89,7103
-93,7102
-3,7101
-1,7100
-39,7099
-26,7098
21,7097
96,7096
-38,7095
31,7094
27,7093
79,7092
25,7091
43,7090
62,7087
-11,7086
85,7085
-91,7084
28,7083
92,7082
-63,7081
42,7080
-94,7079
24,7078
-58,7077
-53,7076
85,7075
8,7074
-40,7072
-89,7070
-19,7069
-85,7068
59,7065
-9,7063
-58,7062
-31,7061
98,7060
-47,7059
58,7058
57,7057
-39,7056
-66,7054
-86,7053
-51,7052
-73,7050
-71,7049
-85,7048
83,7047
80,7045
61,7044
-10,7043
-96,7042
16,7040
79,7039
91,7037
-73,7034
-4,7033
-42,7032
99,7031
38,7030
69,7029
56,7028
-65,7027
-68,7026
66,7025
74,7023
-79,7022
45,7021
24,7020
53,7019
31,7018
99,7017
-69,7016
52,7015
60,7014
-77,7013
-69,7012
36,7010
-29,7008
-56,7006
74,7005
-41,7003
36,7002
34,7001
-90,6999
-43,6998
-12,6997
49,6996
15,6995
52,6994
80,6993
-96,6992
55,6991
70,6990
82,6989
40,6987
97,6986
-80,6985
53,6983
3,6982
-15,6980
-82,6979
95,6978
50,6977
-42,6976
99,6975
-3,6974
57,6973
64,6969
-85,6968
-77,6965
69,6963
-95,6961
39,6960
63,6955
-20,6951
4,6950
14,6949
47,6948
-74,6946
-40,6944
100,6943
-6,6942
89,6941
-57,6940
26,6939
-8,6938
-89,6936
67,6935
59,6933
70,6932
-68,6931
-87,6930
-64,6929
84,6928
-86,6927
84,6925
-23,6921
-73,6919
23,6918
-58,6917
73,6916
-14,6915
87,6912
17,6910
-99,6908
-61,6907
1,6906
-16,6905
-72,6904
-53,6903
-74,6902
43,6900
85,6899
-57,6898
-45,6897
-35,6896
-91,6894
27,6893
-57,6891
-5,6890
-68,6888
25,6887
-13,6886
-37,6885
6,6884
77,6882
79,6880
67,6879
63,6878
52,6877
16,6874
-1,6873
17,6871
79,6870
16,6869
-60,6867
31,6864
13,6861
-82,6860
82,6859
60,6857
-36,6856
-54,6855
-99,6852
20,6851
27,6850
-48,6849
35,6848
-25,6847
-38,6845
27,6842
-43,6841
22,6840
24,6839
-30,6838
-71,6837
-49,6836
-29,6835
-35,6834
-95,6833
89,6832
-68,6831
-94,6830
-41,6828
41,6826
62,6825
51,6824
-61,6821
-37,6820
48,6819
79,6818
-19,6817
-20,6816
95,6815
19,6814
36,6813
39,6812
43,6811
-73,6810
-93,6809
23,6808
-80,6807
56,6806
16,6805
-3,6804
90,6803
35,6802
52,6801
-97,6800
12,6798
-70,6797
-64,6796
96,6795
-76,6794
59,6793
14,6791
96,6789
-9,6788
58,6786
97,6785
-31,6784
49,6783
-81,6782
-74,6781
-8,6780
37,6779
1,6778
21,6777
-87,6776
95,6775
22,6773
-54,6771
47,6769
6,6767
-83,6766
73,6765
59,6764
-10,6763
57,6762
-15,6761
-61,6760
-37,6759
39,6758
-68,6757
70,6756
-97,6755
-10,6754
-79,6753
-74,6752
-11,6750
80,6749
-60,6746
-32,6744
92,6743
70,6742
12,6741
65,6740
-63,6738
-72,6737
-87,6736
72,6735
-50,6734
-49,6732
0,6731
-73,6729
-49,6727
-91,6726
91,6725
78,6724
-100,6723
76,6721
23,6720
-15,6719
-44,6718
31,6717
-15,6716
-50,6715
50,6714
-38,6713
22,6712
-9,6711
9,6710
76,6709
-97,6708
16,6707
-3,6706
-2,6702
78,6701
71,6700
-55,6699
88,6698
41,6697
94,6696
60,6695
-28,6694
-48,6693
-19,6692
-84,6691
-55,6689
44,6688
-95,6687
2,6686
-18,6685
-51,6684
52,6682
80,6681
20,6680
35,6679
82,6678
22,6677
-9,6676
47,6675
-33,6674
98,6673
-74,6672
74,6671
16,6670
-17,6669
8,6668
83,6667
-31,6666
-26,6665
-11,6664
70,6663
-48,6662
69,6661
-11,6660
-25,6658
53,6657
-37,6656
47,6654
-57,6652
-76,6651
40,6650
-88,6649
-52,6647
47,6646
-96,6643
-80,6641
66,6640
51,6639
-94,6638
90,6637
6,6636
-30,6635
99,6634
-85,6633
-32,6632
86,6631
-12,6630
99,6629
-60,6628
35,6625
-55,6624
-43,6623
-54,6622
84,6621
-95,6618
98,6614
58,6612
-51,6609
-24,6608
-63,6607
-35,6606
61,6604
-17,6602
92,6601
98,6600
-85,6599
-78,6598
-85,6597
15,6596
5,6595
23,6594
-55,6593
24,6588
-35,6587
-81,6586
47,6585
-57,6583
78,6582
2,6581
70,6580
99,6579
-83,6578
17,6577
-36,6576
-75,6575
-76,6574
24,6571
11,6570
49,6567
-73,6566
-95,6564
-71,6563
-20,6561
-85,6560
-69,6559
-20,6558
-8,6556
98,6555
59,6554
-85,6553
-4,6552
96,6551
-7,6549
94,6548
-12,6546
24,6544
22,6542
89,6541
58,6540
-100,6539
11,6538
41,6536
78,6534
-1,6533
15,6531
-71,6529
60,6527
-52,6526
10,6525
-31,6524
-29,6522
93,6521
72,6520
-6,6519
44,6518
17,6517
74,6516
16,6515
96,6514
60,6513
26,6510
96,6509
-76,6508
-8,6507
-53,6506
93,6505
-46,6504
65,6503
33,6502
71,6501
-91,6500
-33,6499
-55,6498
-40,6496
69,6495
-70,6494
-25,6493
-42,6492
-41,6491
36,6490
-100,6488
-64,6486
30,6485
-25,6484
59,6483
-58,6482
-87,6480
-9,6479
-53,6478
-10,6477
-71,6475
-36,6474
14,6472
-69,6469
78,6468
79,6466
-36,6465
-84,6464
74,6463
98,6461
-92,6460
-42,6459
31,6458
69,6457
77,6455
-78,6454
-35,6453
-3,6452
-63,6450
39,6449
-48,6448
76,6447
72,6446
93,6445
-10,6444
71,6442
-73,6441
-99,6438
12,6437
21,6435
-15,6434
-12,6432
24,6431
-1,6430
99,6428
-45,6427
60,6426
-80,6425
-50,6422
-99,6421
-92,6420
-30,6419
-59,6418
49,6416
52,6414
20,6413
-100,6412
24,6409
-47,6407
86,6406
-91,6405
5,6404
42,6403
-29,6402
75,6401
100,6399
4,6398
55,6397
-28,6396
1,6395
16,6394
-2,6393
-66,6392
71,6391
-51,6390
-7,6388
-90,6386
-13,6384
15,6383
-33,6381
25,6380
-95,6379
-44,6377
54,6375
64,6374
-25,6371
-43,6370
79,6369
77,6368
-89,6367
-34,6366
39,6364
-92,6363
29,6362
22,6361
18,6360
-24,6359
82,6358
52,6357
54,6356
67,6355
47,6354
-53,6352
64,6351
-47,6347
-73,6346
8,6344
-70,6343
78,6341
70,6340
89,6339
10,6338
-23,6337
-82,6335
20,6333
-76,6328
-98,6324
85,6323
53,6322
-50,6319
-9,6316
55,6315
94,6313
-94,6311
96,6309
9,6308
-51,6306
-44,6305
-41,6304
0,6303
4,6301
-82,6300
-80,6297
46,6295
50,6293
68,6292
-23,6289
63,6288
24,6287
-14,6285
26,6284
90,6283
11,6282
85,6281
-91,6277
-11,6276
-89,6275
52,6274
82,6272
32,6270
-28,6268
-22,6267
-15,6265
-73,6264
-4,6263
61,6261
63,6260
-19,6259
89,6258
73,6257
-81,6256
89,6252
-3,6251
28,6250
-59,6249
84,6248
19,6246
-29,6245
-61,6244
23,6242
10,6241
-30,6240
-51,6237
-50,6235
57,6234
18,6233
-18,6232
-24,6230
43,6228
-41,6227
36,6226
55,6225
18,6224
-66,6223
86,6222
-19,6221
-39,6220
27,6218
-66,6217
-61,6215
-83,6214
89,6213
-38,6212
61,6211
-44,6210
50,6209
-23,6208
-12,6207
-64,6206
-40,6205
-5,6204
-53,6203
-57,6202
-76,6201
38,6198
-81,6197
-38,6196
-6,6194
-57,6192
28,6191
50,6190
-96,6189
-38,6187
-30,6185
93,6184
33,6182
-73,6181
25,6180
57,6179
-50,6178
7,6177
44,6176
75,6175
35,6174
-39,6173
-68,6172
-66,6171
53,6170
-70,6169
-15,6167
4,6165
-35,6164
-51,6163
24,6162
46,6160
77,6158
37,6157
-17,6156
-47,6155
-2,6154
-50,6153
-95,6152
-23,6151
23,6149
1,6147
-53,6146
-16,6144
-92,6143
87,6142
69,6141
61,6140
19,6139
31,6138
-26,6137
-65,6136
34,6135
23,6134
-46,6133
26,6132
10,6131
29,6130
95,6129
65,6128
77,6127
-28,6126
43,6125
17,6123
83,6122
-71,6121
44,6120
96,6119
-70,6118
-45,6117
17,6116
76,6115
-36,6113
60,6110
-21,6109
-87,6107
16,6105
79,6104
-26,6101
18,6100
-71,6099
71,6098
96,6097
72,6096
-99,6095
36,6093
-68,6092
-50,6091
-26,6090
-95,6089
90,6086
-42,6084
-31,6083
21,6082
89,6081
-54,6080
53,6079
-5,6078
10,6077
52,6073
-6,6072
-22,6071
-36,6070
23,6069
86,6068
-66,6067
57,6066
37,6065
85,6063
-6,6062
-69,6060
-86,6059
-78,6058
24,6056
75,6055
33,6054
-26,6053
25,6051
-51,6049
-100,6048
-84,6045
-71,6042
-35,6041
60,6040
-60,6039
-88,6038
29,6037
-24,6036
82,6035
-43,6029
77,6028
-82,6026
4,6025
-54,6024
49,6023
-30,6022
13,6021
65,6020
-9,6019
-9,6018
65,6016
11,6015
21,6014
37,6013
-71,6012
-24,6011
36,6009
-80,6008
-60,6007
32,6006
15,6005
-15,6004
100,6003
-27,6002
-21,6001
-12,6000
-48,5999
7,5997
89,5995
27,5994
78,5992
-43,5991
12,5990
46,5989
-40,5988
0,5987
-34,5986
55,5985
-39,5984
84,5983
-13,5982
55,5980
-16,5979
98,5976
-29,5975
3,5974
-51,5973
-22,5971
-42,5970
78,5968
41,5967
-63,5966
0,5965
-61,5961
-15,5960
-93,5958
47,5957
-29,5956
90,5955
-40,5954
18,5953
53,5952
8,5951
62,5950
-89,5949
92,5948
62,5946
42,5945
63,5943
-54,5941
36,5940
66,5939
14,5937
31,5936
-51,5935
26,5933
39,5932
-36,5931
8,5930
54,5929
37,5928
51,5927
13,5926
59,5925
80,5924
-85,5923
-88,5922
71,5919
-44,5918
28,5917
-84,5916
-11,5914
-17,5913
-26,5912
-82,5910
54,5909
22,5907
73,5906
-69,5905
-33,5904
44,5901
-95,5900
68,5899
-40,5898
-90,5896
-11,5895
7,5894
8,5893
86,5891
99,5889
-93,5888
-74,5887
-93,5885
-83,5884
-33,5879
-48,5875
48,5874
-25,5873
-84,5872
84,5870
-34,5868
-66,5866
-33,5865
-87,5864
10,5863
-46,5862
-27,5860
-17,5858
51,5857
9,5856
68,5854
-47,5853
82,5852
-43,5850
52,5849
-93,5846
31,5844
-10,5843
73,5841
-75,5840
-51,5839
90,5838
52,5835
-10,5833
71,5830
96,5829
58,5828
93,5827
71,5824
28,5823
-79,5822
-8,5821
57,5820
6,5818
-77,5817
-31,5815
-51,5812
26,5811
-89,5810
-15,5809
-7,5808
-5,5802
-20,5801
37,5800
35,5799
17,5798
68,5796
-37,5794
-30,5793
-56,5792
-69,5790
37,5789
70,5788
-22,5787
-96,5786
99,5785
19,5784
-58,5782
3,5781
81,5780
7,5779
72,5778
-2,5777
24,5776
83,5775
32,5774
-56,5773
-96,5772
-52,5771
-11,5770
29,5769
52,5768
-45,5767
-72,5766
8,5765
-97,5764
-93,5763
-46,5762
-100,5761
21,5760
-79,5759
84,5757
-78,5756
-2,5755
-91,5752
5,5750
-64,5747
84,5746
-6,5745
-28,5742
25,5741
9,5739
-10,5737
-99,5736
-35,5735
100,5734
68,5733
-47,5732
-12,5731
-43,5730
80,5729
45,5728
-40,5727
62,5726
66,5723
-59,5721
1,5720
-28,5718
-76,5717
-18,5715
-31,5714
-2,5713
-23,5712
-58,5710
54,5708
27,5707
-94,5706
83,5705
20,5704
-92,5703
-89,5702
99,5700
-41,5699
-65,5698
74,5697
-3,5696
13,5694
-40,5693
66,5691
54,5690
-46,5689
-3,5688
-87,5687
19,5686
49,5682
-66,5681
-37,5680
-62,5678
-75,5677
-83,5674
76,5672
-51,5670
73,5669
1,5668
-33,5666
-79,5665
-83,5664
7,5663
75,5660
-56,5659
-67,5657
-72,5656
-70,5655
-87,5653
15,5651
44,5650
31,5649
-26,5648
-30,5646
-72,5645
25,5644
-89,5641
-12,5640
29,5639
-77,5638
-90,5635
39,5633
79,5632
96,5631
-12,5630
-69,5628
31,5627
78,5626
-52,5625
-46,5624
53,5623
91,5622
-94,5621
-85,5620
76,5617
-26,5616
88,5615
46,5612
-59,5611
13,5610
-58,5609
-74,5607
-11,5606
-8,5605
89,5602
70,5601
-53,5600
-86,5598
55,5597
-60,5596
84,5595
68,5592
-57,5591
45,5587
18,5586
-47,5585
-69,5584
79,5583
-16,5582
71,5580
-23,5579
4,5578
-84,5576
79,5575
-98,5574
67,5573
97,5572
60,5571
-67,5570
99,5568
-89,5567
62,5565
58,5564
-14,5563
-36,5560
63,5559
-31,5557
46,5556
6,5555
-38,5554
81,5553
-31,5552
-86,5551
-14,5550
-22,5549
12,5548
19,5547
49,5546
-92,5545
16,5543
-31,5542
95,5541
-19,5540
-40,5539
-9,5538
-24,5537
-52,5536
90,5535
-10,5534
86,5532
80,5531
66,5529
-93,5528
-10,5527
-55,5526
-61,5524
-31,5523
-8,5522
63,5520
-95,5517
2,5516
-93,5514
74,5513
-74,5512
1,5510
26,5508
95,5507
30,5506
6,5505
30,5504
46,5503
66,5502
-9,5500
-55,5498
-31,5497
-51,5496
-60,5495
41,5494
47,5493
28,5492
-45,5489
-3,5488
77,5487
-87,5483
-27,5482
32,5481
-70,5480
-80,5479
27,5477
69,5476
-92,5475
24,5474
94,5473
-22,5472
-22,5471
15,5470
-78,5469
-57,5468
-72,5466
-83,5464
-68,5462
14,5461
-19,5460
18,5459
90,5458
-10,5457
-25,5456
-66,5455
28,5454
59,5453
-6,5452
-85,5451
76,5449
-21,5448
-29,5447
-25,5446
49,5444
-35,5442
42,5441
-80,5440
-50,5439
-79,5438
65,5437
43,5436
60,5435
-30,5434
-18,5432
-11,5431
-62,5430
-74,5429
24,5428
46,5427
-1,5426
55,5425
-57,5424
-5,5422
89,5421
63,5420
40,5419
94,5418
-73,5417
-17,5416
-31,5415
-30,5414
-27,5412
-54,5411
62,5410
82,5409
-63,5408
-26,5407
11,5406
-3,5405
-32,5402
-25,5401
-31,5400
80,5399
-17,5398
-71,5397
-40,5396
-45,5395
93,5394
-31,5393
-12,5392
-12,5391
41,5390
27,5389
-10,5388
-70,5387
-92,5386
-38,5385
-62,5384
89,5383
-29,5382
-10,5381
-23,5380
80,5379
-68,5378
19,5376
-96,5375
32,5373
-42,5372
16,5371
68,5370
-4,5367
9,5366
-1,5365
61,5363
-40,5362
55,5361
18,5359
36,5357
16,5356
80,5355
13,5354
-81,5353
-68,5349
33,5348
-94,5347
14,5346
-45,5345
43,5344
22,5343
1,5342
61,5341
-68,5340
50,5339
75,5338
-67,5337
-50,5336
34,5335
9,5334
62,5333
86,5332
94,5331
-37,5330
95,5329
-95,5328
33,5327
99,5325
-61,5324
-34,5323
74,5322
1,5320
97,5319
34,5318
-42,5317
-92,5316
25,5315
-51,5313
97,5312
9,5311
-45,5310
-55,5309
-16,5307
-52,5306
-86,5305
21,5302
-7,5300
47,5298
-30,5297
20,5296
-67,5295
85,5294
-83,5293
-3,5290
1,5286
22,5285
42,5284
-17,5283
-25,5282
-32,5280
-45,5278
68,5277
-92,5276
79,5275
11,5274
84,5272
-76,5271
-73,5270
23,5269
-22,5268
-43,5267
-56,5266
-91,5265
2,5263
42,5262
-75,5260
-73,5258
-40,5257
-98,5256
-24,5255
-40,5253
66,5252
-1,5251
-40,5250
-77,5248
-76,5246
23,5245
24,5243
-33,5242
3,5239
-58,5238
40,5234
26,5233
-97,5232
-18,5231
-56,5230
21,5229
-7,5228
-80,5226
-91,5225
-10,5223
-57,5222
-3,5221
8,5220
16,5219
75,5217
51,5216
30,5215
89,5213
-16,5212
74,5211
-97,5209
87,5208
-38,5207
-6,5206
85,5205
86,5204
61,5203
-2,5202
26,5201
5,5199
5,5197
29,5196
-64,5194
-84,5192
3,5191
60,5190
-97,5189
-84,5188
-29,5187
91,5186
-13,5185
25,5184
85,5181
-1,5180
47,5177
44,5176
-20,5175
7,5174
-9,5173
-1,5172
17,5171
-54,5167
-86,5166
23,5165
9,5164
48,5163
-4,5161
2,5160
-44,5159
-81,5158
-22,5155
-15,5154
-55,5153
59,5152
-3,5150
-76,5149
92,5147
-41,5146
53,5145
32,5144
4,5143
-58,5142
-92,5141
-90,5140
58,5139
-57,5138
32,5137
-54,5134
-19,5133
23,5132
-53,5131
-57,5130
79,5129
40,5127
-21,5126
49,5124
12,5121
71,5120
-89,5119
-65,5118
-63,5116
80,5115
75,5114
28,5113
-52,5112
91,5111
-1,5109
-38,5108
-17,5107
-79,5106
86,5104
24,5103
-21,5101
-74,5100
-55,5099
-65,5098
-19,5097
29,5096
100,5094
49,5093
-64,5090
47,5089
84,5088
-56,5085
-90,5084
63,5083
17,5082
32,5081
99,5080
24,5079
-28,5078
88,5077
100,5076
7,5075
83,5074
-14,5073
-71,5072
2,5071
-55,5070
-28,5069
-1,5068
81,5067
66,5066
-97,5065
42,5063
-74,5062
25,5061
-26,5060
93,5059
55,5057
-47,5056
53,5055
-75,5054
60,5053
-82,5052
-64,5050
24,5049
-62,5048
86,5046
-59,5045
-57,5044
67,5043
-18,5042
-97,5041
-34,5040
-95,5039
-14,5038
-16,5036
-2,5035
93,5033
78,5032
-31,5029
29,5028
16,5026
75,5024
-45,5023
87,5022
56,5021
70,5020
-47,5019
-58,5018
-1,5017
27,5016
-42,5015
-93,5013
-36,5012
-12,5010
-1,5009
30,5008
94,5007
6,5005
73,5004
40,5003
-11,5001
-57,5000
-99,4999
99,4998
43,4997
45,4996
80,4994
3,4992
-64,4988
84,4987
90,4986
15,4985
-71,4984
-6,4983
-49,4978
-59,4977
-17,4976
-14,4975
13,4974
23,4973
-41,4971
-33,4970
74,4969
58,4968
23,4967
-92,4964
-29,4963
-10,4962
-35,4961
-53,4960
-52,4959
-42,4954
32,4953
19,4952
-51,4951
71,4950
-52,4948
-68,4947
32,4946
58,4945
-76,4944
14,4941
-59,4940
63,4939
-47,4938
56,4935
59,4934
-56,4933
96,4932
-21,4931
-55,4930
-66,4928
-96,4927
72,4926
86,4925
65,4924
-93,4923
-31,4922
-69,4921
-37,4920
47,4919
25,4918
-81,4917
82,4916
-16,4915
46,4914
91,4913
-85,4912
34,4911
68,4910
49,4909
-13,4907
-84,4906
-97,4903
88,4902
36,4901
-100,4900
-33,4899
41,4898
47,4897
-58,4896
-8,4895
-15,4894
34,4892
-14,4891
-63,4889
21,4888
-40,4887
2,4885
36,4884
-74,4882
97,4881
-9,4880
11,4879
52,4878
41,4877
-26,4876
-65,4875
38,4874
-91,4873
41,4872
-97,4870
-14,4868
-1,4867
13,4865
-84,4863
-79,4862
-67,4859
49,4858
-69,4857
32,4856
57,4854
-97,4853
-25,4851
84,4850
44,4849
33,4848
-95,4847
-35,4846
-35,4845
-95,4843
70,4842
52,4841
26,4840
29,4839
29,4837
58,4835
-79,4834
14,4833
-6,4832
29,4831
67,4830
0,4829
-11,4826
39,4825
25,4824
86,4822
-31,4820
2,4819
87,4818
16,4817
40,4815
-44,4813
89,4812
97,4811
24,4809
-84,4808
13,4805
-48,4804
-10,4803
-93,4800
32,4799
-52,4797
-76,4795
81,4794
24,4791
-50,4789
16,4788
-46,4787
71,4786
-91,4785
-63,4784
35,4783
81,4782
93,4781
-51,4779
-87,4777
69,4776
-22,4774
39,4773
67,4772
-15,4769
43,4768
-21,4767
-28,4765
-89,4763
-33,4762
-74,4761
10,4760
-59,4759
39,4758
-72,4757
-10,4754
23,4753
-48,4751
-86,4750
85,4749
46,4748
-31,4746
-92,4745
30,4743
-98,4742
-10,4741
5,4738
-43,4734
27,4733
69,4732
68,4731
10,4729
-70,4728
-98,4727
-13,4725
-26,4724
5,4723
46,4722
-23,4720
11,4719
-9,4718
62,4717
-93,4714
36,4713
40,4712
-21,4711
74,4710
63,4709
-25,4705
62,4704
-51,4703
76,4702
87,4701
48,4699
55,4697
-60,4694
-28,4693
61,4692
60,4691
37,4690
47,4689
-79,4685
42,4683
12,4682
-98,4681
-47,4679
-77,4678
100,4676
91,4675
-44,4674
76,4673
14,4672
-20,4671
-36,4669
73,4668
-3,4667
-54,4666
73,4663
72,4662
85,4661
86,4660
71,4659
-55,4658
81,4656
-23,4655
-81,4654
-28,4653
9,4652
-96,4651
-61,4650
60,4647
39,4646
97,4645
-87,4644
25,4643
-89,4642
-64,4641
59,4640
39,4639
-37,4638
-69,4634
-25,4633
-41,4632
28,4631
76,4630
72,4629
-30,4627
73,4626
45,4625
22,4624
14,4623
80,4622
1,4621
78,4620
-85,4619
46,4618
62,4617
52,4616
73,4614
97,4613
74,4612
-12,4611
16,4609
-7,4608
43,4607
81,4605
-22,4603
-78,4601
-58,4600
-61,4599
-10,4597
-48,4596
36,4594
-29,4593
-74,4592
-49,4591
98,4590
39,4589
93,4587
39,4586
25,4585
-31,4583
58,4582
-73,4581
1,4579
14,4578
-82,4576
49,4575
44,4574
-99,4572
0,4571
-93,4570
-74,4569
-48,4567
7,4565
-93,4564
-13,4563
-47,4562
-80,4560
41,4558
-25,4556
-8,4554
-62,4553
35,4551
8,4550
75,4549
88,4548
48,4547
-70,4546
57,4545
51,4544
-46,4542
-100,4541
89,4540
96,4539
39,4538
26,4536
18,4534
-66,4533
57,4532
50,4531
-37,4529
-82,4528
-77,4526
-78,4525
84,4524
8,4523
96,4521
33,4520
19,4519
-12,4518
20,4517
-100,4516
-81,4515
77,4514
-14,4513
-47,4511
-73,4510
-55,4509
0,4507
-21,4506
-28,4505
59,4504
27,4502
-48,4501
-43,4500
36,4499
-59,4498
-3,4497
42,4496
26,4495
-59,4494
-89,4492
51,4491
-23,4489
-35,4488
-1,4486
-1,4485
-95,4484
89,4483
-90,4482
65,4481
-94,4480
69,4477
98,4476
-67,4475
-98,4474
-21,4473
-78,4471
-95,4470
35,4469
69,4468
43,4467
7,4466
94,4465
-84,4464
92,4463
-54,4461
-71,4460
-59,4459
-54,4458
19,4457
-74,4455
-85,4454
86,4453
56,4452
-97,4451
8,4448
6,4447
46,4446
45,4445
-61,4444
55,4443
-41,4441
-78,4440
-81,4439
7,4438
68,4437
12,4436
-29,4435
0,4434
100,4433
-38,4431
61,4430
53,4429
51,4428
1,4427
90,4426
17,4425
-81,4424
-73,4423
78,4422
-28,4421
57,4420
-73,4419
63,4418
62,4417
-70,4416
-63,4414
-62,4412
15,4411
19,4410
37,4409
52,4408
15,4406
24,4405
-84,4403
-30,4402
-61,4401
92,4399
32,4397
-79,4395
22,4393
-59,4392
17,4390
-94,4389
-97,4388
75,4387
-7,4386
-54,4385
-5,4381
-58,4379
30,4378
-1,4375
-79,4374
11,4372
-20,4371
87,4370
29,4368
17,4367
26,4366
-24,4365
91,4359
17,4358
-84,4357
93,4356
-38,4355
45,4354
-99,4353
51,4351
-65,4350
-8,4349
-47,4348
60,4347
-79,4346
-15,4345
94,4344
-81,4343
84,4342
-87,4341
19,4340
98,4339
91,4338
12,4337
-86,4336
81,4335
-79,4334
-9,4332
-21,4330
61,4327
26,4326
41,4325
-68,4324
-6,4323
96,4322
-44,4319
-28,4318
-51,4317
-5,4316
16,4315
92,4313
-7,4312
32,4311
1,4310
29,4309
-97,4308
-37,4307
18,4305
65,4303
47,4302
-21,4301
91,4298
83,4296
19,4294
26,4293
72,4292
-5,4291
73,4290
66,4289
99,4288
-47,4287
-78,4286
-11,4285
-72,4283
6,4282
-47,4281
-97,4280
-45,4279
93,4278
45,4276
-53,4272
-76,4271
93,4270
16,4269
81,4267
31,4266
-50,4265
-71,4263
-97,4261
27,4260
-45,4258
-91,4257
-6,4256
65,4252
36,4251
-90,4250
-13,4249
31,4248
-68,4246
60,4245
19,4244
-59,4243
-27,4242
77,4241
-47,4240
33,4239
16,4237
-14,4236
14,4234
-22,4232
-83,4231
21,4229
33,4228
-45,4226
89,4224
-94,4223
-52,4221
-92,4220
-77,4219
85,4217
43,4216
86,4214
30,4213
0,4211
-8,4210
-42,4209
-24,4208
33,4206
-6,4205
50,4204
-88,4203
-14,4202
1,4201
-99,4200
-1,4199
76,4198
87,4196
35,4194
38,4193
98,4192
26,4191
24,4190
-39,4189
44,4187
-86,4186
-99,4185
-44,4183
-83,4182
54,4179
-86,4177
9,4175
14,4174
3,4173
-70,4170
38,4169
-18,4168
-15,4166
97,4164
94,4162
32,4161
-12,4160
-54,4157
1,4156
4,4154
43,4153
81,4152
40,4151
80,4150
-25,4149
66,4148
-25,4146
69,4145
-22,4139
19,4138
57,4137
17,4135
38,4134
26,4133
-7,4132
-56,4131
-62,4130
-91,4129
65,4128
93,4127
-56,4125
8,4123
-75,4122
21,4121
-30,4117
-88,4116
-55,4115
63,4114
-6,4113
-18,4110
77,4109
35,4107
-43,4106
2,4104
16,4103
92,4101
45,4099
36,4098
-70,4097
-80,4096
-12,4095
93,4094
92,4093
-8,4091
-78,4090
-74,4089
59,4088
39,4087
32,4085
10,4084
37,4083
-19,4082
32,4079
-13,4078
38,4077
42,4076
-91,4075
33,4074
-71,4072
-35,4071
-99,4068
98,4067
2,4066
-26,4065
14,4063
66,4061
35,4060
23,4058
-87,4057
29,4056
13,4055
-38,4054
76,4053
-28,4052
-56,4050
-46,4048
14,4047
11,4046
-89,4045
31,4044
-94,4043
-61,4041
-42,4039
-38,4038
36,4037
96,4036
-53,4035
40,4034
-47,4033
-19,4032
49,4030
30,4029
42,4028
-44,4027
-56,4026
-70,4025
78,4024
69,4023
-5,4022
-12,4021
-78,4020
-55,4019
49,4018
60,4016
-91,4015
8,4014
50,4013
-64,4012
-24,4011
67,4010
-93,4009
-89,4008
49,4007
-5,4006
-38,4005
63,4002
-39,4001
39,3999
81,3996
-13,3994
57,3993
-7,3992
-89,3991
-55,3990
14,3988
-96,3987
-34,3985
55,3984
30,3983
-10,3982
-33,3981
-69,3979
-100,3978
-46,3976
52,3975
35,3974
-73,3973
-9,3972
14,3971
99,3970
-63,3969
91,3967
3,3965
-64,3964
81,3962
-19,3961
-4,3960
4,3958
98,3957
-37,3956
14,3954
-75,3953
48,3952
96,3950
48,3949
-32,3948
-87,3947
18,3946
87,3945
90,3944
10,3943
96,3942
-15,3941
16,3940
-78,3939
47,3937
-29,3936
29,3935
27,3934
40,3933
-54,3931
30,3929
54,3928
-16,3927
96,3926
-59,3925
67,3924
-87,3923
94,3922
-8,3920
-93,3919
90,3917
37,3913
72,3912
-7,3911
98,3910
36,3909
14,3908
26,3907
-9,3906
-21,3905
2,3903
-65,3902
17,3901
30,3898
-72,3897
-87,3896
-40,3895
16,3894
-8,3893
58,3892
29,3891
-95,3890
39,3889
-6,3888
94,3887
-67,3885
88,3884
11,3883
62,3882
-23,3881
80,3880
-79,3878
-93,3877
85,3876
91,3875
-37,3874
-90,3873
-34,3872
89,3871
-21,3869
-53,3868
-37,3866
31,3865
41,3863
-38,3861
-1,3860
-94,3859
8,3857
-25,3856
-7,3855
20,3854
-27,3853
-59,3851
84,3849
54,3848
91,3846
-79,3842
-98,3841
-35,3840
-80,3839
-94,3838
63,3837
38,3834
35,3833
32,3832
6,3828
-14,3824
-10,3822
10,3821
83,3820
44,3819
-85,3818
-70,3817
-21,3816
-15,3815
-13,3813
-64,3812
69,3811
80,3810
-12,3809
76,3808
26,3807
62,3806
40,3805
25,3804
63,3802
-84,3801
-57,3800
73,3799
58,3798
100,3797
64,3796
43,3795
-59,3794
-34,3793
-60,3792
71,3791
-12,3790
79,3788
-40,3787
66,3785
19,3784
-38,3782
49,3781
41,3780
85,3779
83,3778
-18,3777
80,3776
74,3775
-46,3773
-82,3772
-87,3771
-80,3770
79,3769
14,3768
-85,3767
70,3765
-94,3764
29,3763
-28,3762
87,3756
-34,3754
50,3752
-6,3751
53,3750
70,3749
84,3748
-88,3747
76,3746
-42,3745
94,3744
48,3743
-70,3742
85,3741
79,3739
35,3738
59,3736
-79,3735
-93,3734
25,3733
99,3732
95,3731
68,3730
-47,3729
70,3728
54,3726
9,3725
49,3724
-36,3723
-7,3722
-56,3721
-54,3719
-97,3717
80,3716
94,3715
-2,3713
-24,3712
-29,3711
-67,3709
24,3708
-44,3707
-91,3705
95,3704
83,3703
-37,3702
-37,3699
30,3698
71,3697
55,3696
10,3695
10,3694
-12,3693
-19,3692
-2,3690
-49,3688
-25,3687
-46,3686
82,3685
22,3683
-89,3682
13,3681
-71,3679
61,3678
-4,3677
2,3675
-61,3674
-31,3672
27,3671
8,3670
-91,3668
-35,3667
-79,3666
-23,3665
-12,3664
-73,3662
-23,3659
-93,3658
-4,3657
58,3656
83,3655
-35,3653
21,3650
-22,3649
-83,3648
36,3646
-75,3645
-32,3644
89,3643
74,3642
-18,3640
75,3639
27,3638
-78,3637
-77,3636
-5,3635
80,3634
32,3632
32,3631
92,3630
12,3628
37,3627
-20,3626
-3,3625
-59,3624
11,3623
72,3622
80,3620
-86,3619
77,3618
-38,3616
3,3615
3,3613
-100,3612
-98,3610
-88,3609
15,3608
-26,3607
-20,3606
92,3604
39,3603
8,3602
-22,3600
27,3599
27,3598
-3,3597
67,3595
9,3593
-87,3591
42,3590
19,3589
94,3587
-56,3586
46,3583
28,3581
-40,3579
-62,3578
84,3577
63,3576
-72,3575
67,3573
85,3572
13,3571
-41,3570
46,3569
-42,3568
-23,3567
-37,3566
88,3564
25,3562
-8,3560
70,3559
82,3558
12,3557
94,3556
-45,3555
66,3553
0,3548
83,3547
-53,3546
11,3545
79,3543
81,3541
72,3540
55,3539
98,3538
80,3536
-28,3535
-55,3534
-89,3533
-96,3532
-10,3531
-67,3530
35,3527
-1,3526
64,3525
48,3524
-81,3523
-98,3521
-4,3520
89,3516
-90,3515
-24,3514
57,3513
49,3512
-42,3511
71,3510
-19,3509
67,3508
-62,3507
4,3506
48,3504
31,3503
72,3500
-57,3498
38,3496
-25,3495
-42,3494
-14,3492
-56,3491
89,3490
55,3489
15,3488
-48,3487
85,3486
-14,3485
-55,3484
-30,3481
99,3479
-49,3478
4,3477
49,3476
-87,3475
26,3474
76,3473
80,3471
-7,3470
-83,3469
27,3468
-97,3467
65,3466
26,3465
1,3464
32,3462
-97,3461
79,3456
-62,3455
85,3454
79,3453
93,3452
-53,3451
29,3450
-54,3448
-58,3447
-99,3446
-68,3445
95,3443
-42,3442
14,3441
51,3440
92,3438
42,3437
-1,3436
74,3430
73,3428
-66,3426
-48,3424
-91,3423
75,3421
-66,3420
-68,3419
19,3417
21,3415
100,3414
-57,3412
-72,3411
-3,3410
-4,3409
-24,3408
-29,3407
-6,3404
5,3400
-27,3398
82,3397
-28,3396
0,3395
-41,3393
-82,3392
-66,3390
-95,3387
-91,3386
-98,3385
-36,3384
-56,3383
-28,3382
2,3381
-74,3379
-40,3377
16,3375
2,3374
-39,3373
40,3371
41,3370
-56,3369
-56,3367
-94,3366
79,3365
17,3364
-18,3363
20,3362
26,3360
36,3359
5,3358
1,3356
-81,3355
30,3354
53,3353
-41,3352
12,3351
-57,3350
-43,3349
4,3347
86,3346
36,3345
82,3344
74,3343
31,3342
-92,3341
-20,3340
36,3339
75,3338
20,3337
87,3336
96,3335
78,3330
1,3329
80,3328
-1,3327
-14,3326
44,3325
-62,3324
10,3323
-11,3320
-86,3318
94,3317
71,3315
-25,3314
10,3313
46,3312
51,3311
85,3310
-62,3309
-63,3308
-48,3306
39,3305
25,3303
24,3302
64,3301
-69,3299
-97,3298
13,3297
-42,3293
-34,3292
-57,3291
-41,3290
43,3289
-25,3288
34,3287
-53,3285
-49,3284
-7,3283
-55,3282
14,3281
56,3278
-2,3277
-8,3276
70,3275
59,3273
-95,3272
-99,3271
79,3270
8,3269
-88,3268
34,3266
-28,3265
-26,3264
17,3263
74,3262
21,3261
-74,3258
-30,3257
86,3256
22,3255
-45,3254
40,3252
-12,3250
91,3249
67,3248
-93,3246
-30,3245
-14,3244
76,3242
19,3239
-24,3238
68,3237
-49,3236
-39,3235
50,3232
-28,3231
100,3230
-33,3229
-66,3227
21,3225
-90,3224
-74,3223
92,3222
-11,3221
-60,3220
-13,3218
-14,3217
-78,3216
86,3215
-1,3214
46,3213
2,3211
85,3210
44,3209
-1,3207
86,3206
-33,3205
17,3204
-68,3203
-14,3202
96,3201
-38,3200
13,3199
-57,3198
53,3197
-30,3194
63,3192
-87,3191
-35,3190
41,3189
91,3187
-59,3185
-24,3184
12,3183
91,3182
-83,3181
11,3178
-24,3177
9,3176
49,3175
-59,3174
-64,3173
-37,3172
-87,3171
43,3170
61,3169
13,3168
25,3165
-36,3164
-39,3163
14,3161
7,3160
81,3159
-2,3158
100,3156
21,3155
-86,3154
-26,3153
-77,3149
26,3148
-58,3146
-17,3145
-92,3144
-81,3143
-32,3142
93,3141
21,3139
-62,3138
-23,3137
73,3136
-71,3134
-77,3132
73,3131
-68,3130
80,3129
-87,3128
-60,3127
39,3126
-41,3125
-58,3124
-69,3123
10,3122
63,3121
81,3117
-5,3114
55,3113
-54,3111
5,3110
-20,3108
35,3107
-91,3105
-100,3104
-74,3103
94,3102
-41,3101
22,3099
100,3098
-2,3097
-57,3096
-79,3095
63,3094
57,3093
24,3092
-40,3090
-46,3088
-62,3087
94,3086
-54,3085
80,3084
6,3083
88,3082
-68,3081
-48,3080
-56,3078
-45,3075
-48,3073
44,3072
-42,3070
-17,3068
-92,3067
-11,3065
-24,3063
-57,3062
46,3061
43,3060
-2,3058
60,3057
-83,3055
-100,3054
3,3052
-23,3051
-2,3050
86,3049
-70,3048
-48,3047
45,3046
30,3045
-20,3044
71,3043
99,3042
15,3041
46,3040
-96,3039
-69,3037
35,3036
-28,3035
-40,3034
92,3033
100,3032
-69,3031
-35,3029
55,3028
-6,3027
-76,3026
24,3025
-22,3024
38,3023
-15,3022
-29,3021
43,3020
50,3019
33,3018
-72,3016
27,3015
-95,3014
34,3013
-37,3011
11,3010
90,3009
-59,3008
-50,3007
49,3006
73,3005
-64,3004
1,3003
-54,3001
7,2999
-85,2998
-82,2997
-34,2996
94,2995
42,2994
14,2993
-41,2992
46,2991
-46,2989
28,2987
-24,2986
-39,2985
8,2982
-87,2981
-81,2977
89,2976
-67,2975
-43,2974
-86,2973
38,2972
71,2971
-11,2970
-79,2969
0,2967
27,2966
63,2965
-9,2964
-42,2963
-100,2962
-71,2961
99,2960
-40,2959
83,2958
-7,2957
-19,2956
92,2955
5,2954
-7,2953
71,2951
74,2950
21,2949
50,2948
35,2945
91,2944
30,2943
-87,2940
19,2939
-16,2938
13,2937
-37,2936
-95,2935
-26,2934
4,2933
-29,2932
-23,2931
52,2929
44,2928
89,2927
-3,2926
69,2925
-39,2924
-87,2923
-92,2922
-97,2921
82,2920
83,2919
-34,2918
-29,2916
-14,2915
81,2914
-66,2913
84,2912
100,2909
-61,2908
-98,2905
-70,2904
8,2903
47,2901
7,2899
30,2898
47,2895
59,2894
-41,2893
-55,2891
85,2890
-2,2889
-34,2886
81,2885
44,2883
1,2882
52,2881
-29,2880
59,2879
2,2877
57,2876
-89,2875
-61,2873
88,2872
32,2871
-50,2870
-33,2869
-60,2868
29,2867
13,2866
0,2864
61,2862
-3,2861
-55,2859
-3,2858
-93,2857
83,2856
20,2853
63,2852
13,2850
49,2849
-31,2848
29,2846
-96,2845
7,2844
-60,2843
66,2842
28,2841
-36,2840
85,2839
-52,2838
99,2837
74,2836
79,2834
62,2831
83,2830
21,2829
74,2828
3,2826
-20,2825
-18,2823
-21,2822
-46,2821
-81,2820
-45,2818
-98,2817
95,2815
24,2814
-70,2813
-67,2812
-96,2809
29,2808
72,2807
10,2806
43,2805
72,2804
-33,2803
29,2802
65,2801
53,2799
-4,2798
-39,2797
73,2796
-82,2795
-41,2793
-56,2790
-94,2789
73,2787
-65,2786
14,2785
-53,2784
84,2782
-78,2781
70,2780
-69,2776
-66,2775
-50,2774
-70,2773
-34,2772
78,2771
-84,2767
-69,2766
69,2765
-82,2764
-75,2761
92,2760
-79,2757
-55,2754
-33,2753
-85,2752
-16,2751
57,2750
74,2744
100,2743
-38,2740
95,2739
-33,2738
-28,2737
27,2736
33,2735
57,2734
-97,2733
-62,2732
-53,2731
63,2730
23,2729
7,2728
81,2727
36,2726
57,2725
45,2724
24,2723
43,2722
45,2721
62,2720
-7,2719
98,2717
94,2716
76,2715
92,2714
-22,2713
15,2711
-49,2710
1,2709
-39,2708
-23,2707
30,2706
69,2704
56,2700
18,2699
-49,2698
-37,2696
-81,2695
89,2694
-45,2693
40,2691
54,2689
7,2688
0,2687
-38,2686
39,2685
13,2684
-21,2683
-8,2682
-69,2680
76,2679
-72,2678
-20,2677
6,2676
3,2675
34,2674
18,2673
-60,2672
-27,2671
16,2669
-30,2666
-98,2665
87,2663
53,2660
-14,2659
44,2658
-56,2657
47,2656
15,2655
75,2654
93,2652
65,2650
-1,2649
40,2648
62,2647
-13,2646
-37,2645
43,2644
28,2643
-78,2641
54,2640
62,2639
20,2638
31,2637
-17,2636
36,2635
96,2634
-59,2633
-87,2631
-3,2630
-61,2628
95,2627
-59,2626
47,2625
94,2624
-31,2623
-2,2622
-27,2621
63,2620
56,2618
-7,2616
76,2615
-85,2614
-70,2612
-34,2611
81,2610
-50,2609
-57,2608
-75,2607
-34,2606
18,2604
53,2603
47,2602
53,2601
-68,2600
70,2599
-27,2598
-62,2597
47,2596
-47,2595
-29,2594
16,2593
22,2592
-20,2590
-21,2589
-78,2587
98,2585
-3,2582
21,2581
-23,2579
2,2578
8,2577
-93,2576
-95,2575
-2,2574
60,2573
-81,2572
-41,2571
1,2570
-53,2569
12,2568
-80,2565
87,2564
95,2563
76,2561
-61,2559
-28,2557
52,2556
-95,2555
51,2554
31,2553
36,2552
-55,2551
88,2550
57,2548
25,2547
-44,2546
91,2543
-43,2541
-54,2540
100,2539
34,2538
55,2535
-98,2534
12,2533
98,2532
84,2531
5,2530
4,2529
51,2528
-13,2527
-32,2526
73,2524
83,2523
86,2522
-80,2521
42,2519
-47,2518
-92,2517
34,2516
-79,2515
17,2514
56,2513
-96,2512
24,2509
-63,2508
-3,2507
-73,2506
-40,2505
15,2502
-65,2501
72,2500
-2,2499
-70,2498
-82,2497
77,2496
-55,2495
-100,2494
-79,2493
3,2492
32,2491
-50,2490
83,2488
-57,2487
-59,2485
97,2484
-83,2483
-3,2482
-21,2480
42,2479
-22,2478
41,2477
-58,2476
97,2475
-64,2473
35,2472
-10,2471
-69,2467
-71,2466
-67,2465
78,2464
-15,2463
-6,2462
99,2461
-96,2460
58,2459
43,2458
-67,2457
89,2456
-57,2454
-47,2452
-40,2450
-97,2449
-36,2448
-54,2447
62,2446
-14,2445
-86,2444
-57,2443
52,2441
-67,2440
50,2439
-6,2437
12,2436
-76,2434
73,2433
67,2432
13,2429
33,2428
-35,2427
57,2426
10,2425
7,2424
54,2423
71,2421
-25,2419
26,2418
34,2417
-91,2414
52,2413
-91,2412
30,2410
10,2409
-40,2408
-93,2407
-91,2405
56,2404
-89,2403
39,2402
5,2401
100,2400
-8,2399
-35,2398
-8,2396
-81,2394
64,2391
90,2390
-56,2389
-78,2388
64,2383
-36,2382
59,2381
92,2380
72,2379
21,2378
-47,2376
-60,2375
82,2373
54,2372
-33,2371
52,2370
8,2369
-98,2368
51,2367
-61,2366
6,2364
-29,2363
85,2362
11,2360
78,2359
60,2358
-3,2357
87,2356
98,2354
-21,2349
-78,2348
34,2347
-41,2346
100,2345
77,2344
-22,2342
-74,2341
62,2340
71,2338
-99,2337
-15,2335
-15,2334
37,2333
49,2332
42,2331
59,2330
38,2329
85,2328
76,2326
71,2325
89,2324
-78,2323
-46,2322
-29,2321
-1,2319
29,2318
-95,2317
-28,2316
50,2315
77,2314
41,2313
-69,2312
90,2306
-68,2304
-4,2303
73,2300
-6,2299
34,2298
-45,2296
-2,2295
32,2294
-1,2293
96,2291
18,2290
-85,2289
94,2287
-43,2286
-82,2285
-78,2284
-11,2283
86,2282
39,2281
36,2280
11,2279
61,2278
32,2277
82,2276
-5,2275
-64,2274
-62,2273
-31,2272
100,2271
-29,2269
5,2268
99,2267
-91,2266
-30,2265
76,2260
38,2259
34,2258
-74,2257
-29,2256
-45,2255
-75,2254
47,2253
23,2252
-95,2251
54,2250
-98,2249
100,2248
24,2247
-49,2246
15,2245
60,2241
66,2240
70,2237
25,2236
-64,2235
-34,2233
22,2232
-47,2231
-78,2230
-16,2229
11,2225
-10,2224
21,2223
2,2222
-17,2221
72,2220
-87,2219
-28,2218
-7,2216
-31,2215
-7,2214
-71,2213
75,2210
80,2209
83,2207
50,2206
-38,2203
68,2202
13,2201
-9,2199
-58,2198
2,2194
61,2192
-52,2190
-81,2189
-68,2188
77,2187
-53,2186
38,2183
-37,2182
22,2181
-2,2179
-30,2176
4,2175
12,2174
80,2173
-97,2172
77,2171
11,2170
-15,2169
-46,2168
-94,2166
20,2164
16,2163
79,2162
34,2161
-50,2160
-82,2159
-51,2158
-92,2157
13,2156
23,2155
-33,2154
8,2153
-88,2152
43,2151
47,2150
-18,2149
-74,2148
-53,2147
-99,2146
23,2143
19,2142
15,2141
44,2139
-35,2138
-43,2137
-39,2136
27,2135
24,2134
30,2133
9,2132
-45,2129
77,2127
50,2126
39,2124
-29,2123
-98,2122
94,2121
-16,2120
54,2118
37,2117
-70,2116
-71,2115
-80,2114
34,2113
-64,2112
-58,2111
-1,2109
-13,2108
68,2107
-80,2106
-48,2104
53,2103
15,2102
-14,2101
-1,2100
61,2099
17,2098
-55,2097
78,2096
12,2095
-37,2094
-20,2093
-86,2091
40,2090
24,2089
-100,2087
-56,2086
76,2085
-55,2084
-77,2082
6,2081
-97,2080
3,2079
-100,2077
-32,2076
83,2075
92,2071
-11,2068
33,2067
-64,2064
74,2062
44,2061
-37,2060
17,2059
-1,2057
93,2056
48,2055
2,2054
39,2052
-35,2051
-82,2049
68,2048
14,2047
23,2045
32,2043
34,2041
26,2040
6,2038
-69,2037
12,2036
-96,2034
75,2033
-100,2032
-36,2031
28,2030
-67,2029
-7,2028
-54,2027
73,2026
-16,2024
-18,2023
-9,2022
-84,2021
-18,2020
1,2019
6,2018
28,2017
25,2016
-38,2015
63,2014
28,2013
-95,2011
61,2010
-41,2008
77,2005
91,2004
19,2003
79,2002
-25,2001
-50,2000
-18,1999
43,1996
97,1995
66,1994
-71,1993
-29,1991
-96,1990
18,1989
-22,1987
-26,1986
-50,1984
-96,1983
-21,1981
-93,1980
97,1979
-83,1978
-38,1976
26,1975
-86,1974
-78,1973
-78,1972
-8,1970
6,1968
52,1966
-79,1965
30,1964
58,1963
22,1962
90,1961
-96,1960
61,1959
-87,1958
14,1957
92,1954
40,1953
53,1951
-34,1950
-1,1949
8,1948
20,1947
63,1946
-48,1945
96,1943
-24,1942
75,1941
30,1940
-13,1939
77,1937
-85,1936
66,1935
-7,1934
74,1929
-29,1927
-9,1926
-46,1925
-55,1924
73,1923
-74,1922
6,1921
58,1918
-24,1917
-67,1916
-44,1914
84,1913
-56,1912
98,1911
22,1910
-37,1909
23,1907
17,1906
-15,1904
5,1902
68,1901
-60,1900
-95,1899
37,1898
89,1897
-3,1896
-52,1892
-61,1890
-95,1889
-62,1888
17,1887
27,1884
-30,1883
-2,1882
12,1881
34,1880
33,1879
-4,1878
34,1877
-60,1875
-34,1874
6,1873
-31,1871
-8,1870
70,1868
-58,1867
54,1866
45,1865
-52,1864
-22,1863
-53,1862
98,1861
-95,1860
17,1859
96,1857
-59,1856
64,1855
-25,1854
77,1853
79,1852
-70,1849
-93,1848
95,1847
-19,1845
-18,1843
58,1842
-44,1840
38,1839
-97,1838
12,1836
-88,1835
33,1833
-32,1832
70,1831
-24,1830
55,1829
54,1828
23,1827
52,1826
-67,1824
27,1823
4,1822
84,1821
64,1820
-70,1819
-53,1818
71,1817
77,1816
-98,1815
0,1814
52,1813
60,1812
-92,1811
-83,1810
-59,1809
-94,1808
-70,1807
-13,1806
24,1805
11,1804
27,1803
-42,1802
-83,1800
63,1799
-78,1797
-12,1796
81,1795
-69,1794
-49,1793
74,1792
-37,1790
-99,1789
21,1788
-47,1787
74,1786
5,1785
-92,1784
-97,1783
85,1782
-53,1780
23,1779
-78,1778
-28,1777
-20,1776
39,1775
58,1774
88,1772
78,1771
-100,1770
6,1769
32,1767
-77,1766
-2,1765
-82,1763
-44,1761
77,1759
84,1758
-67,1757
57,1756
60,1754
-6,1753
-75,1752
-37,1751
19,1750
-6,1749
-44,1748
100,1747
7,1745
-9,1744
56,1743
79,1742
53,1741
47,1740
6,1739
30,1738
-54,1737
79,1736
14,1734
38,1733
-77,1732
-87,1731
-15,1730
4,1729
-50,1728
53,1727
-18,1725
75,1724
-93,1723
11,1721
-31,1720
39,1719
-93,1717
-74,1714
-34,1713
78,1712
70,1710
12,1709
-6,1708
51,1706
-45,1705
-19,1704
23,1702
89,1701
82,1700
-93,1698
-49,1696
44,1695
-12,1694
-46,1693
-39,1692
55,1691
64,1690
-8,1686
25,1685
-34,1684
-31,1683
-89,1682
-7,1681
-16,1679
45,1678
32,1677
-85,1676
-45,1675
74,1674
7,1670
-84,1669
-54,1667
-27,1665
33,1664
8,1662
-76,1661
0,1660
-83,1659
-20,1658
40,1657
-15,1656
-11,1655
33,1653
-30,1652
-82,1650
-13,1647
88,1646
-67,1645
68,1643
17,1642
68,1641
-62,1639
-10,1638
2,1637
-21,1636
-54,1635
59,1634
69,1632
27,1631
16,1630
60,1629
-43,1628
-75,1627
63,1623
35,1622
52,1621
68,1620
-7,1619
34,1617
76,1616
-6,1614
-63,1613
16,1612
56,1609
-8,1608
20,1607
-86,1606
-29,1604
31,1603
-79,1602
-44,1601
79,1598
-57,1596
-40,1595
-57,1593
57,1592
45,1591
-58,1588
-68,1587
-86,1586
-60,1585
68,1583
37,1582
-71,1580
-40,1579
-91,1577
47,1576
32,1574
10,1572
10,1571
-86,1570
-36,1568
16,1566
23,1565
37,1564
64,1562
-88,1561
-36,1559
-98,1557
8,1555
48,1554
1,1553
34,1551
39,1550
-57,1549
-85,1547
-74,1545
3,1544
-72,1540
67,1538
-80,1534
99,1533
-8,1532
47,1530
-42,1529
50,1528
26,1526
-7,1525
-74,1524
42,1523
-100,1521
-18,1520
-92,1519
-48,1518
-79,1515
21,1514
-35,1513
80,1512
-63,1511
79,1509
-36,1507
-25,1506
1,1505
-99,1504
-54,1503
-69,1502
-59,1501
-99,1500
-8,1499
36,1498
77,1497
93,1495
55,1494
-63,1493
-47,1492
30,1491
-39,1490
40,1489
-89,1488
92,1487
-44,1486
70,1485
-5,1484
15,1483
13,1482
30,1481
-35,1480
-57,1479
-30,1476
-39,1475
-94,1473
75,1472
81,1470
-60,1469
17,1468
-33,1467
87,1465
84,1463
-83,1461
12,1460
-88,1459
3,1458
-81,1456
-30,1455
-78,1454
52,1453
-45,1452
-86,1451
-50,1450
-32,1449
8,1448
-49,1446
42,1445
-90,1444
58,1443
-60,1442
62,1441
93,1439
27,1438
69,1437
18,1435
-13,1433
89,1432
16,1431
-49,1430
-49,1428
60,1427
-66,1426
12,1425
90,1424
-28,1422
84,1421
88,1420
-67,1417
-28,1416
87,1415
53,1414
-4,1412
-78,1410
49,1409
-46,1408
7,1407
0,1406
23,1405
-34,1404
-21,1402
47,1401
-65,1400
-30,1399
23,1397
-89,1396
87,1395
-28,1394
55,1393
-8,1392
-29,1389
82,1388
-74,1387
26,1385
-39,1384
26,1383
79,1382
37,1380
40,1378
-100,1377
-78,1376
37,1375
54,1374
92,1372
-21,1371
-34,1370
91,1369
72,1367
98,1366
-95,1365
-27,1363
-96,1362
20,1360
14,1358
-12,1357
-49,1355
31,1354
89,1353
81,1352
49,1350
35,1349
-48,1347
15,1346
-42,1345
-81,1344
-74,1343
-30,1341
-81,1340
13,1339
-17,1338
62,1337
-29,1336
19,1334
-74,1332
42,1330
72,1329
-21,1328
46,1327
47,1326
31,1325
-26,1323
38,1322
57,1320
-84,1319
-63,1318
65,1317
9,1316
65,1315
-4,1314
-82,1312
-70,1311
-7,1310
-38,1309
-85,1306
-41,1305
54,1304
79,1302
-90,1300
-13,1299
12,1298
-60,1296
-8,1295
-65,1294
87,1293
-20,1292
10,1291
-24,1290
-24,1289
-2,1287
52,1285
-63,1284
-59,1283
99,1282
-95,1281
-69,1278
9,1277
96,1276
-9,1275
96,1274
-61,1273
-36,1268
26,1266
-92,1265
-21,1264
-54,1263
-63,1262
-79,1261
52,1260
13,1259
13,1257
-28,1256
25,1255
37,1254
100,1253
-56,1252
-50,1251
-40,1250
20,1249
-40,1248
-80,1247
13,1245
43,1244
80,1243
-30,1241
61,1240
3,1238
94,1237
85,1236
82,1234
48,1231
18,1228
-35,1227
50,1226
-3,1225
28,1224
25,1223
1,1222
-98,1221
40,1218
39,1217
25,1216
61,1215
-95,1214
73,1213
-77,1212
-51,1211
59,1210
29,1209
49,1208
-13,1207
-93,1205
29,1204
-88,1200
23,1199
-73,1198
56,1196
-61,1195
-53,1194
-2,1193
-59,1192
9,1189
59,1188
8,1187
7,1183
-75,1182
-30,1181
37,1180
-75,1175
-84,1174
-62,1172
68,1171
36,1170
-35,1169
-21,1168
50,1167
16,1166
-21,1165
-9,1164
-89,1163
64,1158
13,1157
47,1156
-49,1154
-13,1153
-62,1151
-32,1150
-46,1148
-77,1147
-54,1146
-96,1145
-65,1143
93,1142
5,1141
34,1140
60,1139
-57,1138
12,1137
-97,1135
37,1134
13,1133
82,1132
6,1131
74,1130
18,1129
-31,1128
36,1125
88,1124
-43,1122
-1,1121
44,1118
80,1117
-55,1116
88,1114
-27,1113
-14,1112
61,1111
-40,1108
66,1107
73,1106
71,1105
-79,1104
20,1103
30,1102
52,1100
-56,1099
-72,1098
-40,1096
25,1095
55,1093
-35,1092
71,1090
-11,1088
-96,1087
48,1086
-100,1085
-81,1084
-18,1083
-91,1081
81,1080
10,1079
32,1078
36,1077
-90,1076
94,1075
-13,1074
-70,1073
-95,1071
-65,1070
79,1069
-50,1068
-38,1067
-88,1066
54,1065
-34,1063
-89,1061
-57,1060
59,1059
29,1056
-52,1055
-90,1054
29,1053
72,1052
9,1051
-36,1050
-65,1049
-14,1048
63,1047
-60,1046
-86,1045
47,1044
-15,1042
82,1041
31,1040
60,1039
-33,1038
19,1037
53,1036
55,1035
15,1034
-14,1032
5,1031
-99,1030
38,1029
-18,1027
-60,1026
93,1025
-7,1023
48,1022
13,1020
-96,1017
91,1014
61,1013
-30,1012
36,1011
-74,1009
-61,1008
42,1007
-36,1005
78,1004
43,1002
-55,1001
-86,1000
69,999
84,997
93,995
-76,992
89,991
67,990
45,987
39,986
-63,985
-48,984
40,981
-12,979
-34,978
-88,977
0,976
-21,975
92,973
-54,972
-36,971
21,970
-17,969
-1,968
27,967
-76,966
93,965
26,964
-46,963
-14,962
5,960
-61,959
-25,958
1,956
73,955
-68,954
4,952
-33,950
64,949
-22,948
-24,947
-67,946
25,944
43,943
62,942
-15,941
-70,940
-86,938
62,937
9,934
96,933
-56,932
63,929
47,928
-81,926
43,925
-17,924
-12,922
22,921
76,920
-1,919
-25,917
-42,916
-66,915
81,914
24,913
-27,912
-19,911
-84,910
16,909
11,908
1,907
62,906
78,904
3,903
36,902
24,901
81,898
-76,897
-52,896
18,895
45,894
-32,893
-57,892
100,890
-23,888
64,887
82,886
-6,885
-23,884
25,883
-15,882
-51,880
70,879
-42,878
-71,876
-25,875
73,874
-8,873
-1,872
50,871
-25,870
92,868
-44,866
64,865
-89,863
-98,862
-9,861
-86,860
60,859
-29,858
83,856
-76,855
-98,854
-40,853
47,852
-69,851
78,850
-60,847
43,846
43,845
-73,842
-43,841
97,838
-20,836
84,835
-5,834
-29,833
-12,832
-32,831
78,830
64,829
-88,828
29,827
-13,826
-68,825
-80,822
-67,820
42,819
-17,818
-92,816
-20,812
-21,811
-92,810
60,809
30,807
91,806
11,805
-80,804
11,803
-53,802
10,801
-77,799
-75,798
-46,796
-75,795
23,794
27,793
-25,792
-69,789
96,788
73,787
-79,784
-66,783
100,782
15,781
-32,779
83,778
-30,777
51,775
-56,774
9,772
-98,771
-20,767
-10,766
-29,764
64,763
-56,762
-41,761
-5,760
-45,759
-4,756
45,755
-77,753
90,752
-42,751
62,750
-40,749
-43,748
-20,747
-6,745
60,744
1,743
-19,741
27,740
-71,739
50,738
59,736
-82,735
11,734
44,733
-89,732
29,731
-15,729
-41,728
-96,727
66,726
-50,725
-67,723
60,722
55,721
20,720
62,717
-57,716
-72,715
-95,713
59,712
90,711
-4,710
79,708
-90,707
17,706
26,705
41,704
15,703
-23,701
-59,700
-70,699
-44,698
-16,697
1,696
-97,695
-46,694
-84,693
-31,692
-49,691
-19,690
-93,689
-53,688
-33,687
26,686
38,684
5,683
-45,682
69,681
98,680
-98,679
21,677
4,676
35,675
55,674
34,673
-42,672
-97,670
66,669
-88,668
-22,667
-17,666
-82,665
53,664
34,662
6,661
-31,660
-58,658
-38,657
-91,656
46,655
-5,654
-19,653
41,652
13,651
-61,650
-84,649
-84,648
39,647
-100,646
-61,645
44,644
69,643
22,641
-59,640
-53,639
-33,638
46,637
9,636
-10,634
71,633
-83,632
-24,630
32,629
-27,628
7,627
-55,626
-23,625
96,624
-53,622
54,619
-79,618
-51,617
0,616
63,615
-8,614
65,611
-71,610
-72,609
-29,607
-92,606
85,604
-3,603
26,602
-81,601
-86,600
77,599
95,598
79,595
52,594
3,592
30,591
87,590
-68,586
-20,585
26,584
-42,582
-39,581
-94,578
-13,577
-70,575
-34,574
-96,573
-39,572
81,571
-37,570
-77,569
-35,567
-4,566
86,565
-76,562
-5,561
-31,559
-89,558
54,557
-100,556
99,555
12,552
64,551
64,550
-55,549
-88,548
-72,547
-79,546
-87,545
16,544
-96,543
14,542
78,541
94,540
57,539
9,538
54,537
-65,536
-93,535
94,534
-81,533
48,532
52,531
-1,529
25,528
-93,527
46,526
-17,525
-55,524
97,523
-80,522
26,519
-40,518
13,517
23,516
-1,515
15,514
16,513
-9,512
91,511
-87,510
-54,509
37,508
58,507
74,506
34,505
71,504
-40,503
95,499
71,498
-54,497
-44,496
-11,495
56,494
-24,493
-96,492
-18,491
71,490
-56,489
73,488
-91,486
-31,484
91,483
-77,482
62,480
-97,478
-54,477
48,476
-39,475
70,474
-42,473
-95,472
-16,471
54,470
2,469
17,468
-84,467
55,466
-86,465
50,464
41,463
-40,462
-96,461
-95,458
81,457
55,456
-20,455
-92,453
-55,451
25,448
-65,447
65,446
81,445
26,444
75,443
-55,438
-99,435
-55,434
-49,433
68,432
50,431
-66,430
-13,429
69,428
-7,427
88,423
-90,422
-91,421
19,419
92,418
77,417
89,415
14,414
27,412
46,411
81,410
77,409
2,408
59,407
37,406
-30,404
-92,403
29,402
43,401
-20,399
-54,397
65,395
-8,394
-35,391
-81,389
-66,388
-99,387
58,386
-74,384
-85,383
-74,382
-12,380
8,379
-77,378
0,377
-44,376
-41,375
-22,374
27,372
71,370
-75,369
77,368
-54,367
83,366
51,365
15,364
-57,363
83,362
-83,361
68,358
-29,357
83,356
56,355
26,354
31,353
-47,352
66,351
-98,350
18,349
43,347
86,346
-20,345
64,344
68,341
15,339
54,336
85,335
-77,334
85,333
50,331
85,328
17,327
65,325
-64,324
60,323
42,322
2,321
-17,320
16,319
-27,318
-67,317
69,316
-57,315
-71,314
-51,312
-43,311
-62,310
-88,308
-55,307
60,305
41,304
-66,303
-37,302
-23,301
13,300
-90,299
-42,298
-76,297
80,295
-87,294
94,293
3,292
32,291
-85,290
-92,289
-28,288
82,284
-1,282
4,281
-16,279
7,278
53,277
71,274
-100,273
-70,272
-91,271
-75,270
54,269
54,267
-73,265
38,264
53,263
-5,262
50,261
69,260
-46,259
75,256
-66,253
-76,252
72,251
19,250
36,249
77,247
96,246
37,245
55,244
-85,243
-55,240
-1,239
-26,237
84,236
-86,235
29,234
-38,233
87,232
36,231
70,229
6,228
21,226
-50,225
-95,222
67,221
33,220
-51,219
-8,218
56,217
86,216
-63,215
24,214
25,213
-5,212
-69,209
73,208
59,207
-54,206
1,204
-76,203
5,202
7,201
-2,200
-14,197
-6,196
27,195
-44,193
67,192
50,191
-52,190
-28,189
-97,188
-6,187
-86,186
-87,183
97,182
85,180
-36,179
87,176
44,175
86,173
19,172
71,170
44,169
81,168
62,164
58,163
33,161
12,159
13,157
-24,155
82,153
0,152
-94,151
86,149
33,148
87,147
-68,146
-24,145
-69,144
-25,142
57,141
19,139
45,138
-75,137
-9,134
-21,131
96,129
-25,128
67,127
-7,126
-3,125
64,123
-96,122
-77,121
62,120
73,118
-16,117
88,116
51,115
80,114
-37,113
26,112
-83,111
-74,110
-16,108
59,107
-85,106
3,104
-93,102
-93,101
-72,100
-92,99
-76,98
-27,96
50,95
83,94
-99,93
85,92
-89,91
-79,90
-70,89
-39,88
40,86
98,85
-97,82
-75,81
38,80
-69,79
-4,78
-57,77
-80,76
-17,75
87,74
-29,73
-95,72
21,71
-59,70
24,69
4,68
22,67
-59,64
-39,63
-92,61
3,60
-43,59
-36,58
39,57
66,55
43,54
15,53
79,52
29,50
66,49
-36,48
80,47
-3,46
66,45
69,44
68,42
76,40
68,39
14,37
15,35
-39,34
63,32
20,31
22,30
19,29
-64,28
46,27
95,25
-65,24
-89,23
-19,22
74,20
41,18
-3,17
-73,16
-100,15
92,14
-97,13
-13,12
1,9
-44,8
16,7
-60,6
-75,5
-78,4
58,3
70,2
-42,1
23,0
