39,9999
-26,9997
30,9996
24,9995
89,9993
-71,9992
-44,9991
-3,9989
84,9985
35,9983
7,9982
69,9981
22,9980
-60,9979
-54,9978
74,9977
-28,9976
-61,9975
2,9974
97,9973
-68,9972
-19,9971
92,9970
-2,9969
33,9968
-4,9967
-97,9966
3,9965
80,9964
46,9963
-26,9962
-100,9961
49,9959
98,9957
81,9956
33,9955
-80,9954
-76,9953
63,9952
29,9951
50,9950
45,9949
26,9948
-6,9946
64,9945
-77,9943
4,9941
-85,9940
31,9939
-2,9938
-54,9937
8,9936
62,9935
-12,9934
-82,9933
-97,9932
93,9931
-71,9930
39,9927
93,9925
-53,9924
-78,9923
-96,9922
-23,9921
-5,9920
-67,9919
57,9918
18,9915
100,9913
60,9912
-58,9911
-62,9910
-59,9908
98,9907
97,9906
-32,9905
35,9904
84,9903
-27,9902
-32,9901
-69,9900
43,9899
35,9898
-75,9897
92,9896
38,9895
78,9894
21,9893
31,9892
26,9891
57,9889
6,9887
1,9886
36,9884
2,9883
44,9881
-65,9879
64,9878
28,9877
19,9876
-6,9875
9,9874
-72,9873
53,9872
38,9868
-10,9867
-56,9866
32,9865
-99,9864
12,9863
-23,9862
93,9861
-21,9860
47,9859
91,9858
-90,9857
-17,9856
80,9854
-72,9852
24,9851
-67,9850
68,9849
-19,9848
53,9844
-37,9843
64,9842
44,9841
94,9840
-51,9839
14,9838
-25,9836
79,9835
-9,9834
64,9832
73,9831
96,9830
79,9829
-69,9828
-54,9826
5,9825
-58,9824
-92,9823
-24,9822
-86,9821
-85,9820
-2,9819
-33,9818
32,9817
-65,9816
68,9815
-78,9813
26,9812
67,9810
-85,9807
38,9806
-88,9804
-58,9803
19,9802
75,9799
-41,9798
95,9797
42,9795
30,9792
18,9791
17,9790
48,9789
-48,9788
68,9783
70,9781
4,9780
-60,9779
4,9778
-4,9777
65,9776
-52,9775
41,9773
-69,9772
-81,9771
1,9769
88,9768
16,9767
85,9766
34,9764
-27,9762
-27,9761
-75,9760
-10,9758
-49,9756
58,9755
-23,9754
54,9751
90,9750
42,9749
88,9748
-54,9747
2,9745
-9,9744
74,9743
96,9742
86,9741
11,9740
-54,9739
43,9736
-5,9734
-41,9733
61,9732
-90,9731
71,9730
-58,9729
78,9728
63,9727
-10,9726
55,9724
-92,9723
100,9722
-80,9720
-96,9718
94,9716
39,9714
-97,9713
55,9712
3,9711
78,9710
38,9709
66,9708
-39,9706
88,9704
99,9703
-36,9700
79,9699
1,9698
-32,9697
37,9696
16,9695
21,9694
3,9693
-16,9692
92,9691
-80,9690
51,9688
-40,9686
-34,9685
54,9684
-86,9683
-77,9682
51,9681
40,9680
23,9679
95,9678
56,9677
82,9676
62,9675
-97,9674
-6,9673
-42,9672
-10,9670
-58,9668
-37,9667
-9,9665
32,9664
-86,9663
-6,9661
24,9660
17,9659
-13,9657
35,9656
12,9655
34,9653
-83,9651
-62,9650
-2,9649
-100,9648
-74,9645
-25,9644
81,9643
-96,9641
-65,9640
12,9638
-26,9637
-60,9636
-34,9635
-53,9634
-15,9633
-79,9631
52,9630
-5,9629
-70,9628
2,9626
57,9625
-11,9623
-95,9622
-88,9621
58,9620
-3,9619
24,9618
83,9617
6,9616
-99,9614
-39,9613
-37,9612
-24,9611
-20,9610
45,9609
78,9608
97,9607
-94,9606
89,9605
-29,9604
-61,9603
-6,9602
57,9601
-3,9600
32,9599
19,9597
22,9593
-93,9592
-54,9591
97,9590
-47,9585
68,9584
73,9582
26,9581
92,9580
-64,9579
56,9576
4,9574
38,9573
52,9572
-82,9571
47,9570
-60,9569
81,9565
-39,9564
2,9562
9,9559
57,9558
34,9557
17,9555
-66,9553
-49,9552
-40,9551
35,9549
3,9548
-75,9547
-81,9545
-42,9544
-69,9543
-35,9542
87,9540
-14,9539
53,9538
98,9537
-2,9536
-65,9535
-62,9533
-52,9532
9,9531
25,9528
-58,9526
-28,9523
11,9522
2,9520
67,9519
29,9517
-31,9515
20,9514
4,9510
-63,9509
-24,9508
-51,9506
-51,9505
9,9504
68,9503
33,9500
-14,9498
68,9497
-13,9495
-92,9494
77,9493
100,9492
58,9491
-93,9490
69,9488
-20,9487
9,9486
-40,9485
-36,9483
-16,9482
-21,9481
-71,9480
36,9479
29,9478
41,9476
57,9475
60,9474
16,9472
-85,9471
-86,9470
-59,9469
2,9468
98,9467
-48,9466
67,9465
-93,9462
-92,9460
-27,9459
34,9458
-79,9457
50,9456
-47,9455
-51,9454
88,9453
-49,9452
-46,9450
11,9449
61,9448
48,9447
-37,9446
48,9445
0,9444
88,9443
-96,9442
-5,9440
6,9439
-15,9438
-18,9437
95,9436
-37,9434
-12,9432
-65,9431
-65,9430
-47,9428
15,9427
2,9425
2,9424
-84,9423
32,9422
17,9419
-37,9418
18,9413
99,9412
-64,9410
-80,9409
6,9408
-8,9407
36,9406
95,9402
-52,9401
57,9398
41,9397
-77,9396
-98,9395
2,9393
-81,9392
94,9390
82,9389
-84,9388
-88,9385
-9,9382
53,9381
55,9379
-30,9378
-82,9377
-54,9376
-6,9375
4,9374
-50,9371
-26,9370
-72,9367
-48,9365
-39,9364
-5,9363
-72,9362
-98,9361
100,9360
-66,9358
-100,9357
-85,9356
-20,9355
-15,9354
11,9351
1,9350
64,9348
-47,9346
80,9345
43,9344
93,9343
-12,9340
-11,9339
-29,9338
-74,9336
94,9335
-16,9334
-14,9333
-93,9332
84,9330
-49,9329
-81,9327
57,9326
-56,9325
93,9324
47,9323
-17,9321
51,9320
73,9318
1,9315
94,9314
6,9313
-88,9312
9,9310
-11,9308
51,9307
-4,9305
-26,9304
-38,9303
88,9302
23,9301
10,9300
-80,9299
93,9298
-45,9297
49,9296
-13,9295
-93,9294
20,9293
-95,9290
45,9287
-3,9286
87,9283
21,9282
27,9281
-77,9279
6,9278
-26,9276
97,9275
-39,9274
85,9273
-6,9272
-29,9270
-35,9267
21,9266
-25,9265
-40,9264
-52,9262
-86,9261
50,9260
-58,9258
79,9257
25,9255
-52,9253
-87,9252
22,9251
-50,9250
-100,9249
-21,9248
-14,9247
39,9245
-25,9242
-90,9240
95,9238
-95,9235
-32,9233
-42,9231
49,9230
37,9229
-60,9228
-68,9227
97,9226
74,9225
-30,9224
83,9223
24,9221
13,9220
61,9219
10,9218
2,9217
-17,9216
58,9215
-30,9214
22,9212
-56,9211
-73,9210
78,9209
25,9207
96,9205
15,9204
46,9203
-84,9200
13,9199
59,9198
-77,9197
26,9196
67,9195
93,9192
30,9191
89,9190
66,9189
-11,9187
-87,9186
54,9185
-73,9184
-14,9183
-25,9180
-87,9179
-56,9178
-18,9177
-35,9175
-68,9174
33,9171
28,9168
-59,9167
-75,9166
-34,9165
17,9164
-100,9163
9,9162
12,9161
-68,9160
15,9159
77,9158
-17,9157
-68,9156
3,9155
-21,9154
-20,9153
94,9151
-17,9148
-44,9147
-15,9146
-66,9145
93,9143
-25,9142
99,9141
-25,9138
14,9135
-23,9133
-80,9132
8,9131
7,9130
29,9129
66,9128
-3,9127
-58,9124
-77,9123
70,9121
-59,9120
-58,9117
-41,9115
-13,9114
26,9111
47,9110
90,9109
-77,9108
89,9107
39,9106
22,9105
-96,9103
28,9100
93,9099
36,9098
-41,9097
84,9095
-56,9094
24,9092
74,9091
-22,9090
91,9089
24,9086
-30,9085
5,9083
79,9082
-51,9081
-46,9080
-96,9079
-22,9078
-49,9077
60,9075
-98,9074
24,9073
-100,9068
71,9067
-12,9065
94,9064
-65,9062
-40,9061
-79,9059
12,9058
-1,9057
-1,9056
-60,9055
-70,9052
-78,9051
93,9049
-34,9047
25,9046
-67,9044
-5,9043
-30,9041
-62,9038
-6,9037
50,9032
0,9031
-13,9030
-100,9029
44,9028
-34,9027
25,9026
-53,9024
80,9022
15,9021
-30,9020
59,9019
-37,9018
0,9017
20,9015
63,9014
26,9013
-2,9011
91,9010
2,9009
-16,9008
-90,9005
-9,9004
90,9003
-49,9002
-19,9001
-69,9000
0,8999
-32,8997
78,8996
-89,8995
34,8994
-9,8993
56,8992
47,8991
-71,8989
-5,8988
57,8987
-37,8986
17,8985
18,8984
-80,8983
-6,8981
-62,8980
-94,8978
40,8976
63,8975
-81,8973
77,8972
3,8971
-71,8969
48,8968
-33,8966
25,8965
61,8963
98,8962
53,8960
52,8957
30,8955
83,8954
22,8953
-74,8952
7,8951
-96,8950
99,8949
15,8947
90,8946
-76,8945
-14,8944
-5,8943
0,8940
-17,8938
6,8936
74,8935
94,8934
60,8933
-90,8931
56,8930
-29,8929
-94,8928
-41,8927
51,8926
57,8924
-5,8923
90,8921
-53,8918
-77,8917
-4,8916
-15,8915
64,8914
53,8912
-52,8911
51,8909
77,8908
-3,8906
69,8903
-7,8902
49,8901
66,8900
-34,8899
71,8897
9,8896
-6,8895
-75,8894
-38,8893
70,8892
-80,8891
-92,8888
21,8887
57,8885
-40,8884
-74,8883
-21,8882
47,8879
-95,8878
-12,8876
-48,8874
-21,8873
-27,8872
-43,8871
18,8869
59,8868
-58,8867
-8,8866
68,8865
3,8863
-35,8862
-44,8861
-19,8860
99,8859
-16,8858
3,8857
-50,8855
-44,8854
81,8853
65,8852
41,8851
-96,8850
-65,8849
69,8848
10,8847
57,8844
13,8843
90,8841
-24,8840
-11,8836
80,8833
-58,8832
76,8831
92,8830
-78,8828
90,8827
-30,8826
-73,8825
63,8824
69,8823
40,8819
78,8818
90,8817
-9,8816
46,8815
65,8813
65,8812
-59,8809
-100,8808
-53,8807
94,8803
-91,8801
50,8799
-96,8797
-80,8796
-74,8795
-13,8794
-74,8793
12,8792
-58,8791
-29,8789
53,8788
-53,8787
88,8786
-59,8785
-63,8783
-71,8782
93,8781
71,8780
-1,8779
-55,8778
57,8777
-90,8775
84,8774
27,8773
-21,8771
38,8770
79,8769
91,8768
-63,8767
15,8766
12,8763
-39,8762
-15,8761
86,8760
8,8759
-55,8758
-72,8757
29,8756
-74,8755
48,8753
53,8752
26,8751
9,8750
77,8749
22,8747
98,8746
17,8745
-29,8744
57,8740
40,8739
-61,8738
93,8737
-52,8736
27,8734
-17,8732
86,8731
-61,8730
-42,8728
-3,8724
-13,8723
96,8722
54,8720
70,8719
20,8718
-70,8716
-67,8715
-37,8714
70,8712
-1,8710
15,8709
-26,8708
-3,8707
-100,8705
-98,8703
-58,8702
46,8701
-41,8700
25,8699
47,8698
96,8696
62,8695
87,8694
-61,8693
-17,8692
75,8690
82,8689
-12,8688
47,8687
-66,8686
18,8685
64,8684
-10,8682
-65,8681
61,8680
96,8679
18,8677
-51,8676
-59,8675
-32,8674
51,8673
72,8672
67,8670
81,8669
61,8666
52,8665
-89,8661
30,8660
47,8659
16,8658
-27,8656
-27,8655
52,8654
38,8653
-46,8652
75,8651
-47,8650
-70,8649
61,8648
74,8647
-15,8646
-8,8644
-67,8643
-14,8642
-59,8641
-78,8640
98,8639
-64,8638
23,8637
58,8635
49,8631
-12,8630
22,8629
-91,8628
6,8626
-67,8625
-95,8624
36,8623
20,8622
6,8620
35,8617
-28,8616
-28,8615
5,8613
-24,8612
-2,8611
-91,8610
-75,8609
-21,8608
96,8603
-22,8602
-5,8601
3,8600
83,8599
-8,8598
-10,8597
91,8594
99,8593
-4,8591
-80,8590
96,8589
78,8588
-88,8587
10,8584
69,8583
-26,8581
-98,8578
30,8575
78,8574
-61,8573
-82,8572
-76,8571
-83,8570
-8,8569
-9,8568
61,8567
31,8566
89,8565
52,8564
66,8562
48,8561
-86,8558
-95,8557
1,8556
-35,8553
-34,8552
-42,8551
-50,8550
65,8549
28,8548
-7,8547
14,8545
95,8544
-16,8543
-97,8542
-89,8541
-62,8540
-70,8539
-84,8538
-69,8536
98,8535
-29,8534
63,8533
-24,8532
-22,8531
56,8530
-64,8529
-59,8528
-8,8527
-6,8526
-80,8524
3,8523
-95,8519
70,8518
11,8517
55,8516
8,8514
92,8513
86,8512
-50,8510
56,8509
-37,8508
-56,8507
55,8506
66,8505
-55,8504
13,8503
-83,8502
-19,8499
93,8498
-14,8497
-37,8495
17,8494
-56,8493
-3,8491
-23,8490
-65,8489
-29,8488
-89,8487
-96,8486
-98,8484
88,8483
9,8481
8,8480
-89,8479
-85,8477
-53,8476
-70,8475
-23,8472
37,8471
18,8470
43,8469
34,8468
61,8467
11,8465
59,8463
8,8462
86,8460
-66,8458
-97,8457
-68,8456
64,8453
-93,8452
16,8450
-47,8449
40,8448
51,8447
-21,8446
85,8445
-41,8444
-67,8443
-71,8442
-68,8441
-10,8440
15,8439
-16,8438
-58,8436
3,8435
74,8434
65,8431
18,8430
-74,8429
52,8428
31,8427
14,8426
-43,8425
82,8424
79,8423
-18,8422
-64,8421
30,8420
-69,8419
68,8418
-14,8416
29,8415
1,8414
17,8413
20,8412
-12,8410
-95,8409
-13,8408
-73,8407
72,8406
-57,8405
-21,8404
43,8403
-15,8402
95,8401
-58,8400
73,8399
16,8398
-56,8395
-52,8394
53,8393
-99,8391
67,8390
-86,8389
-13,8387
83,8384
73,8383
45,8382
-81,8381
-5,8380
52,8379
-17,8378
-63,8377
35,8376
94,8374
13,8372
82,8370
66,8369
34,8368
64,8367
-92,8366
58,8365
24,8364
-14,8363
-6,8362
3,8361
-20,8359
43,8358
-51,8357
-85,8354
-42,8353
-90,8352
14,8351
59,8350
87,8349
94,8348
-61,8347
-100,8345
26,8344
32,8343
53,8342
-72,8341
41,8340
44,8338
-22,8337
-17,8336
91,8335
43,8333
-2,8331
-95,8330
-79,8329
64,8325
-87,8324
-44,8323
-23,8321
60,8320
54,8319
-72,8318
-59,8316
-44,8315
96,8314
-64,8313
11,8311
-93,8310
-55,8307
-2,8306
-26,8304
-30,8303
-73,8301
9,8300
-11,8298
22,8296
-78,8295
43,8294
-35,8293
21,8292
-7,8291
-11,8289
-20,8288
-11,8287
4,8286
-31,8285
-40,8282
25,8281
47,8279
70,8277
66,8272
-57,8271
-96,8270
39,8269
99,8268
-29,8267
40,8266
-12,8265
32,8264
0,8263
56,8262
75,8261
18,8260
25,8258
1,8257
-50,8256
97,8255
78,8254
93,8253
18,8252
48,8250
-89,8249
-97,8248
-45,8247
97,8246
16,8245
57,8244
98,8243
16,8242
-41,8241
-74,8240
5,8239
-12,8237
-14,8236
79,8234
60,8233
68,8232
-8,8230
-95,8229
64,8228
-9,8227
-16,8225
35,8224
46,8223
24,8222
41,8221
-73,8219
63,8218
-52,8217
-71,8216
21,8215
95,8214
50,8212
81,8211
0,8210
-52,8208
54,8207
96,8206
-77,8205
27,8204
44,8203
31,8202
20,8201
98,8198
-6,8196
-99,8195
17,8194
-13,8193
-43,8191
41,8190
-72,8189
-38,8187
-30,8186
38,8185
39,8184
40,8182
-68,8181
62,8180
-11,8179
36,8177
38,8176
82,8175
3,8174
86,8173
-23,8171
13,8170
44,8169
-53,8167
93,8166
-2,8165
-94,8162
71,8161
30,8160
-33,8159
-8,8158
-1,8156
-29,8155
63,8154
41,8152
-59,8151
-15,8150
-48,8149
26,8148
-97,8147
-69,8146
2,8145
-29,8144
-53,8142
22,8141
97,8139
-27,8138
-10,8137
32,8136
0,8135
-30,8134
45,8132
-26,8131
-27,8130
-67,8129
-1,8128
-92,8127
-49,8126
38,8125
-96,8124
25,8123
50,8118
-58,8117
-87,8116
-49,8115
88,8114
-54,8113
-4,8112
39,8111
-56,8110
95,8108
-12,8107
66,8106
24,8105
1,8104
-90,8101
-66,8098
33,8097
-71,8095
-24,8094
-12,8093
-14,8091
9,8090
-15,8087
54,8084
-36,8083
-95,8082
25,8081
58,8080
-41,8078
84,8077
-36,8076
-94,8075
-5,8072
21,8071
-33,8070
63,8068
77,8066
30,8065
76,8064
90,8063
31,8062
-88,8061
28,8060
-94,8059
16,8058
100,8057
-32,8056
-61,8055
-56,8054
2,8053
-75,8052
-14,8049
-42,8047
42,8046
49,8045
8,8043
-96,8042
-76,8040
-23,8039
-71,8038
9,8037
-86,8036
77,8035
-73,8034
-34,8033
39,8032
-72,8030
80,8028
83,8027
13,8025
-87,8023
33,8022
55,8021
55,8020
-34,8018
-83,8015
-14,8012
-37,8010
45,8009
-58,8008
60,8006
96,8005
88,8003
-86,8002
32,8001
-73,8000
72,7998
-32,7997
-76,7996
-47,7994
80,7992
-44,7991
-65,7990
50,7987
-70,7986
-28,7985
-30,7984
-45,7983
-100,7981
-60,7980
62,7979
26,7978
-75,7977
-55,7976
-15,7975
-47,7972
8,7970
-29,7968
-44,7966
-39,7965
84,7963
38,7961
47,7960
82,7959
-60,7958
-12,7957
-57,7955
-10,7954
-7,7952
95,7949
4,7948
53,7947
-15,7946
-57,7945
64,7944
-13,7942
-76,7941
-71,7940
27,7939
69,7934
48,7933
-56,7932
9,7931
-69,7930
-63,7929
-64,7928
76,7927
40,7926
-55,7925
82,7924
64,7922
89,7920
74,7917
10,7916
-80,7915
-41,7913
-45,7912
81,7911
-43,7908
17,7907
-36,7904
-21,7903
-15,7900
86,7899
7,7897
94,7895
-52,7894
-29,7893
-56,7892
-17,7891
-32,7890
-41,7889
48,7887
-32,7886
-87,7885
-5,7884
-7,7883
-29,7881
34,7880
-95,7878
8,7877
-98,7876
-48,7875
-80,7873
-55,7872
90,7871
-27,7870
-3,7869
-15,7868
78,7867
-68,7865
-80,7863
-56,7861
-32,7860
-46,7859
97,7857
57,7856
48,7854
60,7853
64,7852
42,7851
-83,7850
58,7849
5,7848
-85,7847
-42,7846
91,7845
45,7843
-80,7841
86,7839
78,7837
54,7836
-9,7835
96,7833
82,7832
49,7831
95,7828
17,7826
78,7825
87,7823
-14,7822
-90,7821
68,7819
98,7818
61,7815
-6,7813
-78,7810
-42,7809
83,7808
-42,7807
-35,7805
21,7804
-25,7802
-81,7801
-37,7800
-10,7799
-74,7798
18,7797
17,7796
56,7795
29,7794
8,7793
-4,7791
-24,7790
22,7789
-97,7784
98,7783
64,7781
83,7778
-40,7777
-44,7776
38,7774
78,7771
-44,7770
-24,7768
31,7766
-83,7765
48,7764
18,7763
-35,7760
40,7759
-81,7758
-1,7756
24,7755
10,7754
-12,7752
8,7751
62,7750
-27,7749
-4,7748
32,7747
35,7746
-91,7745
-84,7744
77,7743
-12,7741
-8,7740
17,7739
99,7738
40,7737
85,7736
64,7735
82,7734
63,7732
59,7731
90,7730
-70,7728
-12,7725
-87,7724
-81,7722
-39,7721
-31,7719
-91,7718
69,7716
-70,7715
92,7714
22,7713
-5,7712
-32,7711
-35,7710
-98,7708
0,7707
43,7706
37,7705
-68,7704
-88,7702
-88,7699
26,7698
68,7697
-84,7696
24,7695
-51,7694
-26,7693
49,7692
14,7691
68,7690
-80,7689
-68,7688
39,7687
-56,7686
44,7685
-95,7684
99,7682
-13,7681
40,7680
-90,7679
28,7678
60,7676
-11,7675
24,7674
71,7673
-86,7672
73,7671
-16,7670
-29,7668
7,7667
65,7665
35,7664
89,7663
-36,7662
51,7661
87,7660
83,7659
-77,7658
2,7655
-24,7654
22,7651
-98,7649
-69,7648
9,7647
-91,7645
-78,7643
-3,7642
32,7641
-31,7640
92,7638
-30,7637
2,7636
76,7634
85,7633
-78,7632
-82,7630
-25,7629
65,7628
-87,7627
82,7626
-12,7624
81,7623
78,7622
-60,7621
78,7620
93,7618
49,7617
10,7616
100,7614
-63,7613
58,7612
-17,7610
40,7609
58,7607
36,7606
55,7605
-49,7604
-94,7602
-1,7601
74,7600
-20,7598
34,7597
42,7596
40,7595
-3,7594
-47,7593
72,7592
-56,7589
86,7588
-43,7587
77,7586
78,7584
-92,7582
11,7581
51,7580
-84,7578
-38,7577
-3,7574
70,7572
-2,7571
-66,7570
15,7565
62,7564
71,7563
40,7559
-18,7558
54,7557
-88,7556
43,7555
79,7554
63,7552
-68,7551
71,7550
84,7549
-26,7548
-98,7547
-35,7545
-98,7544
88,7543
-58,7542
-67,7541
42,7540
37,7538
-75,7537
86,7536
25,7535
-6,7534
-14,7533
-99,7532
35,7531
-10,7530
30,7529
-54,7528
33,7527
14,7526
-55,7524
52,7523
92,7522
-65,7520
-79,7518
-46,7516
15,7514
50,7513
64,7512
21,7511
26,7510
-15,7509
-72,7507
-86,7505
77,7503
79,7502
61,7501
21,7500
-67,7498
70,7497
-37,7496
-21,7495
-33,7493
-77,7491
-43,7488
-19,7486
-37,7485
5,7483
-57,7481
16,7479
99,7477
-21,7476
-50,7474
64,7473
86,7469
20,7468
-87,7467
84,7466
-27,7465
-88,7463
-84,7462
-28,7461
71,7460
81,7459
93,7458
-81,7456
-17,7455
100,7454
94,7447
46,7445
-73,7444
-32,7441
-91,7440
-62,7439
35,7438
-2,7437
-14,7435
-91,7434
14,7432
-83,7431
35,7429
-42,7428
69,7427
-8,7426
15,7425
-13,7424
59,7423
-43,7422
-85,7421
44,7419
-63,7418
-64,7417
12,7415
-51,7414
80,7412
54,7411
-73,7410
-42,7409
83,7408
42,7407
-59,7406
1,7405
-3,7404
63,7403
38,7400
-24,7399
-11,7398
5,7397
14,7393
-62,7392
92,7391
-46,7390
86,7389
-72,7388
-36,7385
-12,7384
45,7383
-83,7382
33,7381
72,7380
8,7379
-3,7378
-85,7377
57,7376
-49,7375
-50,7374
-62,7372
-5,7371
-93,7370
26,7369
-69,7367
14,7366
46,7365
-98,7364
-7,7363
28,7361
-72,7359
91,7358
8,7357
-7,7356
57,7355
-10,7354
41,7352
-66,7351
49,7350
56,7349
93,7348
-34,7345
91,7344
16,7343
38,7342
17,7341
-91,7340
-35,7339
66,7337
77,7336
-42,7335
-17,7334
56,7333
-2,7331
32,7330
62,7329
-10,7327
-31,7325
1,7324
-99,7323
22,7322
89,7321
-51,7320
-11,7319
-52,7318
-51,7317
95,7316
-77,7315
81,7314
-25,7312
-84,7311
61,7309
-91,7308
-88,7306
69,7304
-96,7303
87,7301
-75,7300
-22,7299
-53,7298
-48,7296
92,7295
0,7293
-82,7292
-52,7291
79,7290
-94,7288
-45,7286
82,7285
-66,7284
97,7283
-7,7282
35,7281
-7,7280
80,7279
-3,7278
57,7277
67,7276
-1,7275
-39,7274
3,7273
34,7272
41,7271
68,7265
-50,7264
95,7263
-46,7261
2,7260
59,7258
-91,7257
-13,7256
-57,7255
-19,7254
16,7252
38,7251
-7,7249
-100,7248
83,7246
46,7245
56,7244
-73,7243
-26,7241
-77,7240
-93,7239
-38,7238
47,7237
-75,7236
28,7232
-58,7231
-16,7229
-39,7228
63,7227
-59,7225
-68,7224
68,7223
-73,7222
19,7219
-99,7218
34,7217
90,7216
-79,7215
2,7214
-87,7213
83,7212
-14,7210
51,7208
-55,7207
-6,7206
-7,7205
60,7204
-67,7203
60,7202
62,7198
80,7197
32,7196
-82,7195
-41,7194
82,7193
96,7192
13,7191
24,7190
89,7189
72,7188
27,7185
-90,7184
0,7183
-24,7181
-48,7180
52,7179
-74,7178
34,7177
9,7176
-39,7175
86,7174
-44,7172
-45,7171
54,7170
70,7169
64,7168
-35,7165
82,7163
-48,7162
83,7161
-79,7160
-31,7159
54,7158
-29,7157
-94,7156
-71,7155
-65,7154
39,7153
58,7152
-37,7151
34,7149
96,7147
-81,7146
91,7145
-27,7144
36,7143
-3,7141
-52,7140
-54,7139
20,7137
-55,7136
60,7135
-10,7134
-49,7133
-94,7132
72,7131
-21,7130
-34,7129
81,7127
12,7126
100,7125
42,7124
-99,7123
-17,7122
-89,7120
-98,7118
-59,7117
-26,7116
13,7115
98,7114
72,7113
95,7112
-11,7108
71,7107
-45,7106
-11,7105
54,7104
-40,7102
-83,7101
65,7098
66,7097
93,7095
23,7094
56,7093
23,7092
-91,7090
6,7089
-39,7088
80,7087
-7,7085
-12,7084
95,7083
-97,7081
47,7080
-8,7079
33,7078
-17,7077
-43,7076
21,7073
-64,7072
100,7071
-17,7070
-98,7069
37,7068
78,7067
-9,7065
-11,7063
-24,7061
91,7060
-23,7059
-87,7058
8,7057
-54,7055
39,7054
51,7053
-34,7051
98,7050
40,7049
-71,7048
98,7046
73,7045
-22,7044
56,7041
66,7040
-46,7039
-19,7038
-75,7037
-17,7036
-26,7035
-13,7033
-77,7032
25,7031
-72,7029
-37,7027
65,7026
-17,7025
26,7024
-9,7021
-58,7020
-42,7017
37,7016
-6,7015
-95,7014
-34,7013
39,7011
-65,7010
15,7006
36,7005
-48,7004
34,7003
-74,7002
86,7000
43,6999
-5,6998
-4,6997
3,6996
-43,6994
-10,6992
88,6990
-18,6989
60,6987
68,6986
71,6984
44,6983
29,6982
-23,6981
-17,6979
-91,6978
63,6976
-9,6975
-55,6970
-54,6969
-2,6968
-62,6967
67,6966
-59,6964
-12,6963
-21,6962
36,6961
59,6958
68,6957
-72,6956
31,6954
-12,6953
84,6952
-26,6947
37,6946
-61,6945
-91,6944
-90,6943
-48,6942
25,6940
48,6939
-96,6938
84,6936
-50,6935
83,6934
19,6932
1,6931
-23,6930
82,6929
-90,6928
70,6927
78,6926
-22,6923
-62,6922
-9,6921
-87,6919
70,6918
-2,6917
8,6916
68,6915
77,6914
-46,6913
36,6912
11,6911
37,6910
-23,6909
-96,6908
-38,6907
86,6906
-3,6904
15,6903
20,6902
84,6901
-18,6900
-33,6899
-90,6898
-89,6897
-7,6895
-19,6891
-37,6889
29,6885
30,6881
-56,6880
-45,6879
85,6877
6,6876
-87,6875
87,6873
-47,6872
-23,6870
1,6869
-10,6868
-84,6866
-74,6865
50,6863
-31,6862
-23,6861
-44,6859
-57,6857
-23,6856
12,6855
61,6854
-77,6853
-27,6852
-30,6851
83,6850
-23,6849
9,6846
-12,6845
-80,6841
-81,6838
-19,6837
-17,6836
11,6835
57,6834
47,6833
76,6832
-74,6831
-41,6830
-95,6828
-64,6826
8,6825
27,6824
-74,6823
75,6822
39,6821
61,6820
-21,6818
-58,6816
47,6815
63,6814
-95,6813
30,6811
76,6810
-2,6808
67,6807
74,6806
8,6805
51,6804
-60,6803
28,6801
-3,6800
7,6799
-70,6797
-14,6795
32,6794
-22,6792
100,6791
-76,6790
-31,6789
1,6788
71,6784
-36,6781
-31,6780
-86,6778
11,6776
-45,6775
33,6774
-66,6773
14,6772
-74,6770
9,6769
-45,6768
-65,6767
10,6765
66,6764
-21,6760
79,6759
-54,6757
86,6756
-46,6755
43,6754
-94,6753
-78,6752
-46,6751
99,6750
2,6749
-67,6748
36,6747
-53,6745
35,6744
30,6741
-42,6740
-85,6739
-56,6738
-59,6737
-92,6735
43,6734
-18,6733
78,6732
8,6731
35,6728
39,6725
-8,6722
-65,6721
22,6720
-92,6719
57,6718
90,6715
-95,6714
-79,6712
-3,6710
69,6708
-88,6707
-41,6706
8,6705
86,6704
-19,6703
90,6702
-86,6701
1,6700
-1,6699
52,6698
74,6697
94,6696
17,6693
19,6692
-69,6691
-34,6690
-39,6689
-95,6688
-65,6687
-80,6686
-90,6685
86,6684
-19,6680
-59,6679
14,6678
-13,6677
-32,6674
-16,6673
39,6672
72,6671
-50,6669
36,6667
52,6666
-21,6664
71,6663
100,6662
16,6661
-1,6660
34,6659
0,6657
65,6656
-68,6655
18,6654
29,6653
72,6651
-24,6650
0,6648
-16,6647
-75,6646
71,6645
-65,6643
-49,6642
-57,6640
-26,6637
48,6636
-26,6635
67,6634
69,6633
-99,6632
70,6631
93,6630
-29,6629
-4,6626
-2,6625
70,6624
3,6623
-7,6621
-19,6620
34,6618
-54,6617
-100,6614
-54,6613
80,6612
67,6611
-17,6609
45,6608
21,6607
-73,6606
-55,6605
-45,6604
-14,6603
-81,6602
51,6600
5,6599
-29,6598
60,6597
-34,6596
34,6595
32,6594
-53,6593
10,6592
27,6591
-69,6590
-96,6587
34,6586
29,6583
86,6581
51,6580
-74,6579
-84,6578
-17,6577
95,6576
25,6572
13,6571
-1,6570
37,6569
64,6567
43,6564
-48,6563
90,6562
-55,6561
34,6560
36,6558
-62,6557
-91,6554
100,6553
36,6552
9,6550
-100,6548
28,6547
94,6546
43,6545
-50,6544
85,6543
-71,6542
92,6540
74,6539
80,6538
-85,6537
21,6536
-25,6535
-46,6534
-99,6533
-24,6532
98,6531
68,6530
-36,6529
26,6528
58,6524
-52,6522
-8,6521
42,6520
93,6517
-53,6516
25,6515
41,6514
24,6513
77,6512
-13,6511
-49,6510
-60,6509
1,6507
2,6506
79,6504
-99,6503
-69,6502
9,6501
-28,6500
66,6499
-63,6498
-81,6497
-82,6496
-47,6495
-68,6494
-80,6493
2,6492
-60,6489
40,6488
-93,6487
55,6486
75,6485
39,6484
14,6483
-69,6479
-82,6478
2,6477
-56,6475
80,6474
-23,6472
58,6471
55,6470
25,6469
-85,6465
67,6464
22,6463
-40,6462
35,6461
-33,6460
-34,6459
-48,6458
-86,6457
35,6455
95,6454
-3,6452
-20,6451
-86,6450
77,6449
-7,6448
-58,6447
75,6446
78,6445
-79,6444
3,6443
-60,6442
27,6441
-14,6440
40,6439
23,6438
-57,6436
-67,6435
97,6433
88,6431
46,6430
3,6427
-80,6424
-47,6422
52,6421
10,6420
-35,6419
-46,6418
-71,6416
95,6414
-13,6413
-90,6410
54,6409
5,6408
-11,6407
-90,6406
95,6405
41,6404
-96,6403
38,6401
-96,6400
1,6399
24,6398
24,6396
-71,6393
10,6392
94,6391
59,6390
90,6388
16,6386
19,6385
49,6384
-78,6383
23,6382
-40,6381
65,6379
-94,6378
4,6377
5,6375
-29,6374
-98,6373
57,6370
-28,6368
88,6367
65,6366
-49,6365
-32,6364
-45,6362
29,6361
37,6360
-52,6359
51,6358
-87,6357
36,6356
-45,6354
33,6353
-97,6352
71,6351
-72,6350
-92,6347
-2,6346
2,6345
61,6343
-47,6341
-73,6340
67,6339
-54,6338
14,6337
-76,6334
93,6333
-90,6329
-35,6328
72,6327
-40,6326
16,6324
-46,6323
-90,6322
94,6321
-66,6320
37,6318
37,6317
60,6316
17,6315
17,6314
76,6313
-98,6312
-40,6311
-40,6310
75,6309
-23,6308
-64,6307
77,6306
-77,6305
-47,6304
47,6302
49,6301
-54,6300
1,6299
-72,6298
-92,6296
2,6294
-82,6292
-41,6290
-55,6289
-70,6287
13,6286
-41,6285
18,6284
-100,6283
-34,6282
48,6280
-65,6279
18,6278
-49,6277
5,6276
-33,6274
-26,6273
78,6272
88,6271
-82,6270
100,6267
-19,6266
-45,6265
-49,6264
88,6263
91,6262
45,6260
96,6259
-88,6257
-33,6256
73,6255
-56,6254
14,6251
30,6250
99,6249
82,6248
-85,6247
85,6245
98,6244
55,6242
48,6239
-100,6238
-34,6237
79,6236
100,6235
-83,6233
-7,6232
-88,6231
23,6230
-34,6227
-42,6226
0,6225
-18,6224
44,6223
63,6221
-71,6220
6,6219
35,6218
45,6216
-95,6214
59,6213
-22,6212
59,6211
81,6210
28,6209
66,6208
-91,6207
-29,6206
-91,6205
76,6204
-21,6203
-26,6202
72,6201
47,6200
39,6199
-68,6198
-49,6196
22,6195
8,6194
65,6193
74,6191
-72,6190
72,6189
-44,6187
-92,6183
-89,6182
62,6181
51,6179
-96,6177
18,6176
51,6175
10,6174
38,6173
-83,6172
-54,6171
-89,6170
16,6169
-48,6168
-73,6167
-50,6166
26,6165
-22,6164
-50,6163
23,6162
-91,6161
-51,6160
54,6159
-87,6158
-29,6157
63,6155
-14,6154
-61,6152
-10,6151
-55,6148
42,6147
64,6146
-93,6145
30,6143
74,6142
2,6141
39,6139
79,6138
-90,6137
80,6135
53,6134
80,6133
-68,6130
0,6128
-87,6127
-29,6126
25,6125
72,6124
60,6123
2,6122
-81,6119
90,6118
-83,6117
-71,6116
42,6114
-5,6113
-64,6112
93,6111
0,6110
2,6109
22,6108
-23,6107
31,6106
-86,6105
28,6104
21,6101
44,6100
-53,6099
46,6098
-66,6097
66,6096
-9,6094
55,6093
-60,6092
85,6091
-86,6090
1,6088
4,6087
-35,6086
-87,6084
46,6083
-60,6081
45,6080
91,6079
-87,6078
-85,6076
100,6075
40,6074
-8,6073
-56,6072
10,6071
-58,6069
52,6068
50,6067
36,6066
5,6065
64,6064
34,6059
75,6058
2,6057
76,6056
96,6054
73,6053
-41,6052
58,6051
-97,6050
70,6049
50,6048
52,6046
-96,6045
-49,6044
-93,6042
8,6041
-5,6037
-77,6036
-35,6035
-52,6034
63,6033
-30,6032
22,6031
96,6028
-44,6027
70,6026
22,6025
-60,6023
83,6022
93,6020
-61,6019
-95,6018
-5,6017
90,6016
-74,6015
81,6014
-78,6013
53,6012
-34,6011
-25,6010
-91,6007
-27,6006
71,6004
14,6003
21,6000
50,5999
-36,5998
4,5997
-34,5996
-13,5995
62,5994
-48,5993
68,5989
96,5987
-31,5986
-13,5984
-92,5983
61,5982
45,5981
-45,5980
-47,5977
-63,5975
65,5974
-72,5973
19,5972
-92,5971
-34,5970
-65,5969
49,5968
1,5967
38,5966
-97,5963
45,5962
42,5959
-37,5958
60,5956
-99,5953
-6,5952
73,5951
18,5950
-25,5949
-64,5947
-7,5943
-52,5942
61,5941
8,5939
85,5938
-61,5937
10,5936
89,5935
-80,5934
-2,5933
54,5932
-76,5931
38,5930
24,5929
62,5928
-15,5927
44,5924
-22,5922
-26,5921
73,5920
-21,5918
-62,5917
89,5916
-33,5915
53,5914
16,5913
3,5912
-51,5911
64,5909
14,5908
-83,5907
52,5905
40,5903
-72,5902
34,5901
36,5899
41,5898
-61,5897
-57,5896
35,5895
-17,5894
93,5893
97,5892
31,5890
51,5889
-83,5888
-70,5887
22,5886
-62,5885
89,5884
28,5883
34,5882
-50,5881
57,5879
-60,5878
-81,5877
-71,5876
-18,5872
19,5868
-51,5867
19,5865
-59,5864
-38,5863
-24,5861
-84,5860
15,5859
36,5857
42,5856
51,5855
57,5854
43,5853
44,5852
-57,5851
-91,5850
-87,5849
-11,5848
-23,5846
38,5845
-54,5843
-3,5842
53,5841
50,5840
28,5838
47,5836
19,5834
62,5833
51,5832
62,5831
-11,5829
-32,5828
-37,5827
-91,5825
-21,5824
42,5821
42,5820
13,5818
-17,5817
-96,5816
71,5815
32,5814
-38,5813
45,5812
-52,5811
-23,5810
65,5809
-29,5808
32,5806
63,5805
77,5804
-96,5803
-69,5802
-16,5801
-44,5800
51,5799
72,5798
38,5796
95,5795
-98,5794
94,5793
27,5792
55,5791
42,5789
34,5788
-7,5786
55,5785
-89,5784
81,5783
-62,5781
21,5780
-49,5779
22,5778
-9,5777
-24,5776
-91,5774
-45,5773
-60,5772
98,5771
98,5770
-10,5768
-36,5766
40,5765
73,5764
96,5761
-5,5759
5,5758
-89,5756
79,5755
-48,5754
-32,5753
-16,5752
-12,5751
84,5750
87,5749
-41,5747
-61,5746
-40,5745
53,5744
45,5742
41,5741
-56,5740
-80,5739
-14,5738
73,5737
60,5736
3,5735
-31,5734
-28,5732
-64,5730
-26,5729
28,5728
5,5727
9,5726
-81,5724
29,5723
-38,5722
86,5721
52,5720
-13,5719
3,5718
-91,5717
-85,5716
94,5715
65,5714
98,5713
-15,5712
56,5709
-66,5708
-84,5707
94,5706
-62,5705
-82,5704
-38,5703
35,5702
47,5701
82,5700
-24,5699
-45,5698
26,5696
29,5695
0,5692
-54,5691
-47,5687
-49,5686
-97,5685
-8,5683
-70,5682
84,5680
-79,5679
-81,5676
-78,5674
-17,5672
-5,5671
15,5670
-72,5669
-100,5668
39,5666
20,5665
-21,5664
-53,5662
38,5661
-5,5660
70,5659
48,5658
-27,5657
22,5656
55,5655
98,5653
99,5652
42,5651
-86,5649
-79,5647
90,5646
-91,5644
-51,5643
-17,5642
5,5641
20,5639
-88,5637
25,5636
-71,5635
-50,5634
-79,5633
60,5631
24,5628
93,5626
-60,5624
-26,5623
-4,5622
54,5621
-56,5620
2,5619
19,5618
66,5617
40,5616
88,5614
90,5612
-22,5611
19,5610
96,5607
-42,5605
80,5604
-73,5601
-46,5600
16,5599
34,5595
61,5593
42,5592
-23,5590
70,5589
12,5588
-81,5587
-13,5585
18,5584
7,5583
-88,5582
-36,5581
69,5579
-15,5578
-11,5577
-91,5576
28,5575
-50,5573
33,5571
17,5570
-50,5568
-33,5567
72,5566
-41,5564
80,5563
38,5562
-59,5561
39,5560
-61,5558
-30,5556
91,5555
78,5554
-63,5553
4,5551
27,5550
21,5549
-100,5548
-5,5547
42,5546
62,5545
-99,5544
-53,5543
36,5542
-45,5541
87,5540
-27,5539
91,5536
-94,5534
78,5533
-43,5532
-83,5530
72,5529
-63,5527
-88,5526
38,5525
73,5524
44,5523
68,5522
-2,5520
61,5519
-83,5517
-25,5516
68,5515
13,5514
-77,5513
59,5511
87,5510
-14,5509
-49,5507
66,5506
-98,5502
-96,5501
79,5500
100,5499
-78,5498
0,5497
58,5495
-49,5494
21,5493
15,5491
-61,5490
-56,5489
10,5488
55,5487
-21,5486
-61,5485
89,5484
21,5483
79,5480
-36,5479
-34,5478
96,5477
90,5475
74,5474
-51,5473
75,5472
-76,5471
95,5469
-65,5468
-64,5464
100,5463
50,5461
-26,5459
-70,5458
94,5456
-20,5454
74,5453
-29,5452
-60,5451
-13,5449
-52,5448
-10,5447
-3,5445
-76,5444
24,5443
81,5441
94,5438
-83,5436
54,5435
22,5434
-43,5433
2,5432
54,5428
88,5427
12,5426
-25,5425
-44,5424
24,5423
-59,5422
-12,5421
-63,5420
57,5419
17,5418
44,5416
22,5415
13,5414
85,5413
-73,5412
76,5411
3,5410
-32,5408
62,5407
-66,5406
-79,5405
-39,5404
-94,5403
-91,5401
-94,5400
-38,5399
-32,5398
-76,5397
37,5396
69,5395
96,5394
-3,5393
-88,5392
-59,5391
-38,5390
56,5389
14,5387
81,5386
-48,5385
28,5384
45,5382
-38,5381
11,5380
-26,5378
-64,5377
-87,5376
-29,5375
-51,5374
26,5373
0,5369
94,5368
84,5367
-83,5366
-74,5364
-71,5362
-1,5361
51,5360
46,5359
58,5358
71,5357
-81,5356
-87,5355
8,5354
94,5353
-38,5351
59,5350
93,5349
67,5348
75,5347
92,5346
-21,5345
-65,5344
-41,5343
-27,5342
-60,5341
86,5339
-81,5338
-5,5337
-6,5336
-56,5335
97,5334
34,5333
-49,5331
-32,5330
90,5329
-40,5328
71,5327
-37,5326
23,5325
16,5324
3,5323
-59,5321
50,5319
-75,5317
-71,5316
-55,5315
67,5313
-45,5312
-25,5311
89,5309
-76,5308
8,5306
-54,5305
96,5304
-97,5303
89,5302
89,5301
-11,5299
-39,5298
-24,5297
54,5296
31,5295
-93,5294
-58,5292
26,5291
72,5290
90,5289
71,5288
67,5287
-93,5286
-52,5285
27,5284
-63,5283
26,5282
-17,5280
-29,5279
55,5278
-18,5275
16,5274
-15,5273
-6,5272
-34,5270
22,5269
9,5268
-26,5267
-73,5266
-17,5265
-29,5263
-52,5262
6,5258
40,5257
21,5256
25,5255
50,5254
16,5251
83,5250
-85,5249
24,5247
-18,5246
-2,5245
-86,5242
3,5240
-89,5239
71,5235
-76,5234
97,5233
-16,5232
95,5231
39,5230
-66,5229
86,5228
54,5227
86,5226
54,5225
-32,5224
6,5223
-77,5221
-65,5220
54,5219
47,5218
8,5215
-92,5214
31,5211
86,5210
65,5209
-16,5208
-34,5207
12,5206
93,5205
52,5204
-48,5203
-62,5201
-81,5200
85,5199
-44,5198
-93,5197
-83,5196
37,5194
79,5192
-58,5190
-81,5187
-28,5186
85,5184
54,5183
-83,5182
10,5181
-15,5180
-34,5178
-96,5177
-23,5176
44,5175
-4,5174
-21,5173
-87,5172
-61,5171
91,5170
22,5168
56,5167
95,5166
-62,5161
96,5159
17,5158
-17,5157
95,5154
46,5153
56,5152
72,5151
-47,5150
100,5149
-76,5148
-97,5147
39,5146
-26,5145
-11,5144
99,5142
-83,5141
-97,5140
-51,5139
85,5138
84,5137
94,5135
53,5134
60,5133
-42,5130
-69,5129
19,5127
-86,5126
50,5125
39,5124
64,5123
-82,5122
-39,5121
45,5120
55,5118
10,5117
47,5116
28,5115
-65,5114
-14,5111
11,5110
-37,5109
-93,5108
-17,5106
95,5105
15,5104
7,5103
75,5102
62,5101
-66,5100
-82,5099
51,5098
-86,5096
30,5094
32,5093
-61,5092
10,5091
25,5090
77,5089
20,5088
14,5087
21,5086
34,5085
65,5084
-46,5083
-14,5081
-59,5080
50,5079
20,5078
-87,5077
-83,5076
-80,5075
92,5073
38,5071
-14,5070
-63,5068
62,5066
-46,5065
18,5064
32,5063
15,5062
94,5061
-20,5059
49,5058
-82,5057
-89,5056
-54,5054
42,5053
42,5052
61,5050
28,5049
66,5047
94,5046
17,5045
38,5044
90,5043
86,5042
-29,5040
4,5039
90,5037
16,5036
74,5035
74,5034
50,5033
4,5032
-94,5031
65,5030
92,5028
61,5027
92,5026
-66,5025
-6,5024
-84,5023
7,5021
30,5020
-66,5017
98,5015
-60,5014
-3,5013
39,5011
85,5010
66,5009
-83,5008
-16,5007
-52,5006
-93,5004
63,5002
-77,5001
81,5000
76,4999
33,4998
-45,4996
-21,4995
74,4994
-25,4993
-25,4992
-45,4990
44,4988
-27,4987
13,4986
87,4985
0,4983
-86,4980
-85,4979
-39,4978
21,4977
-87,4976
34,4975
52,4974
70,4973
10,4969
-2,4968
39,4966
-28,4965
30,4964
-94,4963
-3,4962
-27,4961
16,4959
83,4958
-99,4957
-61,4955
67,4954
56,4953
-61,4951
-5,4950
33,4949
-78,4946
-9,4945
80,4944
53,4943
23,4942
-97,4941
23,4940
36,4938
42,4937
70,4935
-85,4933
98,4932
10,4931
42,4929
-52,4927
13,4925
5,4924
-60,4923
16,4921
-17,4920
-56,4919
19,4918
64,4917
68,4916
6,4914
66,4913
29,4911
-59,4909
71,4908
28,4906
-37,4905
22,4903
-22,4901
84,4900
96,4899
-35,4898
72,4897
86,4896
-46,4894
-50,4893
31,4892
-42,4891
49,4890
31,4889
50,4888
61,4887
-63,4886
-92,4885
-87,4883
-86,4881
74,4880
14,4879
-25,4878
81,4877
-36,4876
14,4875
84,4873
26,4871
79,4870
12,4866
58,4865
73,4864
-41,4863
26,4862
58,4861
-6,4860
-78,4859
94,4858
-79,4857
-54,4856
-37,4855
-67,4853
63,4852
-80,4851
-7,4850
21,4849
-17,4848
-53,4847
12,4845
55,4843
-18,4842
-24,4841
-33,4840
-8,4839
63,4837
-58,4836
56,4835
-86,4834
-92,4833
99,4832
20,4831
-38,4830
-12,4829
-7,4828
-57,4827
80,4826
-98,4825
59,4824
56,4822
-17,4821
-40,4820
2,4819
45,4818
34,4816
28,4813
-53,4812
98,4811
-74,4810
-21,4808
80,4806
41,4805
54,4804
-69,4803
99,4802
-94,4801
-79,4800
-73,4799
12,4798
-13,4797
-7,4796
-17,4795
51,4794
79,4791
-94,4790
-61,4789
3,4788
-81,4786
-39,4785
-33,4784
-23,4782
26,4781
53,4779
31,4778
85,4777
-65,4774
-17,4773
-57,4772
-3,4771
-25,4768
-5,4767
34,4766
-22,4765
86,4764
-81,4763
66,4761
65,4758
41,4757
42,4756
-30,4755
14,4754
-37,4753
-28,4751
-94,4750
-8,4749
-71,4748
60,4747
49,4745
-80,4744
4,4743
-8,4742
58,4741
-93,4740
-96,4739
-44,4738
89,4737
53,4736
2,4735
-57,4734
-65,4730
23,4729
2,4727
65,4726
11,4725
-34,4724
-13,4723
-75,4722
-7,4720
85,4719
8,4718
-50,4717
44,4715
-9,4714
-58,4713
72,4712
-37,4711
-81,4709
-71,4708
20,4707
0,4705
-92,4704
56,4702
-70,4700
83,4699
12,4697
83,4696
-70,4694
-55,4693
-64,4692
8,4691
49,4689
59,4688
82,4687
-21,4686
47,4682
-67,4678
8,4675
71,4674
-13,4672
64,4671
59,4670
-72,4669
-51,4668
16,4667
-49,4666
-74,4665
-92,4664
11,4663
-21,4662
-34,4660
85,4658
42,4657
-35,4655
89,4654
66,4651
31,4650
71,4649
-11,4648
-60,4647
-27,4646
47,4645
3,4644
-95,4643
56,4642
-38,4640
64,4639
-19,4638
71,4636
-57,4635
-60,4634
59,4633
-6,4632
-66,4631
-98,4630
68,4629
35,4627
-39,4626
-2,4625
97,4624
19,4623
-62,4622
-61,4621
37,4619
-58,4617
32,4616
-38,4614
61,4613
-67,4612
-84,4611
37,4610
-14,4608
-91,4605
38,4602
50,4600
-43,4599
-27,4597
75,4596
-62,4590
-61,4589
-100,4588
-78,4587
-49,4586
-56,4585
67,4584
8,4583
-45,4582
-57,4580
62,4579
31,4576
98,4575
77,4574
76,4573
-43,4572
75,4571
18,4569
-8,4568
41,4567
24,4566
-49,4564
41,4561
86,4559
-71,4558
29,4556
73,4554
95,4553
30,4552
91,4551
-80,4549
-66,4548
-85,4547
3,4546
-19,4545
-73,4544
43,4543
-99,4542
11,4541
96,4540
77,4539
43,4538
-21,4536
-7,4534
-59,4533
0,4532
-8,4531
-52,4530
-49,4529
-81,4528
32,4527
-8,4526
13,4525
-90,4524
-91,4522
25,4520
70,4519
-34,4517
65,4516
92,4513
83,4512
-48,4511
-20,4509
-94,4508
63,4507
-75,4506
15,4505
55,4504
-44,4503
23,4502
-19,4499
27,4498
-30,4496
-59,4495
-73,4494
-6,4491
41,4490
-48,4489
72,4488
83,4487
-61,4486
-46,4485
-8,4482
3,4479
-26,4477
42,4476
-12,4475
19,4474
100,4473
68,4472
16,4470
46,4469
-50,4467
68,4466
60,4465
42,4464
-100,4463
9,4462
72,4461
38,4458
54,4457
39,4456
68,4455
-74,4454
8,4450
-27,4448
64,4447
-99,4445
80,4444
15,4443
88,4442
-9,4441
57,4440
-78,4439
81,4438
-52,4435
-20,4432
-4,4431
-37,4429
-82,4427
8,4426
-60,4425
70,4424
-63,4421
-60,4420
21,4419
-95,4416
52,4415
52,4414
-98,4413
92,4412
-82,4411
35,4409
37,4407
54,4406
96,4405
-93,4402
-14,4401
-68,4400
14,4399
-83,4398
81,4397
-51,4395
-21,4394
-93,4393
33,4392
-52,4389
85,4388
54,4387
84,4386
27,4384
-55,4383
57,4382
11,4381
-51,4379
71,4378
27,4377
-25,4376
-60,4374
90,4373
76,4371
-28,4370
11,4369
0,4368
69,4367
11,4366
-16,4364
-23,4363
36,4362
25,4358
47,4357
-3,4356
78,4355
5,4354
26,4353
-37,4352
24,4351
-96,4350
81,4347
-80,4346
71,4345
-99,4344
48,4343
-35,4342
70,4340
-47,4339
41,4338
97,4337
21,4335
-45,4334
-32,4333
18,4331
47,4330
92,4329
-53,4328
52,4327
-11,4325
95,4324
23,4321
-18,4320
61,4319
-72,4318
-80,4317
-77,4315
89,4314
95,4313
18,4312
38,4311
-41,4309
-85,4308
8,4307
-67,4306
-79,4305
34,4304
60,4303
14,4301
-41,4300
71,4299
-92,4298
-79,4297
-83,4296
85,4295
-44,4292
-39,4291
82,4290
2,4289
-20,4288
-63,4287
-93,4286
98,4285
-8,4283
-13,4281
-100,4280
84,4279
-47,4278
17,4274
70,4273
60,4269
37,4267
70,4266
-93,4265
-38,4264
83,4263
16,4262
-78,4260
61,4258
37,4256
8,4252
35,4250
-84,4249
7,4248
15,4247
88,4246
-37,4243
65,4242
68,4241
69,4240
16,4239
4,4236
96,4235
33,4234
85,4232
0,4231
-31,4229
91,4227
77,4224
22,4223
-34,4221
-70,4217
78,4216
0,4215
-12,4212
-11,4211
-7,4210
-14,4209
-37,4208
100,4207
-93,4206
12,4205
80,4204
-17,4203
-77,4202
-9,4201
59,4200
-100,4198
-98,4197
93,4195
-2,4194
-98,4193
-39,4192
96,4189
83,4188
-49,4187
79,4185
53,4184
-67,4181
30,4178
-82,4177
-80,4176
40,4175
-75,4173
68,4172
5,4171
71,4169
50,4168
42,4167
-76,4165
-68,4163
84,4162
-63,4161
-86,4160
21,4158
-71,4157
-89,4155
-39,4154
29,4153
-49,4152
7,4151
85,4150
19,4147
-63,4146
-92,4145
-24,4144
-54,4143
-74,4142
-77,4141
63,4140
49,4139
77,4138
50,4137
23,4136
33,4135
-27,4134
22,4132
77,4131
-51,4130
-90,4129
-6,4128
-18,4127
89,4126
-19,4125
-15,4124
52,4123
1,4122
52,4121
54,4120
9,4119
53,4118
-2,4117
-52,4115
-30,4114
-77,4113
73,4112
81,4111
61,4110
-37,4109
93,4108
55,4107
-12,4106
85,4105
38,4103
37,4102
-2,4101
-83,4100
95,4098
96,4097
11,4096
35,4094
-99,4093
-27,4092
-94,4089
-93,4088
79,4087
-84,4086
13,4085
-17,4084
-80,4083
-54,4082
-55,4081
-31,4080
-1,4078
-79,4076
-91,4075
60,4074
-39,4073
64,4072
32,4071
-59,4070
51,4069
-88,4068
-51,4066
89,4065
-25,4063
83,4060
57,4059
-27,4058
-77,4057
-27,4055
33,4054
11,4053
-6,4052
-8,4051
-20,4050
-17,4049
15,4048
49,4047
-54,4046
19,4045
-82,4044
-28,4042
4,4041
31,4040
53,4039
52,4038
-59,4037
11,4036
9,4035
26,4034
-39,4033
-42,4032
-62,4031
86,4030
-45,4029
59,4028
62,4026
-15,4025
-40,4024
-73,4023
36,4021
93,4020
57,4019
72,4018
64,4017
-19,4016
67,4015
98,4014
80,4013
-50,4012
-26,4011
-27,4010
-53,4007
-59,4006
-36,4005
23,4004
-45,4003
-93,4001
38,4000
-27,3999
-47,3998
32,3997
21,3995
-52,3994
-12,3993
-40,3992
-53,3990
-40,3989
68,3988
67,3985
-69,3984
-84,3982
24,3981
96,3980
-54,3979
-56,3978
12,3976
-96,3975
-2,3973
17,3972
-17,3970
-82,3969
-77,3968
49,3966
12,3965
-27,3963
-91,3961
-91,3959
96,3958
84,3957
-93,3956
14,3955
-10,3954
25,3953
73,3952
86,3950
61,3949
-21,3948
31,3946
51,3945
91,3944
-29,3942
78,3941
-93,3940
-25,3937
-49,3936
-12,3933
2,3932
15,3931
27,3930
-49,3929
-73,3928
31,3926
-95,3924
-7,3922
-10,3921
52,3919
75,3918
4,3917
-8,3916
25,3915
-40,3914
-40,3913
20,3912
-15,3910
4,3909
-53,3907
-61,3905
98,3904
-7,3903
72,3901
19,3900
2,3898
-16,3897
-77,3896
-18,3895
-53,3894
88,3892
0,3891
-41,3890
93,3888
-91,3887
72,3885
-80,3884
45,3883
-12,3881
14,3880
81,3879
-64,3878
-25,3877
18,3876
89,3875
11,3873
-74,3869
-99,3868
52,3867
57,3866
-100,3865
11,3864
-77,3862
54,3861
-64,3860
31,3859
-84,3858
-86,3857
81,3856
16,3855
-5,3854
-97,3853
-14,3852
2,3850
-93,3849
-28,3848
71,3847
-62,3846
67,3845
93,3843
15,3842
-89,3840
-18,3839
-36,3838
-46,3837
-69,3834
37,3832
77,3831
-3,3830
-16,3829
91,3828
70,3827
13,3826
-30,3825
91,3824
-93,3822
99,3821
51,3820
-14,3818
-36,3817
-15,3815
-47,3813
94,3812
-36,3811
84,3810
72,3809
-74,3808
47,3806
87,3805
-86,3804
41,3802
-22,3801
-94,3799
71,3798
14,3797
85,3796
13,3795
-87,3794
23,3793
-28,3792
77,3791
50,3790
49,3789
-21,3788
36,3787
-77,3786
52,3785
84,3784
63,3783
90,3779
80,3778
-69,3777
55,3776
-24,3775
58,3774
49,3772
6,3770
-36,3769
-78,3768
83,3767
-86,3766
80,3765
22,3760
-28,3759
-5,3758
-44,3757
-41,3755
-73,3754
4,3751
-35,3749
49,3748
-30,3746
-37,3745
48,3744
24,3743
26,3742
65,3741
-13,3740
68,3739
29,3738
-66,3737
41,3736
19,3735
84,3734
95,3733
-57,3731
5,3730
40,3729
-15,3728
20,3727
21,3726
-79,3725
45,3723
2,3720
47,3719
-9,3717
90,3716
-64,3715
95,3714
5,3713
-73,3711
-86,3710
-98,3709
-37,3707
40,3706
26,3704
-61,3702
31,3701
-98,3700
88,3699
43,3698
24,3697
47,3696
-41,3695
-99,3694
52,3693
68,3691
92,3690
-82,3689
-31,3688
-59,3687
-54,3686
-25,3685
15,3684
66,3683
-12,3682
-100,3681
48,3680
58,3679
-47,3678
-38,3677
-87,3675
10,3674
39,3672
26,3671
0,3670
60,3669
-34,3668
-48,3666
-97,3665
-90,3664
-33,3663
100,3662
-37,3661
90,3659
31,3658
30,3657
-96,3656
-96,3655
34,3654
5,3653
89,3652
-46,3651
88,3650
35,3648
54,3647
64,3646
-11,3645
-11,3644
64,3643
-26,3642
-60,3641
46,3640
98,3638
37,3637
15,3636
-89,3635
-35,3633
-19,3632
-18,3631
-6,3630
80,3629
-46,3628
-14,3627
37,3625
-92,3623
58,3621
90,3619
-75,3618
78,3617
-44,3616
-10,3614
-24,3613
47,3611
-7,3610
-20,3609
4,3607
-25,3604
-30,3603
-74,3602
-12,3601
81,3600
28,3599
-42,3598
-28,3597
38,3596
-58,3595
-30,3593
4,3591
-45,3587
-32,3586
-36,3585
29,3584
50,3583
49,3582
42,3581
-91,3580
35,3579
-87,3578
-29,3577
99,3576
41,3575
22,3573
55,3572
-33,3571
-100,3570
-91,3569
9,3568
-4,3566
-13,3565
3,3564
-79,3563
87,3562
78,3561
-92,3560
62,3559
-16,3558
-91,3557
-19,3556
39,3555
-48,3554
-88,3553
-67,3552
-86,3549
-67,3546
-98,3544
-46,3543
27,3542
3,3540
-49,3539
-65,3538
72,3536
-64,3535
-20,3534
80,3533
41,3532
-30,3531
-11,3530
24,3529
60,3528
99,3527
-91,3525
68,3524
100,3523
-51,3522
-11,3521
36,3520
-11,3518
-64,3517
82,3516
20,3514
94,3512
93,3511
21,3510
79,3508
-93,3507
84,3506
16,3505
-81,3504
-27,3502
-59,3500
58,3499
67,3497
59,3496
24,3494
-48,3493
-84,3492
12,3491
-69,3490
36,3488
87,3486
61,3485
-27,3484
71,3483
-15,3482
-71,3481
-29,3480
43,3479
-79,3478
3,3477
-22,3476
-77,3475
-18,3474
57,3473
50,3472
-74,3471
30,3467
-25,3466
-99,3465
-90,3464
-84,3463
-11,3462
38,3461
-71,3459
59,3456
60,3455
24,3453
57,3452
70,3451
95,3449
86,3448
-35,3445
-79,3444
1,3443
-86,3442
-34,3440
-14,3437
80,3436
63,3433
94,3432
-98,3429
-29,3428
26,3427
-17,3426
-52,3425
-2,3424
-34,3423
83,3421
55,3420
-78,3419
76,3418
-45,3416
98,3415
-82,3414
-13,3413
-68,3412
55,3410
20,3409
-79,3408
0,3407
-33,3406
-26,3405
-34,3404
60,3403
64,3400
64,3399
95,3397
-46,3396
16,3393
-92,3392
-65,3391
-2,3390
-28,3389
-55,3388
-35,3387
21,3386
-93,3385
-28,3384
-48,3383
-65,3382
3,3381
49,3380
-77,3379
-24,3378
87,3377
91,3376
-7,3374
-66,3373
28,3370
-17,3369
-16,3368
75,3366
27,3365
75,3364
45,3363
3,3361
3,3360
0,3359
-2,3358
90,3356
80,3355
-65,3353
-87,3352
33,3351
-98,3350
62,3349
-45,3347
-39,3346
17,3345
90,3344
-73,3342
96,3341
-61,3339
-89,3338
30,3337
-59,3336
-53,3335
-71,3333
-13,3332
44,3331
-5,3330
-3,3329
5,3328
-29,3327
-39,3326
-96,3325
-73,3324
70,3323
-6,3322
-75,3320
7,3318
-90,3316
-53,3315
-62,3313
-34,3312
-88,3309
94,3308
53,3306
-70,3305
-8,3303
-48,3302
-31,3301
-24,3298
-81,3297
-62,3296
27,3295
18,3294
-71,3293
-43,3291
-91,3290
83,3289
-92,3287
-26,3286
-88,3285
-82,3284
-51,3282
97,3280
-55,3279
-95,3278
53,3277
38,3276
97,3275
-17,3274
66,3272
-53,3270
-11,3269
85,3268
-23,3267
22,3266
-57,3265
-100,3264
-49,3263
-55,3262
-25,3261
-17,3258
61,3257
45,3256
56,3255
-40,3253
-44,3250
16,3248
39,3244
-12,3243
-50,3242
-26,3241
73,3240
57,3239
-19,3238
-84,3237
40,3232
-50,3231
54,3230
-36,3228
33,3227
-40,3226
31,3225
-10,3224
65,3223
79,3221
49,3219
-58,3218
29,3214
53,3211
37,3210
-4,3209
14,3207
-20,3206
90,3204
70,3203
12,3202
97,3201
-31,3200
-23,3199
80,3198
88,3197
70,3195
-98,3194
93,3192
1,3191
93,3190
35,3189
-84,3188
55,3187
-4,3186
68,3185
0,3184
39,3183
38,3182
19,3181
54,3180
-60,3178
-18,3177
75,3176
37,3175
42,3174
52,3173
74,3171
74,3170
-37,3169
-54,3168
-52,3167
18,3166
-61,3165
-57,3164
5,3161
-18,3160
-10,3159
-88,3157
60,3154
20,3153
-10,3151
86,3149
-34,3148
-22,3147
-16,3145
-65,3144
84,3143
-72,3141
93,3140
-24,3139
16,3138
-60,3137
-52,3136
-88,3135
75,3134
-37,3133
93,3131
65,3130
-45,3129
-30,3128
96,3126
-2,3124
-64,3121
-25,3119
20,3118
-42,3116
-55,3115
42,3113
-51,3112
-78,3111
42,3110
2,3109
-74,3108
59,3106
-70,3105
-31,3104
-57,3102
-87,3101
65,3100
77,3099
40,3098
-30,3097
65,3093
23,3092
-79,3091
62,3090
88,3087
-86,3084
-70,3082
-76,3081
98,3079
-48,3077
-37,3076
77,3075
37,3073
-88,3072
-97,3071
62,3070
-100,3069
-72,3068
23,3067
-78,3066
-28,3064
-4,3063
75,3060
15,3058
-88,3057
55,3056
41,3055
42,3050
-7,3049
-47,3046
16,3045
59,3044
-14,3042
-23,3041
-2,3040
-29,3039
-67,3038
91,3035
80,3034
-85,3033
92,3032
-61,3031
33,3030
35,3028
31,3025
79,3024
47,3023
-8,3022
-92,3021
-23,3020
-8,3019
-93,3018
9,3017
44,3016
16,3014
-53,3011
18,3010
-28,3009
-47,3008
41,3006
-57,3004
32,3003
-86,3002
-85,3001
-43,2999
20,2998
-32,2997
99,2996
-63,2995
-89,2994
59,2993
100,2992
77,2991
82,2989
-80,2987
-11,2986
-66,2985
18,2984
-88,2983
-91,2981
-32,2980
-31,2979
6,2978
29,2976
-68,2975
36,2974
44,2973
-4,2972
59,2971
-57,2968
-5,2967
-85,2965
34,2964
65,2963
34,2962
10,2960
89,2959
-69,2958
4,2957
43,2956
97,2954
-44,2953
-15,2951
3,2950
28,2949
55,2947
68,2946
-99,2944
52,2943
8,2942
-90,2941
66,2939
37,2938
-57,2937
89,2936
60,2934
67,2931
-54,2930
94,2929
0,2927
-5,2926
32,2925
71,2924
30,2923
88,2921
-76,2920
37,2919
49,2918
94,2916
96,2913
85,2911
-95,2909
-34,2908
79,2907
-67,2906
10,2905
32,2903
35,2902
100,2901
-15,2899
4,2898
21,2897
50,2893
98,2892
2,2890
98,2889
97,2888
-26,2887
-87,2886
-85,2884
-45,2883
92,2882
52,2880
99,2879
-71,2878
17,2877
15,2874
22,2872
48,2871
83,2870
-90,2869
-12,2868
-44,2866
61,2865
-53,2863
-54,2862
-99,2861
60,2860
-72,2858
-65,2857
71,2856
-47,2851
-18,2849
0,2848
31,2847
-65,2846
-44,2845
33,2844
-60,2843
-81,2842
96,2841
0,2840
-86,2839
80,2836
14,2835
-18,2833
48,2832
-69,2831
93,2829
-7,2828
-32,2827
86,2825
99,2824
-90,2823
-83,2822
-97,2821
-70,2820
-57,2819
94,2817
19,2815
-50,2814
-48,2813
10,2812
31,2811
-95,2810
-34,2809
-60,2808
-13,2807
79,2806
-16,2805
-11,2804
34,2803
-14,2802
-68,2801
-47,2800
-67,2799
49,2797
90,2796
24,2795
80,2794
40,2793
89,2792
-74,2790
79,2789
36,2788
-42,2786
17,2785
-16,2784
-97,2783
-51,2782
14,2781
-87,2779
-90,2777
91,2776
-87,2774
-74,2773
14,2772
17,2771
-67,2770
48,2769
49,2768
40,2765
-65,2764
63,2761
94,2760
-88,2757
46,2755
28,2754
-17,2753
-53,2752
53,2751
44,2750
50,2749
35,2747
-69,2746
61,2745
-22,2744
-79,2743
11,2741
-12,2740
-22,2739
-57,2738
60,2737
-84,2735
15,2734
57,2733
88,2732
-42,2731
57,2728
79,2726
68,2725
79,2723
16,2722
-40,2721
-71,2719
-43,2716
-46,2715
38,2714
-17,2713
84,2710
22,2709
80,2708
-86,2707
-64,2706
3,2704
55,2703
-88,2701
-81,2699
96,2697
-47,2695
88,2694
24,2693
-71,2692
43,2691
-19,2690
-49,2689
-89,2688
55,2687
-35,2686
66,2685
47,2684
-63,2682
26,2681
-61,2679
23,2676
51,2675
-38,2673
-11,2672
-19,2671
-68,2670
21,2669
85,2668
90,2667
33,2666
36,2663
46,2662
89,2661
48,2659
-93,2657
54,2654
46,2652
-18,2651
-47,2648
-31,2647
-44,2646
66,2645
-11,2644
50,2643
-53,2642
-58,2641
79,2640
40,2637
-15,2636
-63,2635
100,2633
-64,2632
-4,2631
-74,2630
-10,2629
-81,2628
-77,2627
59,2626
-5,2625
-24,2624
74,2623
-42,2622
93,2621
-34,2619
29,2618
18,2617
-26,2616
40,2613
38,2610
-96,2608
-29,2607
54,2605
42,2604
-3,2602
18,2601
74,2600
-13,2599
77,2597
-48,2596
62,2594
-8,2593
-6,2592
-30,2591
6,2590
-78,2589
-51,2587
83,2586
79,2585
58,2584
77,2583
92,2580
-91,2579
57,2578
95,2576
-99,2574
-45,2573
84,2572
-86,2570
-10,2569
-49,2567
-81,2566
-3,2565
74,2564
59,2563
44,2562
-19,2561
-42,2560
-2,2558
61,2557
69,2555
-94,2554
72,2553
-62,2552
61,2551
31,2550
-22,2549
-1,2548
18,2546
15,2545
85,2543
81,2541
25,2540
86,2537
88,2536
41,2535
-69,2534
4,2533
56,2532
-74,2531
40,2530
-6,2529
5,2528
-69,2527
-74,2525
-6,2524
-29,2523
84,2521
-50,2519
-24,2517
-69,2516
-18,2515
-47,2514
59,2513
-44,2512
42,2510
49,2509
-58,2508
-40,2507
-65,2506
-54,2505
14,2504
-68,2503
-18,2502
98,2501
8,2500
-3,2499
62,2498
24,2497
29,2496
76,2495
-10,2494
-66,2493
-20,2492
67,2490
-52,2489
41,2488
43,2487
-94,2486
18,2485
37,2484
-14,2481
-96,2478
-54,2477
-71,2476
-32,2475
90,2473
-81,2472
-65,2471
17,2470
94,2469
-93,2468
-97,2467
74,2465
59,2464
80,2463
22,2462
49,2461
47,2459
-42,2458
-35,2455
-98,2454
-48,2452
17,2451
-80,2449
-100,2448
9,2447
-66,2446
-6,2444
44,2443
-95,2442
23,2440
81,2439
-75,2438
-44,2434
36,2433
56,2431
-25,2429
99,2428
78,2426
-91,2425
-82,2424
19,2423
-99,2422
-53,2421
-60,2419
34,2418
48,2417
0,2415
-72,2414
-3,2412
-70,2410
5,2408
-78,2407
-2,2405
-39,2404
22,2403
64,2401
88,2399
-79,2398
30,2396
-39,2395
17,2394
74,2393
-71,2392
19,2391
-32,2390
51,2389
-8,2388
7,2387
-23,2386
-14,2385
-3,2384
52,2383
-59,2382
-59,2381
94,2379
-38,2378
-84,2377
12,2376
-86,2375
-22,2374
48,2373
61,2372
7,2370
-37,2367
-69,2366
-3,2363
53,2362
-60,2361
-14,2360
-58,2359
-41,2358
86,2357
-15,2356
13,2355
23,2354
-22,2353
78,2352
-37,2349
-80,2348
-73,2345
70,2344
-53,2343
-46,2342
93,2341
-61,2340
-99,2339
-24,2338
99,2336
-91,2335
29,2334
61,2333
22,2331
78,2330
95,2329
69,2328
57,2326
9,2325
-4,2324
87,2323
61,2322
70,2320
-54,2319
60,2318
-37,2317
82,2316
-39,2315
3,2314
42,2313
0,2312
-14,2311
-92,2310
-79,2309
90,2308
-60,2307
-56,2306
97,2304
-98,2303
-7,2301
13,2299
-24,2298
50,2297
98,2295
78,2294
80,2292
82,2291
41,2290
17,2289
33,2288
91,2287
-30,2285
-52,2284
-77,2282
-57,2281
94,2280
-27,2279
-34,2278
59,2276
-30,2273
37,2272
-50,2269
-18,2268
-43,2267
95,2265
38,2264
88,2263
35,2261
12,2260
95,2259
88,2258
3,2257
59,2256
7,2255
-78,2254
-54,2252
-82,2251
45,2250
66,2248
62,2246
82,2245
20,2241
-58,2240
-37,2239
-30,2237
62,2235
-53,2234
-41,2231
26,2230
86,2229
19,2228
93,2227
-79,2226
-71,2225
12,2223
-27,2221
-4,2220
91,2219
-48,2216
-79,2215
91,2214
-98,2213
-38,2211
-38,2210
-4,2209
-32,2208
90,2207
32,2206
-39,2205
18,2204
6,2203
-38,2202
-83,2199
33,2197
-69,2196
-53,2195
-9,2191
8,2190
-56,2189
95,2188
-61,2184
-91,2183
-16,2182
91,2181
91,2180
-44,2179
84,2178
53,2177
78,2176
-94,2175
4,2174
96,2173
-21,2171
-19,2170
34,2168
-12,2164
-3,2163
-84,2162
34,2161
78,2160
58,2159
-50,2158
42,2157
15,2156
-9,2155
-50,2154
-1,2153
64,2152
71,2150
50,2149
1,2148
-22,2147
95,2143
62,2142
40,2141
96,2140
-64,2138
84,2136
-99,2134
73,2133
79,2132
71,2131
-82,2129
28,2128
-70,2127
-45,2126
-18,2125
34,2123
-91,2121
23,2120
-42,2119
29,2118
-14,2117
-69,2116
-85,2115
50,2113
-51,2112
-47,2111
28,2110
10,2109
38,2108
-40,2107
78,2106
44,2105
-85,2104
58,2102
-49,2100
-19,2099
-72,2097
-75,2096
64,2094
72,2093
-91,2092
-91,2090
-67,2089
-58,2088
26,2087
-10,2086
-50,2085
-42,2084
2,2079
-5,2078
-65,2077
21,2076
-66,2074
52,2072
7,2071
-80,2070
85,2069
-95,2067
-39,2066
-73,2064
-19,2063
-56,2062
-52,2060
-91,2059
-29,2058
26,2056
-73,2055
58,2054
84,2053
-4,2052
-28,2050
57,2049
55,2048
37,2047
33,2046
-44,2045
-7,2044
84,2043
17,2041
-25,2040
61,2039
-3,2038
61,2037
91,2036
17,2035
14,2034
56,2033
14,2032
29,2031
19,2030
-43,2029
-39,2027
-81,2026
96,2025
82,2024
-86,2023
-72,2022
-71,2021
-11,2020
25,2018
51,2016
67,2015
-10,2014
37,2013
-66,2012
74,2011
93,2008
-26,2007
1,2006
-86,2003
-52,2002
-78,2000
-37,1998
-84,1994
19,1991
14,1989
56,1988
-8,1987
-87,1986
9,1984
-100,1983
3,1977
-20,1976
15,1975
79,1973
98,1970
78,1969
-21,1968
49,1967
23,1966
44,1965
83,1964
-60,1963
-43,1962
99,1961
-76,1959
38,1957
53,1955
-16,1954
-60,1953
-94,1951
18,1950
-55,1947
74,1945
43,1943
-69,1942
64,1941
-35,1938
-4,1937
-42,1935
68,1934
-22,1931
81,1929
-14,1928
-40,1926
55,1925
-100,1924
-1,1921
30,1920
-64,1917
-3,1915
-33,1914
49,1913
36,1911
-71,1910
-33,1909
46,1908
91,1907
63,1906
-39,1905
34,1903
74,1902
-15,1900
74,1899
-36,1898
-91,1897
-82,1896
-20,1895
-30,1893
29,1891
-2,1890
80,1889
5,1886
35,1883
10,1881
36,1880
-5,1879
1,1878
-70,1876
90,1875
-57,1874
-56,1872
71,1871
72,1870
-51,1869
-6,1868
-23,1867
-92,1866
-16,1863
-66,1862
-33,1858
-93,1856
42,1855
53,1854
-63,1851
-59,1850
90,1849
36,1847
74,1846
100,1844
-71,1843
-71,1842
79,1841
-15,1840
-29,1839
70,1836
-56,1835
37,1834
48,1830
-7,1829
57,1827
94,1824
69,1822
98,1820
-13,1819
-69,1818
27,1816
95,1815
-37,1814
-56,1813
-65,1812
-75,1811
6,1810
56,1809
-59,1808
-80,1807
-52,1806
88,1805
66,1804
-95,1803
-84,1802
-71,1801
89,1800
-45,1799
26,1796
-30,1795
7,1794
-84,1793
-30,1791
79,1790
-13,1789
4,1788
34,1787
88,1786
51,1785
-95,1783
56,1782
-26,1781
-53,1780
28,1779
31,1778
-26,1777
34,1776
-23,1775
29,1774
24,1773
67,1772
95,1771
-96,1770
12,1768
-40,1767
-87,1764
-39,1762
-39,1760
5,1758
-23,1756
-82,1755
71,1754
-60,1753
-68,1752
55,1750
89,1748
16,1747
39,1746
80,1745
71,1743
11,1742
22,1741
-13,1740
0,1739
-77,1738
11,1737
41,1736
87,1735
-63,1734
77,1733
7,1731
-47,1730
-72,1729
54,1728
76,1727
29,1726
31,1725
-2,1724
-25,1723
59,1722
99,1721
41,1720
29,1719
-82,1718
28,1716
-9,1714
-73,1712
42,1711
-20,1710
-63,1709
75,1708
-7,1707
-56,1705
-24,1703
78,1701
-48,1700
63,1699
30,1698
-100,1695
76,1694
11,1693
15,1692
73,1691
4,1689
-7,1688
-11,1687
19,1686
92,1685
57,1683
73,1682
-74,1681
-63,1680
-35,1679
18,1678
-49,1677
-69,1676
-9,1673
-48,1672
70,1671
-18,1670
15,1668
-58,1667
-67,1666
90,1665
87,1663
57,1661
-79,1660
45,1659
67,1658
73,1657
-76,1654
43,1653
13,1652
-94,1651
-48,1650
82,1649
29,1647
-86,1645
-83,1642
8,1640
49,1639
-98,1638
-91,1637
-54,1634
-63,1632
-45,1631
-97,1630
-100,1629
-23,1628
-57,1625
-48,1622
98,1621
-8,1620
-92,1619
-29,1616
-95,1615
14,1614
0,1613
57,1611
40,1608
3,1606
16,1605
30,1601
-20,1600
-8,1598
-18,1597
15,1596
-42,1595
74,1594
-61,1592
70,1591
-37,1589
31,1588
-32,1585
-2,1584
68,1583
-86,1582
-67,1581
47,1580
-63,1579
-94,1578
-85,1577
55,1573
84,1571
-11,1570
55,1569
42,1567
16,1566
10,1565
67,1564
-55,1563
30,1562
-22,1561
-71,1560
28,1559
-7,1557
-26,1556
-28,1554
-78,1553
-63,1552
-83,1551
37,1550
-33,1549
-64,1548
-17,1547
-46,1546
-23,1545
14,1543
30,1542
-38,1541
-8,1539
-53,1538
-83,1537
-1,1535
13,1533
24,1532
-49,1531
-71,1529
-92,1527
-39,1525
63,1523
-64,1522
92,1521
77,1520
-43,1519
64,1518
-89,1517
-82,1516
-99,1513
-15,1511
44,1509
3,1508
-38,1507
-55,1506
67,1505
-9,1502
-20,1501
-88,1499
97,1498
74,1497
27,1495
53,1494
-93,1493
-59,1492
-31,1491
78,1490
8,1489
67,1488
82,1484
65,1483
-74,1482
-60,1480
-25,1479
67,1478
-25,1475
-62,1473
-22,1472
56,1471
40,1470
6,1469
-70,1463
34,1462
15,1461
32,1459
45,1458
-69,1457
77,1456
-16,1454
-89,1453
-21,1452
67,1451
3,1450
-84,1449
25,1448
39,1447
-34,1446
-53,1445
-81,1443
-71,1442
-8,1441
21,1440
-80,1439
37,1438
41,1437
99,1435
8,1434
-11,1432
91,1431
31,1430
64,1429
-30,1428
87,1427
12,1424
-34,1422
-95,1421
-78,1420
-92,1419
-25,1418
6,1417
-93,1416
-79,1414
-80,1412
-94,1411
-2,1410
19,1409
20,1407
53,1406
-68,1405
-53,1403
4,1401
-35,1400
-98,1399
-86,1398
-13,1394
58,1393
4,1389
-93,1387
53,1386
-72,1384
25,1383
-70,1380
-83,1377
49,1375
75,1374
-2,1373
-19,1371
96,1370
13,1369
-25,1366
-11,1365
80,1364
-50,1363
60,1362
43,1361
-77,1360
0,1358
-72,1357
-87,1356
-90,1355
-15,1353
-93,1352
-53,1351
6,1349
-92,1348
22,1347
0,1345
-88,1343
-20,1341
4,1340
42,1339
89,1338
9,1336
-26,1333
92,1332
-16,1330
46,1329
74,1328
-54,1327
88,1326
-81,1325
-34,1323
-26,1322
-16,1321
61,1320
-42,1319
-11,1318
-57,1317
74,1316
42,1315
81,1314
-59,1313
-33,1312
2,1311
-42,1310
53,1309
-53,1308
44,1306
74,1305
-23,1303
53,1301
-67,1299
45,1298
25,1295
-91,1293
64,1292
-77,1289
-24,1288
95,1286
40,1285
-85,1284
2,1283
-27,1282
-35,1281
57,1280
-99,1279
4,1278
89,1277
-39,1276
-95,1275
35,1273
-34,1272
75,1271
68,1268
84,1267
24,1265
76,1264
-32,1263
53,1262
-14,1259
13,1258
74,1257
77,1256
-42,1255
-24,1254
82,1253
-49,1252
-89,1251
90,1250
-52,1249
99,1247
64,1246
-47,1245
94,1244
-38,1243
-79,1241
-41,1240
45,1239
73,1235
2,1232
6,1231
1,1230
-93,1229
-15,1227
-58,1225
-72,1222
-21,1220
13,1219
-22,1216
10,1215
-16,1214
49,1213
-3,1212
-18,1210
57,1209
-20,1208
-91,1206
-14,1204
-77,1202
95,1201
-18,1200
-45,1199
-33,1198
-56,1196
-33,1195
-35,1194
-46,1193
63,1192
37,1191
98,1190
43,1189
40,1187
30,1185
-86,1184
-3,1183
-50,1182
-36,1181
33,1180
-48,1178
-15,1177
55,1175
84,1174
-58,1172
-44,1171
-90,1170
33,1169
-5,1167
53,1166
87,1165
67,1163
-57,1162
60,1161
37,1160
-92,1159
-45,1158
25,1156
27,1155
61,1154
-99,1153
-49,1152
-32,1150
-3,1149
-80,1148
-86,1147
-27,1145
-57,1144
-17,1143
18,1142
-44,1141
-58,1140
58,1138
53,1137
44,1136
86,1135
28,1133
-71,1132
19,1130
80,1129
68,1128
-84,1127
-44,1126
-27,1125
-95,1124
-80,1122
30,1121
-86,1120
-9,1118
47,1117
-52,1115
25,1114
35,1113
36,1110
-17,1109
47,1108
24,1105
-32,1102
48,1101
-69,1099
45,1098
-39,1097
-22,1096
-2,1094
-41,1090
-44,1087
31,1086
-44,1085
-23,1084
-73,1083
22,1082
45,1081
24,1080
82,1079
1,1078
85,1077
52,1076
-19,1075
46,1074
69,1072
-17,1070
-96,1067
0,1065
85,1064
78,1063
25,1062
-58,1061
-81,1059
70,1058
20,1057
30,1056
50,1055
88,1054
56,1053
36,1052
50,1051
-15,1050
-39,1049
31,1048
-42,1046
-33,1045
29,1044
89,1042
-94,1041
-83,1040
25,1038
-45,1037
14,1036
-79,1035
96,1033
11,1032
19,1031
-2,1030
7,1029
-59,1028
-18,1027
-28,1026
2,1025
-12,1021
93,1019
62,1018
-6,1017
-63,1016
89,1015
-56,1011
-98,1010
25,1008
61,1006
11,1004
76,1003
62,1002
-49,1001
-2,1000
-99,998
-95,997
62,996
-54,995
-79,992
-17,990
88,989
58,988
51,987
-79,986
33,985
-16,984
-45,982
-90,981
51,980
-44,978
-52,977
-86,976
8,973
-87,972
3,970
49,968
40,967
38,966
-64,965
-95,964
-33,963
95,962
37,961
-15,959
24,958
15,957
-5,954
78,953
-97,952
-8,949
10,948
-37,947
-15,946
-10,943
74,942
24,941
-49,940
91,939
-23,938
-3,937
-81,936
25,934
-7,932
-92,931
72,930
-41,929
-58,928
70,926
-99,924
21,923
75,922
46,921
-73,919
-75,918
-90,917
20,916
-55,915
10,914
65,912
34,911
100,910
-90,909
-100,908
-49,902
-9,901
-65,900
26,899
52,898
19,897
29,896
-49,894
-99,893
21,888
-48,887
15,886
-51,885
-56,884
-84,883
17,882
-63,881
-53,879
47,878
-39,876
-39,874
6,872
9,871
39,870
68,869
-74,868
-69,867
40,866
-29,864
88,863
12,862
-75,860
-77,859
-59,856
-49,855
98,854
75,853
92,850
-13,849
-85,848
-73,846
-33,845
-95,843
-82,842
-63,841
-48,840
-34,839
-85,837
-96,836
88,835
90,834
-54,833
-65,832
-40,830
37,829
-10,828
34,827
31,826
-39,825
-65,823
100,821
-2,820
10,819
85,817
23,814
1,813
89,811
14,810
98,808
-23,806
-10,805
62,804
-80,800
100,799
-90,797
77,796
85,794
86,792
71,791
-63,790
-14,789
91,788
46,787
-50,786
50,785
-4,784
-68,783
-76,782
89,781
-7,780
-77,779
96,778
59,777
-67,776
9,774
-23,773
-35,772
82,771
-79,769
11,768
-100,767
-2,766
4,765
-51,764
-98,763
13,762
27,761
46,760
-88,759
44,758
18,756
94,755
-71,754
95,752
63,750
74,748
-40,747
71,746
-99,745
-84,744
-59,743
24,741
-46,740
-53,739
-57,738
73,737
27,736
-100,735
94,734
-86,732
-48,731
-71,730
-20,729
31,728
9,727
-95,726
64,725
58,722
-65,721
-22,719
-14,718
-40,716
28,715
-95,714
-85,713
-65,712
47,710
91,708
48,706
-33,705
-63,704
100,703
-61,702
-27,701
-57,700
-56,699
27,698
-78,696
-9,695
21,694
-47,693
-38,692
77,690
-66,685
46,683
-30,682
-75,681
13,679
80,678
-65,675
1,674
7,673
-38,672
0,670
75,669
-57,668
-59,666
75,665
-51,663
36,662
69,661
36,660
68,659
77,658
48,656
36,655
-52,654
88,653
32,652
24,650
-57,649
94,647
-24,646
27,645
-39,644
90,643
58,640
-16,639
-28,638
-29,636
97,634
23,633
89,632
14,630
-79,629
-100,628
-88,627
-2,626
-40,625
5,623
97,621
-46,620
62,617
-28,614
90,613
-48,612
7,611
-63,609
61,608
-95,607
32,606
-90,605
19,604
50,603
24,602
-52,599
-92,598
92,597
-52,596
-7,595
48,594
38,592
-64,591
20,590
68,588
84,587
-89,586
-29,585
-19,584
-6,583
-29,582
-21,581
-90,580
-66,578
-10,576
-14,575
-99,574
-97,572
36,571
66,570
0,569
-94,568
29,567
6,565
-98,564
98,563
68,562
1,561
39,560
9,559
51,558
-70,557
44,556
37,555
56,554
-16,553
-49,552
-37,551
-97,550
75,549
43,548
-21,547
-17,544
-13,543
57,542
26,541
-54,540
-64,533
-38,532
89,531
68,529
48,527
-28,526
-53,525
86,524
69,523
93,522
-35,519
-86,518
-45,516
95,515
64,514
67,513
-56,512
-18,510
18,509
15,508
22,507
-95,506
22,505
-39,502
-75,501
-9,500
7,498
-22,497
96,496
-59,495
-75,494
74,493
48,491
-27,489
57,488
-92,485
-57,484
-12,483
-65,482
-98,481
62,480
78,478
-6,477
46,475
-24,474
41,471
-64,468
85,467
60,466
-14,465
-34,464
-51,463
66,462
68,461
37,460
78,459
60,458
11,457
-56,455
25,454
63,453
-69,452
34,449
-84,448
95,447
50,444
-39,443
42,442
100,440
29,439
-29,437
-97,435
-88,433
-23,432
96,431
83,429
-30,426
99,425
-72,423
-33,421
-83,420
97,419
-37,417
-44,416
-33,415
-83,414
-92,410
9,409
-75,408
-17,407
-62,406
89,404
-69,403
60,402
-60,399
26,398
55,397
-46,396
13,395
9,394
-95,393
25,392
-47,390
41,389
-7,388
-96,387
98,386
57,385
-27,384
2,383
-13,382
38,380
-67,379
-50,378
52,377
95,376
23,375
35,374
40,371
-50,370
-66,369
15,368
62,366
-69,365
-69,364
96,362
-33,361
99,359
-72,358
-60,356
-92,355
16,354
-38,353
-24,352
-47,349
97,348
94,346
-76,344
-2,343
60,342
-44,341
94,340
38,339
25,338
78,336
17,335
-81,334
-88,333
87,332
-100,331
82,330
-33,329
-94,327
73,325
31,324
44,323
67,322
-22,320
-25,318
11,316
-2,315
59,314
-97,313
-59,312
-82,311
-40,308
99,307
-36,306
20,304
-52,303
27,302
39,300
43,299
-9,297
-39,295
-79,293
-5,292
-75,290
-33,289
-96,287
-80,286
9,285
76,283
-60,281
-13,280
-68,279
-70,278
-41,277
91,276
88,275
33,274
8,272
-3,271
-37,270
-43,269
85,268
-77,266
29,265
-69,261
34,260
-71,259
19,257
-4,256
48,255
78,254
-36,253
26,251
-21,250
46,249
-80,248
69,247
-79,245
-59,244
42,243
24,242
17,240
-78,239
70,238
0,237
-22,236
25,235
81,234
43,233
-69,232
-71,231
-36,230
-63,229
-5,228
-55,227
-98,226
-63,224
82,223
41,222
-23,220
100,219
94,218
-70,216
-67,215
-61,214
5,213
47,212
-24,211
-35,209
24,208
30,207
-37,206
39,204
-13,202
-90,201
54,200
-89,199
2,195
-52,194
45,193
95,192
-77,191
72,189
-7,188
-42,187
-17,186
30,184
-18,183
61,182
-23,181
97,179
62,178
-11,177
90,175
-100,173
-99,172
42,171
2,170
-33,169
38,168
-50,167
-75,165
-11,164
-12,161
91,160
92,159
-9,157
71,156
50,155
28,153
69,152
-47,151
15,150
6,149
-10,148
-28,146
74,144
-25,143
23,141
-27,140
-21,139
-72,138
-30,137
-48,136
-22,135
88,134
-96,132
-95,131
-81,130
62,129
-87,126
58,125
83,124
96,123
-97,122
80,121
-17,118
-9,117
57,116
-35,115
0,114
23,113
-75,111
1,110
28,109
-16,108
51,107
38,105
25,103
-40,100
-97,99
-47,98
25,97
-30,96
10,95
-77,94
-40,93
33,92
-5,90
-68,88
-21,87
74,86
-63,85
40,84
22,83
-73,81
0,80
-53,76
-18,74
12,72
-94,71
-16,70
-53,69
57,68
-94,67
-74,66
33,64
-15,62
60,61
-84,59
35,58
-41,57
-76,56
60,55
47,54
49,53
-21,52
-54,51
100,49
42,48
-83,47
-42,46
32,44
58,43
-49,42
34,41
1,40
26,39
-34,38
40,37
43,36
80,35
-70,34
83,31
-59,30
-63,29
42,28
19,27
41,26
-5,25
14,23
92,21
50,20
-21,19
-33,18
48,17
-5,16
-53,15
-7,14
-80,12
12,11
95,9
-32,4
43,3
5,2
17,1
64,0
