-48,10000
100,9997
26,9994
60,9992
9,9991
64,9990
43,9989
56,9988
-2,9987
-77,9986
-21,9985
-20,9984
-92,9983
-95,9982
-100,9981
52,9980
54,9979
-96,9975
47,9973
-24,9972
4,9971
45,9968
-80,9967
13,9966
-62,9965
-10,9962
-47,9961
-46,9960
-61,9959
91,9958
53,9957
95,9956
31,9955
-46,9954
-49,9953
-39,9952
80,9951
-7,9950
97,9949
9,9947
68,9944
-2,9943
57,9942
-29,9941
25,9940
31,9938
66,9937
-54,9936
92,9935
36,9933
10,9932
-75,9931
-23,9930
-35,9929
-36,9928
61,9926
-86,9925
86,9923
3,9922
-88,9921
81,9920
-48,9919
62,9918
79,9917
74,9916
4,9915
93,9914
48,9912
-12,9911
-97,9910
62,9909
1,9908
-79,9907
74,9906
64,9905
-69,9904
6,9903
-74,9902
37,9901
26,9900
-65,9899
39,9898
100,9897
-24,9896
1,9895
74,9893
34,9891
29,9890
88,9889
-59,9888
-8,9886
-89,9885
-19,9884
63,9883
-15,9882
-52,9881
-86,9878
62,9875
-35,9874
86,9873
18,9871
-52,9870
43,9869
-84,9868
37,9866
-91,9865
91,9863
88,9862
51,9861
29,9860
73,9859
-23,9858
-26,9857
-81,9856
28,9855
7,9854
35,9853
18,9852
30,9851
-41,9848
24,9846
-2,9844
76,9842
69,9841
-15,9840
-100,9839
100,9838
46,9837
-6,9836
15,9835
46,9834
-75,9833
-87,9831
59,9829
-100,9827
53,9825
38,9824
1,9823
79,9822
-40,9821
-66,9820
69,9815
65,9814
79,9813
53,9811
-45,9808
-60,9807
2,9806
23,9805
35,9804
-50,9802
-99,9801
-76,9798
-62,9797
29,9796
38,9795
-54,9794
-9,9793
91,9790
46,9789
-35,9788
34,9786
-79,9784
-16,9783
-24,9782
54,9781
6,9780
-15,9779
-46,9778
-29,9777
-69,9775
88,9774
-27,9773
-14,9772
26,9770
-24,9769
13,9768
53,9766
74,9765
10,9759
-14,9758
-5,9756
-62,9755
-42,9754
51,9753
-39,9751
-36,9750
-37,9749
59,9748
-75,9747
39,9744
-71,9743
-21,9741
-7,9740
40,9739
-12,9738
37,9737
46,9736
-34,9735
10,9734
88,9733
-2,9732
78,9731
-53,9730
70,9729
-68,9727
27,9726
-19,9725
-52,9721
-90,9720
82,9719
70,9718
-15,9717
-7,9716
51,9713
33,9712
-62,9711
-54,9709
13,9708
-67,9706
-49,9705
35,9702
10,9701
69,9698
11,9697
73,9693
85,9688
88,9687
69,9686
71,9684
-5,9683
25,9681
-18,9680
-74,9678
7,9673
74,9671
-100,9670
-69,9669
7,9668
-70,9667
34,9666
-73,9663
-17,9661
-96,9660
-94,9659
12,9658
21,9656
-31,9655
-8,9654
-13,9653
-74,9652
13,9651
44,9650
-21,9649
-11,9648
6,9647
96,9646
-84,9645
38,9644
92,9643
63,9642
8,9641
9,9640
-73,9639
35,9638
91,9637
-49,9635
-94,9633
76,9632
10,9631
99,9630
60,9628
-25,9627
-73,9626
70,9625
3,9624
-42,9623
33,9622
-94,9621
-80,9620
70,9619
93,9618
-96,9617
41,9615
-4,9613
50,9612
48,9610
9,9608
-32,9607
-28,9606
62,9603
-78,9602
31,9601
60,9600
36,9598
-54,9597
-31,9596
-67,9595
-92,9594
76,9592
-82,9591
28,9589
-7,9588
-61,9587
-1,9586
38,9585
47,9583
97,9582
3,9580
-66,9578
59,9577
-14,9576
-44,9575
-38,9574
-68,9572
-5,9571
-76,9569
-75,9568
0,9567
40,9565
25,9564
63,9563
43,9562
27,9561
-23,9560
-15,9559
-43,9558
-36,9557
-77,9556
-91,9554
64,9552
-50,9551
-14,9550
-83,9549
18,9548
-39,9547
-80,9546
8,9545
56,9544
-39,9543
-32,9542
-91,9541
-36,9540
-80,9539
-22,9536
-94,9535
-4,9534
45,9533
54,9532
52,9531
8,9530
75,9528
44,9527
-93,9526
71,9525
-87,9524
20,9521
-53,9520
55,9519
-22,9518
-15,9516
-41,9515
27,9514
-19,9513
-40,9511
44,9510
44,9508
-63,9506
-39,9504
95,9503
-5,9502
60,9501
53,9500
-1,9499
-91,9498
-54,9497
-66,9496
38,9495
76,9494
40,9493
-78,9492
-51,9491
-55,9490
-26,9489
-50,9488
71,9487
32,9485
39,9484
-83,9483
8,9482
-79,9481
-10,9480
-59,9479
16,9478
43,9476
-30,9475
-35,9473
-100,9472
-75,9470
-93,9469
-91,9468
68,9467
50,9465
-65,9464
-50,9463
42,9461
-96,9459
53,9458
45,9457
-46,9456
-4,9454
-30,9453
-91,9452
-63,9451
2,9450
68,9449
-33,9447
-11,9446
24,9445
40,9444
-95,9443
38,9442
-26,9441
-62,9440
53,9438
83,9437
6,9434
-93,9433
24,9432
-95,9430
58,9429
14,9428
-60,9427
-20,9426
-71,9425
-16,9423
-14,9422
77,9420
-44,9418
-83,9416
76,9414
5,9413
-45,9412
-4,9411
50,9409
41,9407
-55,9406
17,9405
39,9403
17,9402
9,9401
38,9398
-94,9396
-32,9395
79,9392
-40,9391
-26,9390
-24,9388
-86,9387
18,9386
41,9385
50,9384
-32,9383
-43,9381
-29,9379
-7,9378
18,9375
69,9374
-65,9373
3,9372
45,9370
-55,9369
-13,9368
-49,9367
74,9365
56,9364
11,9360
-16,9356
77,9355
6,9354
10,9353
32,9352
-77,9347
-51,9345
-34,9344
-83,9343
93,9342
-5,9341
21,9339
-35,9338
80,9337
37,9336
41,9335
-79,9334
86,9333
-77,9332
-21,9331
-18,9330
19,9329
-42,9327
-19,9326
-25,9325
-74,9323
-91,9322
-14,9321
87,9318
81,9317
-88,9316
-92,9315
-14,9314
70,9313
9,9312
71,9311
65,9310
11,9308
46,9306
40,9303
-93,9301
7,9300
0,9297
16,9296
-69,9295
-12,9294
25,9292
46,9291
59,9289
100,9288
23,9287
61,9286
65,9281
-54,9279
77,9278
82,9274
-64,9273
-82,9272
5,9271
18,9270
-89,9269
46,9268
31,9267
38,9266
-33,9264
-20,9263
-48,9262
28,9261
53,9260
-62,9259
-6,9258
-10,9257
73,9256
-88,9253
80,9252
-63,9250
16,9248
-83,9247
37,9246
-41,9245
-28,9244
85,9243
77,9242
45,9238
-28,9237
-61,9236
22,9234
1,9231
92,9230
57,9228
56,9227
-10,9226
-46,9224
45,9223
-3,9221
46,9220
-9,9218
-12,9217
25,9216
37,9215
-24,9214
-32,9213
-61,9212
88,9211
11,9210
75,9208
2,9207
-49,9206
1,9204
-36,9202
59,9201
-24,9199
-42,9198
-32,9197
-95,9196
-100,9195
-88,9194
32,9193
-67,9191
-19,9189
19,9188
21,9184
-66,9183
-68,9182
76,9181
-5,9180
96,9179
80,9178
32,9177
-3,9176
40,9175
-100,9174
29,9173
-10,9171
-2,9170
6,9169
65,9168
30,9167
19,9166
-66,9165
-35,9164
-42,9163
-58,9161
53,9160
98,9159
37,9158
-60,9157
52,9156
72,9155
-43,9154
-70,9153
-30,9152
-36,9151
-5,9150
32,9149
4,9148
-4,9147
-97,9146
51,9145
-22,9144
77,9142
62,9141
-81,9140
62,9138
36,9135
-25,9134
-30,9133
-99,9132
-97,9131
36,9130
26,9129
12,9128
-64,9127
-15,9125
17,9124
-64,9123
29,9121
-28,9118
-55,9116
32,9115
8,9114
-24,9113
-23,9112
-29,9111
2,9110
-24,9109
-10,9107
-7,9105
-95,9104
91,9103
-92,9102
-26,9101
33,9100
44,9099
76,9098
33,9097
52,9096
54,9095
-26,9093
48,9092
77,9091
99,9090
-62,9089
-93,9087
-67,9086
-24,9084
67,9082
64,9081
-17,9080
-82,9079
100,9078
-22,9077
33,9076
-61,9075
20,9074
64,9073
-59,9072
-19,9070
-94,9069
-89,9068
60,9067
66,9066
17,9065
-41,9064
78,9063
48,9061
-9,9060
-85,9057
62,9056
-72,9054
-9,9053
-81,9050
-46,9049
-56,9048
12,9047
-29,9046
10,9045
35,9044
-29,9043
100,9042
66,9041
-19,9039
33,9038
-33,9037
83,9035
43,9034
41,9033
55,9032
-84,9031
44,9030
-86,9029
-97,9028
-59,9027
-8,9026
58,9025
90,9024
-7,9023
37,9022
84,9020
22,9019
-37,9018
-80,9017
-95,9016
-87,9015
-15,9014
-37,9013
4,9011
21,9010
41,9006
-48,9005
-83,9003
51,9002
36,9001
81,9000
59,8999
-41,8998
89,8997
-18,8996
-32,8995
66,8994
-95,8993
-71,8992
30,8991
22,8989
0,8985
-15,8984
96,8983
25,8981
10,8980
-75,8979
-88,8978
38,8977
38,8974
-21,8970
-30,8969
-78,8968
-25,8965
1,8964
-50,8963
63,8962
-35,8961
-89,8959
96,8958
64,8956
32,8955
-65,8954
48,8953
55,8952
22,8951
67,8949
-59,8947
-74,8946
46,8945
95,8944
-60,8943
-49,8942
-23,8939
47,8938
96,8937
13,8936
-84,8934
74,8933
10,8931
64,8930
78,8929
10,8928
99,8927
50,8926
7,8925
-59,8923
-24,8922
-60,8920
-75,8919
54,8918
-37,8917
-22,8915
-14,8914
36,8913
-2,8912
83,8911
75,8910
44,8909
-62,8908
30,8907
-41,8905
68,8904
-88,8901
1,8900
67,8899
-99,8897
57,8895
27,8893
41,8892
-85,8891
48,8890
47,8889
76,8886
96,8885
-95,8884
49,8883
-55,8880
22,8878
-33,8877
-87,8876
-83,8875
79,8874
95,8872
2,8868
56,8867
47,8866
42,8864
89,8863
-28,8862
-46,8861
-75,8860
19,8857
-42,8855
-78,8854
3,8853
-99,8852
-7,8851
55,8850
-29,8848
59,8847
52,8846
-76,8845
89,8843
-9,8842
-61,8841
-92,8840
73,8839
-83,8838
-33,8837
-68,8835
12,8833
-59,8832
31,8830
-73,8829
65,8827
-4,8826
70,8825
62,8824
96,8823
-98,8822
89,8821
81,8819
28,8818
-93,8817
-88,8814
80,8812
27,8807
36,8804
100,8803
54,8801
-33,8800
7,8799
34,8797
100,8796
-95,8795
40,8794
73,8790
62,8789
-100,8788
-100,8787
-3,8786
74,8784
-2,8783
-81,8782
-98,8781
-29,8779
-49,8778
-11,8777
28,8776
-88,8775
-36,8774
2,8773
76,8771
42,8769
-55,8767
5,8766
-67,8765
-94,8764
95,8763
69,8762
-12,8761
52,8760
94,8759
83,8758
-30,8756
27,8755
81,8753
-59,8751
49,8750
-77,8748
70,8747
-51,8746
-55,8745
98,8744
21,8743
51,8742
37,8738
79,8737
31,8735
30,8733
-14,8732
25,8730
76,8729
-27,8728
-51,8727
40,8726
42,8725
58,8724
46,8723
-56,8722
1,8721
95,8720
-6,8719
-85,8718
-21,8716
85,8713
41,8712
-65,8711
72,8710
51,8709
17,8708
-91,8706
-61,8705
24,8704
-17,8703
16,8702
70,8701
39,8700
100,8699
22,8698
4,8696
-8,8695
99,8694
18,8692
-37,8690
61,8689
-26,8688
-66,8687
61,8686
1,8684
22,8683
85,8681
-100,8680
-1,8679
27,8678
52,8677
-73,8676
-88,8675
-26,8674
25,8673
-16,8672
59,8670
-82,8669
25,8667
-44,8666
-96,8665
-92,8664
-33,8662
-52,8660
-71,8659
54,8658
16,8655
43,8654
-79,8653
47,8652
-81,8650
61,8648
33,8647
6,8645
19,8644
-14,8641
8,8639
-88,8638
53,8637
-93,8634
-30,8632
72,8631
-99,8628
-70,8626
-82,8625
-28,8624
58,8623
95,8621
-92,8620
39,8619
-8,8616
-39,8615
-11,8614
7,8611
5,8610
-12,8609
4,8608
-66,8607
83,8606
90,8604
-22,8603
17,8602
78,8601
50,8600
-54,8599
4,8597
65,8596
-26,8595
16,8594
70,8593
92,8592
54,8591
50,8590
-4,8589
92,8588
69,8587
-71,8586
-8,8585
-16,8584
3,8583
13,8580
-2,8579
62,8578
17,8577
93,8576
-81,8575
0,8574
-99,8573
-7,8571
-24,8570
29,8569
-51,8567
-43,8566
92,8565
69,8564
46,8563
-72,8562
57,8560
-71,8559
-9,8558
-24,8556
-75,8555
-71,8554
93,8553
-38,8552
-82,8551
-32,8546
-39,8545
76,8544
-66,8543
33,8542
-17,8541
-88,8540
86,8539
79,8538
87,8537
86,8534
-23,8533
-5,8531
-9,8530
47,8529
-34,8526
57,8525
82,8523
-43,8521
73,8520
79,8519
79,8518
-64,8515
57,8513
14,8511
-52,8510
-82,8509
74,8508
-7,8506
51,8505
61,8503
-56,8502
-7,8500
43,8498
-89,8497
77,8492
-10,8491
-74,8488
-21,8487
49,8485
-99,8484
-97,8483
-76,8480
-2,8479
-90,8478
-6,8477
-2,8476
-41,8474
29,8473
-27,8472
-94,8471
38,8467
-74,8466
-99,8465
-77,8463
28,8461
59,8460
80,8458
36,8457
-91,8455
71,8452
33,8451
90,8450
-15,8447
84,8446
95,8445
-82,8444
69,8443
65,8441
-30,8439
56,8437
96,8436
-4,8435
-48,8433
-32,8432
1,8431
-57,8430
-47,8429
-42,8428
46,8427
-35,8425
-39,8424
-15,8423
20,8421
-76,8420
-9,8419
-42,8418
-62,8417
-37,8415
-64,8413
-56,8412
-52,8410
49,8409
64,8408
13,8407
-42,8403
48,8402
0,8400
99,8399
72,8398
44,8396
90,8394
-80,8390
-47,8387
64,8384
-75,8383
-59,8382
-4,8381
-57,8378
-19,8377
10,8374
-51,8373
-57,8371
-52,8370
-22,8369
1,8368
-85,8367
48,8366
-23,8365
-10,8364
-42,8362
0,8361
-20,8360
37,8359
-77,8354
1,8353
57,8352
41,8350
-67,8345
62,8342
12,8336
-19,8335
-7,8334
92,8333
-75,8332
-62,8331
83,8330
95,8327
-67,8326
34,8323
-68,8322
33,8321
-73,8320
55,8319
53,8318
75,8317
-2,8316
-9,8315
34,8314
-50,8313
-24,8312
90,8311
-66,8309
-86,8307
7,8306
52,8305
-29,8304
-37,8303
-67,8302
15,8301
88,8299
-54,8298
10,8297
69,8296
-45,8295
14,8293
14,8292
-54,8291
7,8289
-79,8288
90,8287
66,8286
-70,8285
71,8284
-54,8283
-31,8282
38,8281
28,8280
-77,8279
-92,8277
4,8276
-51,8274
-6,8273
-16,8272
0,8271
88,8269
-66,8268
-64,8267
-29,8266
38,8265
8,8264
-14,8262
-98,8261
60,8257
-22,8256
99,8255
75,8254
67,8253
87,8252
-8,8251
-6,8249
47,8248
-55,8246
-74,8244
-93,8242
-92,8240
8,8238
79,8237
-54,8235
47,8234
-21,8233
-11,8231
52,8230
37,8229
-98,8228
-69,8227
-89,8226
-40,8224
26,8223
68,8222
-67,8221
-18,8219
-74,8216
-30,8215
5,8214
-37,8213
88,8212
65,8210
-15,8207
-80,8206
-53,8205
-81,8204
13,8203
18,8202
77,8201
34,8199
-90,8198
-61,8196
-45,8195
-86,8194
-98,8193
85,8192
-99,8191
84,8190
48,8188
-4,8187
72,8185
-73,8184
50,8183
99,8182
-100,8181
-96,8180
88,8179
-42,8177
-81,8176
48,8175
48,8174
16,8173
51,8172
37,8171
33,8170
35,8169
59,8168
-78,8167
-38,8166
57,8165
24,8164
-27,8162
35,8160
-25,8159
16,8158
-6,8156
85,8155
-43,8154
-26,8153
-1,8152
-89,8151
87,8150
-17,8149
35,8148
65,8147
27,8146
86,8145
-25,8144
75,8142
79,8141
37,8140
27,8139
60,8138
76,8137
17,8136
-24,8135
88,8134
-94,8132
1,8131
2,8130
91,8129
-17,8128
-53,8127
0,8125
-87,8121
34,8120
-4,8119
60,8118
41,8117
19,8116
-33,8115
6,8114
51,8113
91,8111
-2,8110
83,8109
4,8108
82,8106
38,8105
40,8104
98,8103
9,8102
11,8101
3,8100
52,8099
63,8097
-68,8096
37,8095
-92,8093
34,8092
81,8091
-92,8090
-44,8089
-43,8088
-13,8087
55,8086
69,8085
-53,8084
66,8083
27,8082
22,8080
9,8079
8,8078
73,8077
-48,8076
81,8075
-92,8074
26,8073
67,8070
-28,8069
100,8068
62,8067
-58,8065
83,8063
-63,8062
-39,8061
43,8060
-28,8059
49,8058
-54,8055
82,8054
-13,8053
-30,8051
-62,8050
-35,8049
71,8048
79,8047
-65,8046
90,8045
22,8044
-88,8041
14,8039
-92,8038
-45,8037
39,8035
56,8031
-10,8030
-8,8029
72,8027
33,8024
34,8023
-40,8022
-94,8021
-51,8020
80,8019
51,8018
-17,8017
-47,8016
-64,8015
43,8010
30,8009
62,8007
-31,8006
49,8005
-39,8003
-27,8002
-14,8001
66,7998
-7,7997
-9,7996
-76,7995
-71,7994
-21,7993
-59,7991
74,7990
76,7988
44,7987
-66,7985
-29,7983
-59,7982
33,7981
-50,7980
-19,7979
33,7978
54,7977
-30,7976
82,7973
-54,7972
89,7971
2,7970
23,7969
-83,7966
28,7964
-15,7963
49,7962
-10,7961
86,7959
-79,7957
84,7956
-93,7955
-36,7954
-42,7952
-81,7950
51,7949
-35,7948
-50,7946
16,7945
-91,7943
-26,7942
-33,7941
7,7939
-56,7938
-81,7936
22,7934
56,7933
-22,7932
38,7931
-5,7928
92,7927
-11,7926
-1,7925
-44,7923
38,7922
-66,7921
-52,7920
-81,7919
56,7918
-65,7917
-99,7916
-51,7915
63,7914
-50,7913
-58,7911
72,7910
30,7909
-19,7908
-75,7907
83,7904
76,7903
55,7902
88,7901
38,7900
91,7899
64,7898
5,7897
9,7896
56,7895
60,7894
7,7889
50,7888
36,7887
-100,7884
40,7883
-38,7882
-51,7881
0,7880
24,7879
-18,7878
46,7877
50,7876
83,7875
-95,7873
25,7872
-23,7869
-55,7868
42,7867
85,7866
89,7865
-24,7864
44,7863
98,7862
27,7861
-95,7860
99,7858
97,7857
-99,7856
-72,7854
-83,7853
-80,7852
-14,7851
-99,7850
-57,7849
-76,7848
13,7847
-68,7846
-96,7845
-91,7844
44,7843
19,7842
-33,7841
-71,7840
-55,7839
27,7838
-53,7836
-18,7835
55,7834
44,7833
8,7832
-88,7831
61,7828
-49,7827
-55,7826
0,7825
-54,7824
75,7823
-41,7822
26,7820
-97,7819
-52,7817
-91,7816
53,7814
39,7813
-53,7810
-15,7809
7,7808
-1,7807
3,7805
56,7804
-15,7802
38,7797
16,7796
32,7795
81,7793
-25,7792
-79,7791
11,7790
-72,7789
33,7788
8,7787
-98,7786
83,7784
83,7782
-69,7781
-65,7779
69,7778
-36,7775
57,7774
-13,7773
-66,7771
18,7770
-25,7768
74,7767
7,7765
-4,7764
84,7763
-53,7762
96,7759
55,7758
36,7757
-15,7755
19,7754
-1,7753
-23,7752
-65,7751
-99,7750
-83,7749
-14,7748
-70,7746
-23,7744
-9,7743
37,7741
62,7740
-2,7739
10,7738
-51,7737
-75,7736
-51,7734
38,7733
-6,7732
-20,7731
44,7729
-30,7727
68,7725
-92,7724
51,7723
97,7722
-1,7721
87,7720
-15,7719
30,7718
79,7717
64,7715
-24,7714
-5,7712
-19,7711
-31,7709
69,7708
-30,7707
86,7706
-96,7705
-89,7704
-76,7703
-19,7702
4,7701
54,7700
-2,7698
-65,7697
76,7696
62,7694
-86,7693
90,7692
79,7690
-98,7689
59,7687
49,7686
-98,7685
53,7684
41,7683
-75,7682
-31,7681
-34,7680
-32,7679
-59,7678
-2,7677
82,7675
-24,7674
8,7673
4,7671
29,7670
-100,7669
30,7668
15,7667
-87,7666
36,7665
-5,7664
-73,7663
27,7662
-64,7661
70,7660
-4,7659
-33,7658
56,7657
61,7656
15,7652
-29,7651
29,7650
84,7649
-3,7646
-85,7645
55,7644
55,7642
-91,7641
-75,7639
71,7638
26,7637
-94,7635
-61,7634
-58,7633
71,7632
22,7631
-91,7628
-36,7627
24,7626
85,7625
-76,7623
-52,7622
37,7620
-18,7619
99,7618
6,7617
42,7614
-89,7613
-99,7612
-62,7610
12,7608
-87,7606
59,7604
29,7601
21,7600
100,7597
-40,7595
56,7590
-59,7589
2,7588
16,7587
-67,7586
-63,7585
11,7584
-1,7583
-2,7582
45,7580
33,7579
50,7578
-99,7577
-1,7576
-93,7574
24,7573
26,7572
34,7571
35,7570
73,7569
-9,7568
-6,7567
51,7566
71,7564
-87,7563
30,7561
-37,7560
-47,7559
-100,7558
43,7557
-32,7556
-16,7555
-12,7554
-82,7553
-29,7552
23,7551
19,7550
79,7549
55,7548
53,7546
81,7545
33,7544
-3,7543
73,7542
6,7541
-17,7540
-80,7539
-31,7538
-14,7535
-12,7534
-50,7533
-1,7532
22,7530
-18,7528
-95,7527
36,7526
-36,7525
78,7524
3,7523
89,7521
-55,7520
-77,7519
66,7518
-56,7517
-75,7515
93,7513
-72,7512
-51,7511
40,7510
43,7508
-68,7507
-46,7506
67,7505
84,7504
18,7501
17,7500
-4,7497
-73,7496
47,7495
-22,7493
70,7492
-79,7491
-15,7490
74,7489
67,7488
-76,7485
47,7484
11,7483
59,7482
-55,7481
4,7480
-1,7476
22,7475
73,7473
-36,7469
-71,7468
7,7467
-26,7466
-47,7465
11,7464
75,7463
55,7462
-7,7460
-90,7459
-100,7458
-49,7457
-26,7456
-27,7454
-61,7453
-58,7452
82,7451
-41,7450
-85,7449
-71,7448
-17,7447
54,7446
81,7445
40,7443
-60,7442
79,7441
49,7440
18,7438
-30,7437
52,7435
-85,7434
2,7433
-54,7432
2,7431
-52,7427
9,7425
-53,7424
-25,7422
44,7421
64,7419
-14,7418
57,7417
75,7416
-15,7415
-32,7413
75,7412
-42,7411
71,7410
-91,7409
-65,7408
100,7407
-84,7405
-72,7402
19,7401
-9,7400
50,7398
-65,7397
-61,7396
-100,7395
90,7394
44,7393
-11,7392
-56,7390
18,7387
-27,7386
-75,7384
-49,7382
-16,7381
4,7380
82,7379
-66,7378
-23,7377
-50,7376
-51,7375
-88,7374
-82,7373
12,7372
26,7369
76,7368
33,7367
-71,7366
-1,7365
-22,7364
-29,7363
-37,7362
48,7361
-54,7360
57,7358
-36,7357
-53,7356
8,7355
-75,7354
98,7351
97,7350
81,7349
35,7346
-76,7345
-98,7344
38,7343
-4,7342
76,7341
-11,7340
60,7339
-75,7338
-96,7336
-91,7335
79,7333
-61,7332
98,7331
-46,7330
43,7329
21,7328
87,7327
-39,7326
62,7325
9,7324
2,7323
64,7322
-15,7321
53,7320
48,7319
-30,7317
30,7316
55,7315
-76,7314
87,7312
17,7311
-78,7310
-38,7309
-55,7308
-29,7307
-32,7306
63,7305
51,7304
-13,7303
35,7302
-54,7298
-50,7297
-87,7296
-57,7294
85,7292
1,7291
74,7289
49,7287
-55,7286
67,7284
47,7283
-46,7282
44,7281
86,7280
-19,7278
55,7276
-3,7275
48,7272
-47,7271
1,7270
80,7268
34,7266
-88,7264
83,7263
-23,7261
-90,7257
42,7256
-34,7254
-41,7253
-36,7252
33,7251
-52,7249
-64,7248
-96,7247
70,7246
89,7245
-33,7244
-42,7243
48,7242
-44,7241
17,7238
47,7237
-52,7236
95,7235
54,7234
-51,7233
-55,7231
65,7229
-45,7228
-72,7226
-89,7223
17,7220
96,7218
74,7217
33,7216
-16,7215
-4,7214
-77,7213
23,7212
51,7211
74,7210
37,7209
-47,7208
9,7206
55,7204
72,7203
-52,7202
23,7201
-52,7200
-69,7199
94,7198
-38,7197
-88,7196
11,7195
-54,7194
41,7193
81,7191
27,7190
94,7188
-90,7187
46,7186
67,7185
87,7184
-9,7182
27,7181
-97,7180
-89,7179
40,7177
9,7176
45,7175
36,7174
-91,7171
-85,7170
9,7169
35,7168
86,7167
-27,7166
-28,7165
16,7164
51,7163
83,7162
63,7161
7,7160
-29,7158
31,7157
70,7156
97,7155
-23,7153
98,7152
-12,7151
93,7150
85,7149
-33,7146
-40,7144
6,7143
-66,7142
-23,7141
34,7140
-14,7139
94,7138
32,7137
-1,7136
44,7134
-97,7133
-38,7132
98,7131
-20,7130
31,7127
74,7125
8,7124
90,7122
-7,7120
-62,7118
-19,7117
82,7116
-45,7115
89,7112
-26,7111
80,7110
-53,7109
44,7108
-8,7107
-4,7105
-20,7104
48,7103
-26,7102
-66,7098
100,7097
68,7095
3,7094
82,7093
43,7092
32,7090
-64,7089
29,7088
-2,7087
25,7086
65,7084
27,7082
-46,7080
37,7079
66,7078
-76,7077
45,7076
89,7075
-84,7074
-12,7073
55,7071
-15,7065
-2,7064
-3,7061
62,7059
-5,7058
-97,7057
73,7056
-65,7055
-34,7052
-86,7051
-33,7050
49,7049
40,7048
-5,7047
51,7046
95,7042
-10,7041
-74,7040
90,7038
-53,7037
65,7035
81,7034
25,7033
7,7031
14,7029
-33,7028
-97,7027
14,7026
-42,7023
-44,7022
-47,7020
-18,7019
40,7018
-41,7016
-14,7015
-13,7014
72,7011
-17,7010
-98,7009
-46,7006
47,7005
-74,7003
68,7001
-35,7000
-1,6999
63,6998
-21,6997
33,6995
49,6993
11,6992
-68,6991
69,6989
-88,6988
-86,6987
-18,6985
-40,6984
-77,6983
91,6982
93,6981
7,6980
-65,6979
-51,6978
-14,6977
-82,6976
-21,6975
93,6974
-82,6973
87,6972
-46,6971
-7,6970
64,6969
0,6968
67,6967
79,6966
89,6965
96,6964
-67,6963
-43,6961
-51,6960
-43,6959
-42,6958
19,6957
-26,6956
49,6954
88,6952
-95,6951
-68,6949
-54,6948
-18,6947
-19,6946
80,6945
-18,6944
-91,6942
9,6941
5,6940
75,6939
60,6938
-99,6937
-58,6936
39,6935
95,6933
16,6932
66,6931
74,6930
75,6928
-63,6927
-3,6926
-96,6924
-9,6923
35,6921
47,6919
-60,6918
56,6917
-17,6916
-89,6914
47,6913
-16,6912
-83,6910
-80,6909
91,6908
-34,6906
68,6904
96,6902
72,6901
34,6899
28,6898
-54,6897
-1,6894
-8,6893
3,6892
88,6891
-4,6890
86,6889
-55,6887
76,6885
0,6883
-82,6882
13,6881
24,6880
-2,6879
-24,6878
-20,6876
-90,6875
63,6874
-49,6872
-5,6871
-43,6870
-21,6869
-84,6868
-51,6867
40,6866
-7,6865
-31,6864
-88,6863
-8,6862
-93,6861
1,6860
36,6859
11,6858
42,6856
54,6855
47,6854
-21,6853
-37,6852
-20,6851
-34,6850
-39,6848
-36,6847
-63,6846
15,6845
-79,6842
-23,6841
17,6840
-23,6839
86,6836
-49,6835
27,6834
100,6833
-9,6830
26,6828
14,6827
-32,6826
-27,6825
-1,6822
-65,6821
-28,6819
-94,6818
-25,6817
-42,6816
96,6815
-18,6814
74,6813
-54,6812
46,6811
-98,6810
-84,6809
-15,6808
64,6807
-25,6806
71,6805
51,6803
96,6802
83,6801
96,6800
10,6798
-6,6797
37,6796
74,6795
-61,6794
-48,6793
91,6792
4,6791
-55,6790
-75,6789
-89,6787
41,6784
-99,6783
-24,6782
-46,6781
-61,6780
100,6779
-38,6776
-63,6775
60,6773
37,6771
55,6770
26,6769
-15,6768
20,6766
-98,6765
-42,6764
99,6763
2,6762
-97,6760
-10,6759
48,6757
-21,6756
77,6755
-59,6754
-10,6753
36,6752
-69,6751
58,6750
-48,6749
-42,6748
80,6747
-42,6746
60,6745
80,6744
-34,6742
33,6741
70,6740
96,6739
-100,6738
-37,6737
-43,6736
70,6735
-65,6733
77,6732
17,6730
-79,6729
87,6728
-49,6727
-74,6726
48,6725
30,6724
-65,6722
-83,6721
-40,6720
32,6719
-89,6718
-78,6717
-77,6716
-71,6715
43,6714
-12,6711
-58,6710
69,6708
-40,6707
79,6706
-95,6705
0,6704
64,6703
29,6702
60,6701
63,6700
-67,6695
19,6694
16,6692
-66,6691
3,6689
64,6687
0,6685
13,6684
31,6683
79,6680
70,6679
50,6678
-6,6674
18,6673
-69,6672
-30,6671
-30,6669
67,6667
-95,6666
-37,6665
50,6664
14,6663
-33,6662
-11,6661
-71,6660
-25,6659
4,6658
-99,6657
-63,6656
-16,6655
-22,6652
28,6651
-5,6650
85,6649
-74,6646
42,6645
-51,6643
75,6642
-18,6641
-35,6640
-87,6639
-47,6638
31,6637
72,6636
1,6633
30,6632
89,6631
33,6629
69,6627
-39,6624
-29,6623
100,6622
3,6621
71,6620
13,6619
65,6618
91,6616
-98,6615
8,6614
-15,6613
81,6612
-45,6611
-28,6610
16,6608
-100,6607
45,6606
-39,6605
55,6604
-22,6601
80,6599
-42,6597
81,6596
-94,6595
27,6593
92,6591
77,6589
-49,6587
1,6586
-25,6584
-95,6583
-25,6581
-34,6580
7,6579
-82,6578
-77,6577
-9,6576
-90,6575
100,6574
-60,6572
-78,6571
90,6570
-27,6568
45,6567
-22,6566
-46,6565
-82,6564
9,6561
6,6560
5,6559
-58,6558
74,6557
-65,6556
-56,6555
67,6554
99,6553
-66,6552
-29,6550
88,6549
81,6548
68,6547
49,6544
-39,6543
-71,6542
-73,6541
-61,6539
16,6538
-32,6536
38,6535
-67,6534
-96,6532
-17,6530
33,6529
-22,6527
-30,6526
-55,6525
-1,6521
-28,6520
-92,6519
-9,6517
-82,6516
15,6515
34,6513
-57,6512
100,6511
-60,6509
49,6508
-41,6507
56,6506
27,6505
59,6504
-61,6502
70,6501
72,6499
-56,6498
-37,6497
-24,6496
47,6495
33,6494
-39,6493
57,6490
29,6488
-6,6487
-13,6485
-15,6484
87,6479
-45,6477
35,6476
-88,6472
21,6471
88,6468
-68,6466
57,6465
94,6462
66,6460
98,6459
27,6458
-20,6456
-35,6454
76,6453
-7,6451
73,6450
47,6449
52,6448
15,6447
-27,6446
-83,6445
72,6444
40,6443
7,6442
-44,6441
-23,6438
-21,6437
-80,6434
69,6433
-74,6432
52,6431
71,6430
-34,6429
-36,6428
31,6427
-55,6426
-67,6425
49,6423
-44,6422
52,6420
27,6419
-18,6418
-74,6417
-19,6416
-72,6415
-30,6414
27,6413
-50,6411
34,6410
47,6409
-82,6408
93,6407
9,6405
20,6403
-30,6401
8,6400
54,6399
62,6397
-2,6395
-95,6394
-82,6393
-92,6392
-33,6390
34,6389
76,6388
-42,6387
-59,6386
-42,6384
31,6379
-21,6378
0,6377
-29,6376
64,6374
24,6372
-3,6371
-32,6370
-48,6369
-38,6368
-76,6366
44,6365
61,6363
88,6362
59,6361
-41,6360
15,6359
-53,6358
78,6357
54,6355
-12,6354
-36,6353
33,6352
-28,6349
-37,6348
-6,6347
-60,6344
56,6343
-31,6341
30,6340
42,6339
90,6338
46,6337
90,6336
78,6335
-35,6334
68,6333
-63,6332
-74,6331
29,6330
-49,6329
71,6324
-86,6322
73,6321
-70,6319
-87,6318
73,6317
95,6316
-41,6315
-12,6314
-83,6313
-70,6312
-54,6311
49,6310
79,6309
29,6307
76,6306
66,6305
-28,6302
-31,6300
-42,6299
-100,6298
-51,6297
50,6296
-1,6295
-20,6294
74,6293
-65,6292
-38,6291
48,6289
4,6287
20,6286
-95,6285
-90,6283
30,6282
72,6281
37,6280
31,6278
46,6277
-56,6276
-94,6275
-92,6273
1,6271
50,6270
9,6267
85,6266
-85,6265
-96,6264
29,6263
46,6262
18,6261
-32,6260
-26,6259
-92,6258
-52,6256
23,6255
-19,6254
52,6253
42,6252
-96,6247
81,6244
35,6242
55,6241
58,6240
31,6239
96,6238
-58,6236
34,6234
-83,6233
-77,6232
88,6231
-8,6230
-74,6229
72,6228
-88,6227
-59,6226
-47,6225
1,6224
47,6222
14,6220
-85,6218
28,6217
35,6216
75,6214
-7,6213
-51,6212
-49,6210
39,6209
43,6208
23,6206
25,6205
62,6203
-6,6202
-15,6201
-9,6200
-60,6198
15,6197
-100,6196
-45,6195
-91,6194
92,6193
19,6192
-66,6191
-64,6190
30,6188
-14,6187
-82,6186
-90,6183
-13,6182
77,6181
72,6180
37,6179
-58,6178
-15,6177
-91,6176
58,6175
-13,6174
43,6173
49,6172
100,6171
30,6170
-72,6169
25,6168
-56,6167
67,6166
-23,6165
-23,6164
-49,6163
21,6162
-37,6161
-79,6160
-50,6159
-49,6158
99,6157
46,6156
-78,6155
58,6154
-67,6153
-51,6149
-9,6148
20,6147
-87,6145
42,6144
-26,6143
41,6142
-88,6141
-47,6138
-100,6137
-93,6135
-6,6133
34,6132
17,6131
15,6129
87,6128
-79,6127
-49,6125
80,6124
-64,6123
92,6122
-93,6121
38,6118
-28,6115
-82,6114
-82,6112
-46,6111
22,6110
-23,6109
-78,6106
20,6100
-91,6099
-78,6097
78,6096
-56,6095
-78,6094
-53,6093
-31,6092
-44,6091
92,6090
-97,6089
1,6087
-12,6086
-15,6085
-23,6083
-94,6082
-81,6081
67,6080
47,6078
-83,6075
18,6074
36,6073
83,6072
65,6071
17,6070
-11,6069
94,6068
62,6065
5,6064
92,6063
-64,6061
-82,6060
-18,6059
82,6058
85,6057
62,6054
-1,6052
-35,6051
-25,6050
-62,6046
-24,6045
-98,6044
33,6043
22,6042
61,6041
51,6038
28,6037
81,6035
-26,6033
-73,6032
99,6031
-77,6030
78,6029
-100,6028
-75,6027
-59,6025
93,6024
-69,6022
2,6021
-87,6019
-27,6017
-26,6013
67,6011
90,6010
-84,6009
32,6008
56,6007
-37,6006
74,6005
99,6004
75,6003
-16,6002
91,6001
-82,6000
58,5999
-90,5998
88,5997
27,5994
66,5991
-83,5990
-89,5989
67,5988
-28,5985
-53,5984
34,5983
-65,5980
87,5979
73,5978
-91,5977
66,5976
-47,5974
53,5973
52,5971
54,5970
93,5969
61,5968
9,5967
-40,5966
23,5965
56,5964
-20,5963
5,5962
-80,5960
-40,5958
-79,5957
40,5956
52,5955
92,5954
36,5950
-89,5949
35,5948
24,5947
33,5944
-22,5943
-13,5942
-84,5940
-74,5939
-62,5937
68,5935
-34,5934
64,5933
-97,5932
88,5931
-46,5930
71,5929
-38,5928
15,5927
33,5925
69,5922
33,5921
5,5920
-18,5917
19,5916
95,5915
-58,5913
86,5912
-71,5911
88,5910
-63,5908
-43,5907
33,5906
3,5905
80,5904
-38,5903
-38,5902
-97,5900
74,5899
51,5898
36,5896
57,5895
-62,5894
84,5893
28,5890
-20,5889
32,5888
56,5887
60,5886
98,5885
28,5884
-35,5883
66,5882
-3,5881
31,5879
-19,5878
88,5877
84,5876
15,5875
96,5874
-36,5871
47,5870
5,5869
-8,5868
100,5867
-69,5866
-96,5862
53,5861
39,5859
-76,5857
-8,5856
-28,5855
67,5854
-22,5852
-56,5851
73,5849
-60,5848
-27,5847
-34,5846
-82,5845
-96,5844
8,5843
-32,5842
-78,5841
83,5839
66,5838
-97,5837
-44,5835
8,5834
99,5833
92,5831
36,5830
14,5829
60,5828
-37,5827
78,5826
92,5825
67,5824
67,5823
89,5822
-82,5821
5,5820
-52,5817
-65,5816
44,5815
88,5813
67,5812
58,5810
-45,5808
-91,5807
-50,5805
99,5804
31,5803
-53,5802
66,5801
-71,5800
24,5799
39,5798
49,5797
-40,5796
54,5794
70,5791
55,5790
25,5789
97,5787
83,5786
4,5782
25,5781
-95,5780
-50,5779
-69,5777
6,5776
-78,5775
82,5774
-76,5773
11,5771
26,5770
42,5767
27,5765
33,5764
-16,5763
5,5762
5,5760
46,5757
54,5756
-28,5755
-51,5752
-68,5750
27,5749
-45,5748
-82,5747
-14,5745
29,5744
-100,5743
-61,5740
-81,5739
-57,5738
-3,5736
-52,5735
-94,5734
-97,5733
48,5732
-39,5731
70,5730
46,5729
-76,5728
15,5727
4,5726
25,5725
42,5724
14,5723
14,5721
-11,5720
-16,5719
-51,5718
-30,5717
-67,5715
-24,5714
20,5713
70,5710
-65,5709
49,5708
28,5706
24,5704
89,5702
52,5701
-96,5700
52,5698
-77,5697
-94,5696
30,5695
-58,5694
14,5693
81,5692
-36,5691
-32,5690
-82,5688
38,5687
-38,5686
35,5685
25,5684
70,5682
-27,5681
-87,5680
-44,5678
51,5677
47,5676
-46,5675
67,5674
0,5673
20,5672
58,5671
94,5670
-67,5669
-55,5668
-70,5667
-94,5666
-28,5664
36,5663
-42,5661
7,5660
-54,5659
-98,5658
-17,5656
-26,5655
-41,5654
-62,5653
27,5652
-13,5650
48,5649
97,5648
90,5647
93,5646
-90,5645
-76,5640
84,5639
-76,5638
6,5637
-48,5636
-20,5635
-43,5634
-88,5632
50,5631
-100,5630
-25,5629
4,5628
62,5627
-95,5626
-100,5624
-97,5619
3,5618
7,5616
-14,5615
79,5614
-82,5613
50,5611
-43,5610
-53,5609
-53,5608
-36,5607
5,5606
9,5605
31,5604
34,5603
33,5602
57,5601
64,5600
-47,5599
-69,5598
85,5597
-32,5596
-49,5595
69,5594
-76,5591
27,5590
90,5588
-89,5586
93,5585
-24,5584
-83,5582
-16,5581
96,5579
-94,5578
-23,5577
42,5576
47,5575
-1,5574
63,5573
-4,5571
-71,5570
58,5567
69,5566
-12,5565
41,5561
52,5560
-79,5558
12,5557
-85,5556
-22,5555
93,5554
-96,5552
-63,5550
4,5549
-67,5547
39,5546
-25,5545
-85,5543
-86,5541
-40,5538
-41,5537
-5,5535
-35,5533
-10,5532
-38,5531
-85,5530
-57,5529
-4,5528
43,5527
46,5526
78,5525
-79,5524
42,5523
45,5522
-76,5520
-96,5519
-73,5518
-37,5516
5,5515
-5,5514
16,5512
18,5511
-65,5510
-80,5508
61,5507
-68,5506
27,5503
-20,5502
-37,5501
25,5498
55,5497
-13,5494
62,5493
5,5492
2,5490
-78,5489
10,5488
-23,5487
42,5486
17,5484
74,5483
-63,5482
94,5479
-6,5478
-22,5477
-56,5475
92,5473
86,5472
88,5470
-1,5468
79,5467
38,5466
-60,5463
-49,5462
-40,5461
-50,5460
9,5459
-69,5458
-11,5455
18,5454
73,5453
22,5452
9,5451
-19,5450
71,5449
-7,5448
93,5447
-62,5446
15,5445
16,5444
37,5443
98,5442
73,5441
-73,5438
86,5437
-93,5436
-90,5435
-69,5434
-4,5433
29,5429
-87,5428
63,5426
93,5425
-17,5424
-9,5423
-91,5422
70,5421
87,5420
-15,5419
-40,5418
-62,5416
70,5413
88,5411
-17,5410
-25,5408
21,5407
4,5405
-45,5404
48,5403
45,5401
-8,5400
7,5397
-58,5396
-49,5395
-96,5393
-47,5392
92,5391
-42,5389
-28,5388
38,5387
-45,5386
62,5385
96,5383
29,5382
-51,5381
85,5380
64,5379
-16,5378
36,5376
-69,5374
32,5371
-90,5370
-45,5366
98,5365
66,5364
97,5363
-65,5362
69,5361
-48,5360
-25,5357
-42,5356
57,5355
90,5351
61,5350
-89,5349
-39,5348
-79,5345
-52,5344
-40,5342
53,5341
-80,5340
64,5339
-61,5338
-70,5337
-87,5336
99,5335
-43,5333
-14,5332
20,5331
-91,5330
35,5329
51,5328
-15,5327
-61,5326
-14,5325
-88,5324
8,5323
36,5322
86,5321
58,5320
-77,5319
-61,5318
11,5317
-11,5316
-99,5315
43,5314
-84,5313
-55,5311
20,5309
93,5308
41,5307
29,5306
-95,5304
-81,5303
-60,5300
82,5299
-50,5298
13,5297
-21,5296
-11,5295
74,5294
-30,5293
52,5292
-28,5291
-100,5290
-71,5289
9,5288
-9,5287
-93,5286
79,5285
85,5284
36,5283
67,5282
13,5280
-68,5277
46,5276
-29,5275
6,5274
22,5273
-31,5272
-1,5271
54,5270
-43,5269
69,5266
-54,5265
89,5264
-66,5263
-4,5262
-83,5261
70,5260
82,5258
-16,5257
-93,5256
53,5255
52,5253
22,5252
15,5251
-69,5250
-57,5249
-38,5248
1,5246
-51,5245
51,5244
-25,5243
-99,5242
90,5240
-73,5239
-48,5237
-57,5235
96,5234
-88,5233
82,5232
62,5231
82,5230
44,5229
65,5228
-68,5226
88,5225
70,5222
88,5221
47,5220
1,5219
-7,5218
23,5217
-54,5215
71,5214
-31,5211
9,5210
64,5207
88,5205
22,5203
-60,5202
85,5201
92,5199
59,5198
24,5197
-68,5196
9,5195
6,5194
-36,5191
8,5190
-41,5189
-44,5188
-55,5187
55,5186
62,5185
-69,5184
89,5183
47,5182
17,5181
-86,5179
30,5178
67,5177
-64,5176
1,5175
-43,5174
23,5173
33,5171
-87,5170
-40,5169
-47,5167
-98,5166
-29,5163
58,5161
-85,5160
92,5159
30,5158
-16,5157
-66,5156
-1,5155
-87,5154
62,5153
79,5152
-82,5151
89,5150
29,5148
-68,5147
-66,5146
68,5145
-14,5144
75,5143
-81,5142
5,5141
60,5140
-42,5138
-65,5137
99,5136
39,5134
63,5133
-90,5132
37,5131
-94,5130
-27,5129
-42,5128
-15,5127
58,5126
-96,5125
-6,5123
-80,5122
-13,5121
-84,5120
67,5118
-66,5116
-18,5114
8,5113
-18,5112
25,5110
-10,5109
59,5108
-48,5107
39,5106
-99,5105
-64,5104
-76,5102
-86,5101
99,5100
-40,5099
-41,5097
-21,5096
58,5095
50,5094
-26,5092
-8,5091
-71,5090
11,5087
1,5086
-16,5084
22,5083
-55,5082
44,5081
-92,5080
-35,5078
49,5077
43,5076
-34,5075
-36,5074
59,5073
32,5072
-31,5071
-81,5069
96,5066
-30,5065
-4,5064
88,5063
62,5061
44,5059
23,5058
-1,5056
-88,5055
-29,5053
34,5052
5,5051
-95,5049
40,5047
3,5045
25,5044
68,5042
37,5040
99,5039
20,5037
33,5035
-32,5034
-68,5033
63,5032
-16,5031
80,5030
-6,5029
-62,5028
67,5027
81,5026
83,5025
-43,5024
-92,5023
61,5021
-91,5020
-18,5018
30,5017
42,5015
31,5014
81,5013
-24,5012
100,5011
58,5008
-82,5007
-81,5006
-80,5005
-97,5003
-100,5002
-99,5001
44,5000
-23,4999
-95,4997
-8,4996
35,4994
38,4993
24,4990
-54,4989
45,4988
-12,4987
-43,4986
38,4985
-52,4984
-7,4983
-55,4982
40,4980
70,4979
-34,4978
61,4977
13,4976
64,4975
-56,4973
-83,4972
94,4971
-92,4969
-81,4967
70,4966
-40,4964
70,4962
93,4960
-38,4959
-9,4957
-34,4955
12,4954
16,4953
45,4952
-10,4951
-2,4950
-41,4949
30,4948
-58,4947
1,4946
11,4944
5,4943
-9,4941
-90,4940
-6,4939
41,4938
13,4937
-24,4936
89,4935
55,4934
-74,4933
75,4932
-40,4931
-5,4930
6,4929
60,4928
98,4927
-25,4926
77,4924
0,4923
-53,4922
8,4921
-31,4919
-37,4918
78,4915
0,4914
18,4912
82,4911
13,4910
7,4909
-9,4908
-52,4906
72,4904
78,4903
98,4902
-59,4900
5,4899
50,4898
-68,4897
-13,4895
62,4894
58,4893
-20,4892
-42,4891
74,4890
32,4889
54,4888
62,4887
51,4884
-78,4883
-64,4882
-5,4881
82,4880
-100,4879
72,4878
-6,4877
7,4876
72,4874
31,4870
-65,4869
51,4867
48,4866
42,4864
65,4863
-36,4862
83,4861
-44,4860
49,4859
-7,4858
-35,4856
-71,4855
-21,4854
3,4851
-51,4850
8,4849
85,4848
52,4847
-41,4846
60,4844
32,4842
-4,4841
-95,4840
42,4839
-79,4838
-35,4836
81,4835
39,4834
73,4833
-49,4831
46,4830
66,4828
62,4827
-61,4826
-39,4825
23,4824
9,4822
32,4821
57,4820
65,4819
11,4818
-9,4817
-28,4816
-77,4814
-2,4812
34,4810
22,4809
60,4808
-67,4807
-60,4806
33,4805
-99,4804
48,4801
18,4800
-96,4799
58,4798
78,4797
-46,4795
-96,4794
76,4793
39,4792
-60,4791
-12,4790
-74,4789
50,4788
-46,4787
-46,4786
-9,4785
27,4784
17,4782
-80,4781
13,4780
-90,4778
-69,4777
18,4775
61,4774
-58,4773
-35,4772
4,4771
-34,4770
-85,4768
72,4767
37,4766
-30,4764
28,4762
48,4760
-84,4759
-89,4758
82,4757
95,4756
27,4755
-94,4754
0,4751
-13,4750
7,4749
63,4748
-25,4747
-89,4746
-12,4745
9,4744
28,4742
98,4741
-23,4739
-97,4738
79,4736
5,4735
2,4733
-82,4731
57,4729
44,4728
12,4727
21,4726
31,4725
60,4724
-4,4723
36,4719
63,4718
73,4717
-30,4716
-61,4715
-92,4714
40,4713
-55,4710
-85,4709
63,4708
65,4707
-81,4706
48,4705
84,4704
-42,4702
-15,4701
-28,4700
21,4699
42,4698
45,4697
-96,4695
-4,4693
-89,4692
-75,4691
94,4690
-9,4688
-7,4687
3,4686
43,4684
-12,4682
44,4676
53,4675
-73,4674
100,4673
9,4672
39,4670
-17,4668
-70,4667
-16,4666
-39,4664
15,4662
54,4661
-10,4659
67,4658
-86,4657
73,4656
86,4655
18,4654
-78,4653
-46,4652
-65,4651
22,4649
-83,4648
-30,4647
-53,4645
-33,4644
55,4643
60,4642
2,4641
-5,4638
28,4637
-1,4636
11,4635
-47,4634
-51,4633
88,4632
-77,4631
-67,4629
-90,4628
82,4627
-96,4626
-1,4625
13,4624
78,4621
-67,4619
-12,4615
-11,4613
-88,4611
-80,4610
42,4608
69,4607
-7,4606
-98,4605
26,4604
-64,4603
94,4601
14,4600
60,4599
-7,4597
48,4596
-83,4595
-87,4594
88,4592
69,4591
-58,4590
-42,4589
-51,4588
6,4584
38,4583
-91,4582
-50,4581
-83,4580
-13,4578
60,4577
-62,4576
52,4575
58,4572
53,4571
93,4570
-82,4568
-6,4566
91,4565
-94,4564
-52,4563
-72,4562
-89,4561
-9,4560
-79,4559
-92,4558
4,4557
88,4556
-23,4555
74,4551
63,4550
12,4548
13,4547
-10,4546
17,4544
-89,4543
-61,4542
64,4541
-85,4540
-57,4539
51,4538
-88,4537
25,4536
-18,4535
-30,4534
-51,4533
-77,4532
52,4530
3,4529
-7,4528
-66,4527
76,4526
19,4525
-45,4523
20,4521
16,4520
-35,4519
-89,4518
-38,4513
-95,4512
-18,4511
44,4510
-54,4509
-17,4508
-95,4507
-70,4506
-9,4505
-76,4504
75,4498
-4,4495
-95,4494
85,4493
30,4492
-7,4491
-78,4490
-96,4489
5,4488
48,4487
65,4485
9,4482
-76,4481
93,4478
-89,4477
56,4476
-85,4475
21,4473
-93,4471
72,4470
18,4468
-66,4467
5,4466
-72,4465
71,4463
-4,4462
-83,4461
-51,4460
82,4459
23,4457
-50,4455
-86,4454
-90,4452
32,4450
88,4449
-2,4448
60,4447
28,4446
27,4445
16,4444
-56,4443
6,4442
4,4441
-87,4440
96,4439
-50,4438
-79,4437
94,4436
92,4435
65,4434
0,4433
-46,4432
-29,4431
-13,4430
58,4429
-18,4428
-54,4427
48,4426
-44,4425
-78,4424
-53,4422
-80,4421
96,4420
-78,4419
-87,4418
17,4417
99,4416
-87,4415
-99,4414
100,4413
-98,4412
40,4411
28,4410
-18,4408
-67,4407
71,4403
83,4402
36,4400
-81,4399
-11,4397
-90,4396
54,4395
20,4394
46,4392
78,4391
-99,4390
-98,4389
-24,4388
22,4387
70,4386
-31,4385
-66,4383
-48,4382
-24,4381
76,4380
62,4379
-37,4378
-55,4377
-32,4375
71,4373
70,4372
-20,4371
18,4370
40,4368
-56,4366
-69,4364
86,4363
-41,4362
81,4361
83,4357
-84,4356
-74,4355
-76,4354
-57,4352
97,4350
-90,4349
33,4348
-51,4347
47,4346
-36,4345
82,4344
-91,4343
-83,4342
-53,4341
-4,4340
7,4339
86,4338
-74,4335
100,4334
-36,4333
62,4332
-80,4331
-21,4330
50,4329
-31,4327
25,4325
72,4324
99,4323
-22,4322
-5,4321
-63,4320
91,4319
83,4318
-6,4317
78,4315
68,4314
-3,4313
-59,4311
-21,4310
2,4308
54,4307
-57,4306
11,4305
61,4304
-10,4303
-74,4301
-45,4300
27,4299
-53,4298
26,4297
-76,4295
21,4293
51,4291
-47,4290
5,4289
8,4288
6,4286
-18,4285
-26,4284
-74,4283
-94,4281
-6,4280
-71,4279
-72,4278
-95,4277
-42,4276
13,4273
31,4271
93,4270
-59,4269
-38,4268
39,4267
-20,4266
-65,4265
-95,4264
96,4263
-22,4262
14,4261
-51,4259
2,4257
-9,4256
43,4255
96,4254
-92,4253
59,4251
23,4250
3,4248
80,4247
47,4246
-4,4244
-92,4243
53,4242
-88,4241
-7,4240
12,4239
-45,4236
-29,4235
-74,4233
-49,4232
36,4230
7,4229
58,4228
-16,4227
87,4226
-47,4225
-44,4224
61,4223
-91,4222
88,4214
-4,4212
-44,4209
72,4207
-40,4206
15,4205
83,4204
-1,4202
24,4200
-17,4199
65,4196
93,4195
40,4194
96,4193
6,4192
40,4190
-72,4189
-13,4188
-75,4187
-71,4185
-84,4184
-6,4183
27,4182
11,4180
-88,4179
-19,4177
82,4175
81,4170
42,4169
-48,4168
0,4167
-46,4165
-99,4164
79,4163
82,4162
-42,4161
2,4160
-18,4158
18,4157
-48,4156
-81,4155
-45,4154
-62,4152
3,4151
100,4150
-43,4148
31,4146
5,4145
6,4144
-8,4143
-16,4142
-46,4141
6,4139
51,4138
8,4136
-7,4132
30,4131
96,4130
78,4128
-70,4127
-89,4126
18,4125
14,4123
-77,4122
-76,4121
-49,4120
-36,4119
64,4118
69,4117
56,4116
-36,4113
-1,4110
-5,4109
57,4108
51,4107
88,4103
45,4101
50,4100
0,4098
-20,4096
-39,4095
2,4094
91,4092
-93,4091
4,4090
-12,4089
-51,4088
-45,4086
-27,4085
71,4084
-14,4082
-49,4081
-56,4080
-64,4079
-95,4078
-52,4077
66,4076
78,4075
-54,4074
-9,4073
13,4071
-68,4069
-27,4068
57,4067
80,4066
92,4065
64,4064
-72,4063
-87,4062
73,4061
0,4060
57,4059
41,4057
26,4055
-31,4054
-18,4053
-94,4052
-77,4050
72,4049
53,4048
63,4046
11,4045
-39,4044
-34,4043
-40,4042
-70,4040
72,4038
29,4037
-6,4036
87,4034
67,4033
71,4032
-82,4031
54,4030
50,4029
-50,4028
-86,4027
84,4026
-6,4025
-97,4022
-64,4021
-83,4018
-96,4016
-95,4014
9,4013
-46,4012
-43,4011
39,4010
41,4009
38,4007
-71,4006
-47,4005
87,4004
90,4003
65,4002
13,4001
-20,4000
-20,3999
-12,3997
-42,3995
-50,3994
4,3992
6,3991
65,3990
66,3989
-25,3988
-82,3986
-78,3985
-79,3984
-34,3983
79,3981
97,3980
87,3979
61,3977
-34,3976
-11,3975
-56,3974
70,3973
81,3972
-75,3971
74,3969
-51,3967
33,3964
79,3963
-96,3962
-52,3959
-34,3958
-54,3957
51,3956
-7,3954
-75,3952
-60,3951
-21,3950
49,3947
-84,3946
79,3945
-53,3943
-7,3942
76,3941
-46,3940
-94,3939
-79,3938
20,3936
-94,3934
41,3933
-6,3932
-93,3931
33,3930
69,3927
-5,3925
81,3924
-92,3923
-18,3922
94,3920
90,3919
-49,3917
-13,3915
-65,3914
-85,3912
-30,3911
-35,3910
51,3909
-84,3907
-100,3906
-63,3904
60,3903
-37,3902
-79,3901
73,3900
16,3899
84,3898
24,3896
31,3895
-20,3894
20,3893
41,3892
-65,3889
-3,3887
-33,3885
88,3883
-89,3882
-37,3881
-54,3880
-7,3879
34,3877
-13,3876
13,3875
6,3873
41,3871
-45,3869
85,3868
59,3866
-12,3865
-25,3864
-13,3863
45,3862
-9,3861
12,3860
84,3859
-71,3858
-72,3857
9,3855
-70,3854
20,3853
-50,3852
0,3851
89,3850
93,3848
-22,3847
15,3846
22,3845
12,3844
-50,3843
71,3842
-18,3841
35,3840
53,3839
33,3838
16,3837
34,3836
53,3835
-31,3834
51,3833
-19,3831
-46,3830
-99,3828
93,3827
6,3825
-78,3822
-83,3819
83,3818
91,3817
-89,3816
-45,3815
-91,3813
-97,3812
-93,3811
-97,3810
29,3808
9,3807
49,3806
17,3805
83,3804
-45,3801
-11,3800
-36,3799
97,3798
-100,3797
-53,3796
61,3795
-48,3794
27,3792
9,3791
-91,3789
-60,3787
-24,3785
-80,3784
94,3782
-71,3781
-15,3780
-25,3779
-44,3778
-21,3776
-80,3774
41,3773
30,3772
-4,3771
61,3770
-65,3769
-44,3768
59,3766
-13,3764
27,3763
-23,3761
-89,3758
43,3755
39,3753
36,3751
59,3750
48,3749
-56,3748
-98,3747
-63,3746
-94,3745
38,3742
-73,3741
99,3740
51,3738
9,3736
47,3734
-92,3733
85,3732
-25,3731
28,3730
58,3729
18,3728
0,3726
20,3725
-80,3723
80,3722
-91,3721
97,3720
-66,3719
38,3718
57,3717
-62,3716
88,3714
13,3712
-81,3711
-67,3710
-58,3708
23,3707
-86,3706
-30,3705
-97,3704
42,3701
27,3700
-13,3699
62,3697
31,3696
-79,3694
43,3693
-100,3692
95,3691
-76,3689
-74,3688
92,3686
94,3685
78,3683
-57,3682
-82,3681
-18,3680
12,3679
-45,3678
11,3677
-56,3676
-54,3675
15,3674
36,3673
50,3672
-68,3669
43,3668
-26,3667
4,3665
-91,3664
-24,3663
75,3662
-33,3661
0,3660
-11,3659
98,3658
-74,3656
-68,3655
-46,3654
-85,3653
-98,3651
30,3648
12,3647
39,3643
55,3642
73,3641
-64,3640
60,3639
25,3638
-41,3637
49,3636
87,3634
-16,3632
-14,3631
7,3630
-59,3629
56,3627
-76,3625
75,3624
69,3623
41,3622
-54,3621
-66,3620
98,3619
2,3617
-5,3615
-23,3612
-72,3611
25,3610
-84,3608
-60,3607
17,3606
-39,3605
33,3604
58,3603
5,3602
25,3601
-12,3600
-25,3599
6,3598
-91,3597
-82,3596
-79,3595
-44,3590
-91,3589
-35,3588
99,3587
99,3586
39,3584
-18,3583
44,3581
-1,3580
-96,3577
65,3576
-36,3575
-48,3574
95,3573
15,3572
-93,3571
38,3570
-29,3569
45,3568
0,3567
-47,3566
30,3565
4,3564
-21,3563
54,3562
-3,3560
-38,3559
-98,3556
-73,3552
68,3551
58,3549
21,3548
61,3547
-10,3546
-93,3545
-61,3542
16,3541
72,3540
-36,3539
-38,3538
-30,3536
94,3535
-11,3532
1,3529
35,3527
-2,3526
23,3525
-23,3523
5,3522
-33,3521
-50,3518
75,3517
-52,3515
-40,3514
-45,3513
4,3512
-12,3510
13,3509
65,3508
90,3507
55,3505
-61,3504
-76,3503
-59,3502
29,3501
-63,3500
-58,3499
99,3498
36,3495
56,3494
-80,3492
10,3491
50,3489
-4,3488
42,3487
-67,3486
37,3485
50,3484
-46,3483
88,3482
27,3481
53,3480
34,3479
83,3477
31,3476
-62,3475
-20,3474
25,3473
82,3472
28,3469
-34,3468
-19,3467
-76,3466
-56,3465
-73,3462
45,3461
-63,3460
-97,3459
-66,3458
57,3457
-29,3456
-66,3455
-40,3454
58,3452
-94,3451
97,3450
49,3449
-2,3448
89,3447
-53,3446
-25,3445
64,3444
-67,3441
72,3440
100,3439
-77,3437
-88,3435
44,3434
76,3433
-68,3432
-27,3431
2,3428
-99,3427
20,3426
74,3425
-99,3424
69,3421
10,3420
70,3418
-56,3417
-98,3416
12,3415
-11,3414
-96,3413
46,3412
-68,3411
18,3410
-87,3409
73,3408
-46,3407
41,3406
-88,3404
36,3402
-94,3401
88,3400
50,3398
69,3397
-70,3396
-91,3394
46,3393
97,3392
57,3391
7,3390
17,3389
53,3388
-99,3387
-100,3385
15,3383
-68,3380
51,3379
83,3378
22,3376
7,3375
72,3374
99,3373
-45,3372
44,3371
88,3369
-44,3368
20,3367
-8,3366
57,3365
15,3363
-21,3362
-49,3360
37,3359
-73,3357
85,3355
-19,3353
-56,3352
79,3350
-56,3349
70,3348
21,3347
60,3346
-35,3342
12,3341
-14,3339
-52,3338
9,3337
85,3336
1,3335
96,3331
-87,3330
90,3329
-47,3328
-45,3326
-38,3324
-74,3321
80,3320
93,3318
45,3317
27,3316
-9,3315
42,3314
15,3310
-97,3309
-12,3306
42,3305
-53,3304
15,3303
-31,3301
-11,3299
64,3298
60,3296
-23,3294
-59,3291
57,3289
-38,3288
34,3287
33,3286
-93,3285
-51,3284
-21,3283
26,3282
27,3281
-49,3280
63,3279
0,3278
-13,3277
10,3276
49,3273
-21,3272
48,3271
-5,3270
99,3267
-78,3265
47,3263
71,3261
-50,3259
32,3258
-97,3256
21,3255
-2,3251
-3,3250
42,3248
-18,3246
-71,3245
-1,3244
-37,3243
-23,3242
47,3241
-88,3240
4,3238
30,3236
32,3234
-46,3233
-19,3232
-23,3230
50,3227
23,3226
14,3225
-3,3224
6,3223
88,3222
-97,3221
6,3220
88,3219
-21,3218
62,3217
-16,3216
-78,3215
1,3213
-58,3212
100,3211
-4,3210
24,3209
-98,3208
33,3206
70,3205
76,3204
20,3202
-64,3201
-96,3199
100,3197
4,3196
-65,3195
10,3194
44,3193
40,3192
-28,3191
12,3190
-61,3189
-10,3188
32,3187
71,3186
-34,3184
78,3183
-52,3182
21,3181
78,3180
-4,3178
-3,3177
-21,3174
-88,3173
-99,3171
-54,3170
-31,3168
-14,3167
-5,3166
85,3165
-73,3164
83,3163
64,3162
23,3160
98,3159
-21,3158
-62,3156
-51,3155
-4,3154
-69,3152
23,3151
-66,3149
-90,3148
-49,3147
-28,3146
72,3145
-55,3144
64,3141
-3,3139
-57,3138
73,3137
53,3136
-46,3135
11,3133
-72,3131
-62,3130
79,3129
21,3127
-53,3126
-70,3125
52,3124
-47,3122
-44,3121
87,3120
81,3119
46,3118
10,3116
-12,3115
-90,3112
82,3110
59,3109
100,3108
-59,3107
-72,3105
37,3104
15,3103
69,3102
85,3101
45,3100
81,3099
-100,3098
-100,3096
8,3095
9,3094
82,3093
-95,3092
99,3091
9,3087
-73,3086
-89,3085
-92,3084
-76,3083
69,3082
25,3081
50,3080
-52,3079
22,3078
-52,3075
-80,3072
85,3071
53,3070
80,3069
55,3068
-73,3066
3,3065
-3,3064
-93,3063
100,3062
92,3061
-38,3060
98,3059
-7,3058
-97,3057
-90,3056
-96,3055
95,3054
65,3053
-63,3050
78,3048
-48,3047
94,3046
-47,3045
61,3044
41,3043
74,3042
-34,3041
-30,3040
95,3039
-1,3038
98,3037
-76,3035
-85,3034
-99,3033
14,3032
-97,3030
87,3029
-85,3028
92,3024
44,3023
-48,3021
67,3019
-26,3018
-37,3017
-98,3016
39,3014
55,3013
-98,3011
62,3009
99,3008
-15,3007
-32,3006
-42,3004
57,3003
27,3002
4,3001
-98,3000
83,2998
-15,2997
-56,2996
28,2995
-46,2994
-9,2992
-84,2991
15,2990
49,2986
71,2985
90,2984
-81,2983
-34,2982
84,2980
14,2979
-51,2978
-31,2976
59,2975
-28,2974
93,2973
-9,2972
70,2971
-96,2970
45,2969
78,2968
-91,2967
-27,2966
29,2965
98,2963
72,2961
75,2960
-22,2958
-75,2957
41,2955
-13,2954
-65,2953
36,2952
-53,2951
-22,2950
23,2949
3,2948
15,2946
-29,2944
-45,2943
-52,2942
-74,2941
-83,2940
-51,2939
-93,2938
30,2937
-59,2935
49,2934
19,2933
66,2931
96,2930
23,2929
-59,2928
68,2927
-8,2926
21,2924
-56,2923
30,2922
99,2921
-22,2919
-30,2917
52,2916
67,2915
-40,2913
-52,2912
90,2910
79,2908
-25,2906
54,2905
-65,2904
-62,2903
-66,2902
-69,2901
20,2900
-58,2899
-63,2897
73,2895
84,2894
-24,2893
-97,2892
-95,2891
-45,2889
19,2888
-70,2887
-20,2886
-93,2885
-69,2881
-89,2879
-72,2878
15,2877
2,2875
91,2874
-58,2873
-82,2872
24,2869
45,2868
-5,2866
-72,2865
31,2864
-96,2863
37,2862
52,2861
96,2860
85,2859
-58,2858
47,2857
-5,2856
4,2855
67,2853
2,2850
20,2849
-99,2848
-21,2846
-36,2845
0,2844
23,2843
-85,2842
-63,2841
-72,2840
36,2838
-76,2837
-98,2836
-78,2835
-98,2834
12,2833
-31,2831
71,2830
52,2829
27,2828
-36,2825
50,2823
100,2819
99,2818
98,2816
-47,2813
55,2812
-55,2809
55,2807
56,2806
-47,2805
27,2804
17,2803
15,2802
71,2800
-42,2799
4,2798
8,2797
-25,2796
-15,2795
86,2793
80,2791
46,2790
48,2789
70,2788
27,2787
31,2786
-72,2785
1,2784
-6,2783
1,2782
-61,2781
9,2780
-17,2778
88,2777
44,2776
12,2775
28,2774
-64,2772
47,2771
-68,2770
93,2769
68,2768
-60,2767
58,2766
20,2764
-91,2763
-34,2762
42,2761
-56,2760
-28,2759
93,2757
-6,2755
-16,2754
-47,2751
-91,2749
100,2748
27,2746
8,2745
30,2743
-4,2741
-13,2739
46,2738
-88,2737
-36,2736
85,2735
11,2733
-7,2732
44,2730
-11,2729
85,2728
-28,2727
-31,2726
75,2725
-46,2723
-90,2722
-67,2721
63,2720
59,2719
-20,2717
23,2716
-73,2715
-73,2713
79,2711
53,2709
-67,2708
-38,2707
-99,2706
-2,2704
-43,2703
-22,2702
-90,2700
-31,2699
-39,2698
55,2697
-39,2696
-67,2695
54,2693
9,2692
-10,2690
25,2689
84,2688
-53,2686
45,2683
-77,2682
-40,2681
-62,2680
-58,2679
-79,2675
95,2674
-46,2672
-61,2671
-90,2670
89,2669
96,2667
60,2665
95,2664
82,2663
-92,2662
-80,2660
-30,2658
-29,2657
-18,2656
24,2655
-1,2654
-10,2653
-64,2652
-7,2651
1,2650
-44,2649
41,2648
-66,2647
92,2641
-40,2639
84,2638
-77,2636
62,2634
-41,2633
51,2631
-80,2630
23,2629
-37,2628
94,2626
90,2625
-96,2624
-57,2622
-5,2618
-74,2616
82,2615
-9,2614
87,2612
-86,2611
-30,2610
-10,2609
-56,2608
91,2605
-30,2604
53,2603
40,2602
31,2601
2,2600
-43,2599
-5,2598
-10,2597
8,2595
89,2593
-37,2592
15,2591
-67,2590
93,2589
-45,2588
70,2587
54,2586
-67,2585
79,2584
63,2583
-92,2582
7,2580
-90,2577
-86,2575
-27,2573
-50,2572
-1,2571
90,2570
13,2569
45,2568
-5,2567
30,2565
5,2561
95,2560
2,2559
-85,2558
-34,2557
69,2556
22,2555
61,2554
-45,2553
87,2552
-100,2551
-98,2550
94,2549
14,2548
43,2547
21,2546
-78,2545
-40,2544
-33,2543
49,2539
40,2538
-11,2537
-8,2536
-24,2534
-78,2533
-48,2532
-46,2531
81,2530
39,2528
37,2527
-8,2526
-94,2524
-26,2523
-2,2522
-5,2521
-73,2520
-56,2519
-3,2518
-1,2517
-99,2516
58,2515
-61,2514
56,2513
-99,2512
15,2511
-55,2509
-18,2508
55,2506
62,2505
57,2504
-93,2503
79,2502
-74,2501
-73,2500
-87,2499
-12,2498
-53,2494
99,2493
8,2492
-91,2491
36,2486
8,2485
60,2484
74,2482
83,2480
56,2479
-74,2478
90,2477
-10,2476
71,2474
-13,2473
-37,2471
20,2470
38,2469
47,2468
-25,2467
-100,2466
-6,2465
53,2461
-56,2460
79,2459
7,2457
16,2456
60,2454
30,2453
79,2451
-25,2450
29,2449
-92,2448
35,2447
42,2446
22,2444
-59,2443
52,2441
82,2440
18,2439
21,2438
62,2436
33,2434
-18,2432
-58,2431
31,2430
55,2429
-14,2428
-40,2427
-48,2426
42,2424
39,2422
-25,2420
29,2419
64,2417
-26,2416
14,2414
-91,2412
-86,2411
31,2410
-64,2409
41,2407
34,2406
10,2404
29,2403
-34,2402
-26,2401
-10,2400
-24,2399
-46,2398
43,2396
-85,2393
16,2392
-76,2391
90,2390
15,2389
98,2388
35,2386
-21,2385
-86,2384
62,2381
-42,2379
0,2378
-30,2375
-1,2374
-86,2372
-81,2371
40,2370
-90,2369
-96,2368
-32,2367
3,2366
-62,2364
20,2362
99,2361
65,2360
-45,2359
-82,2358
100,2357
-2,2355
73,2353
-4,2352
75,2351
-7,2349
89,2348
-50,2346
98,2344
-77,2343
10,2342
7,2340
80,2338
-59,2337
62,2333
30,2331
-58,2330
-24,2329
96,2327
22,2326
17,2325
-68,2324
24,2323
-43,2321
32,2320
75,2319
82,2318
73,2317
62,2316
-5,2315
-57,2314
83,2313
53,2311
-28,2310
82,2309
-70,2308
4,2305
6,2304
-82,2303
55,2302
60,2300
-7,2298
64,2296
41,2295
-60,2294
-26,2293
86,2292
33,2291
36,2290
87,2289
76,2288
70,2287
-94,2285
-15,2284
-67,2282
25,2281
67,2280
52,2279
-92,2278
15,2277
-33,2275
-16,2274
78,2273
-42,2272
-72,2271
-81,2270
16,2269
-78,2267
15,2266
64,2265
66,2264
-35,2263
95,2261
-90,2260
74,2258
19,2257
77,2256
39,2253
-63,2252
32,2251
91,2250
-56,2249
-34,2248
-94,2247
27,2246
48,2245
63,2244
17,2243
24,2242
98,2241
92,2240
-5,2238
-51,2237
96,2236
86,2235
75,2231
47,2230
58,2229
78,2228
72,2227
11,2225
-23,2224
-82,2223
-47,2221
-73,2220
26,2218
63,2217
5,2216
-34,2215
16,2214
70,2213
29,2212
-8,2210
39,2209
-13,2208
47,2207
-39,2206
-66,2205
25,2204
-27,2203
41,2202
24,2201
10,2199
100,2198
-18,2196
1,2195
-11,2194
-25,2193
-52,2192
-12,2189
35,2188
74,2187
58,2185
11,2184
-62,2183
51,2182
-30,2181
86,2180
5,2178
-32,2177
-97,2175
-3,2173
83,2172
58,2171
-5,2170
37,2169
6,2167
86,2166
82,2165
30,2163
71,2162
58,2161
60,2160
33,2159
-84,2158
6,2157
35,2156
93,2155
91,2154
-60,2153
50,2152
-97,2151
-22,2150
60,2149
17,2147
18,2146
-80,2145
14,2144
-13,2142
-77,2139
62,2138
68,2137
51,2136
-30,2135
-3,2134
28,2131
-64,2130
60,2129
11,2128
-83,2127
22,2126
51,2125
37,2124
53,2123
47,2122
-18,2121
-32,2119
72,2118
-86,2117
-19,2116
39,2115
80,2113
-33,2112
67,2110
83,2107
8,2104
14,2103
80,2102
27,2101
97,2100
-80,2099
-7,2098
-62,2097
-7,2096
-49,2095
8,2093
86,2092
-31,2090
95,2089
45,2088
93,2087
42,2086
30,2085
57,2083
57,2082
-96,2081
79,2079
59,2078
55,2077
-54,2076
-81,2075
-93,2074
84,2073
-58,2072
36,2071
21,2070
38,2069
-72,2066
100,2065
-45,2064
52,2063
75,2062
79,2060
-31,2059
40,2058
-51,2057
-55,2056
-81,2055
-5,2052
-35,2051
-35,2049
16,2048
83,2046
91,2044
-77,2043
99,2042
95,2040
21,2038
99,2036
-8,2034
43,2033
-39,2032
-59,2030
-46,2029
-100,2028
12,2027
-28,2026
13,2025
-41,2024
69,2023
70,2022
68,2021
77,2019
-83,2018
-22,2017
72,2016
60,2015
-8,2014
-7,2013
-42,2012
91,2011
6,2010
59,2007
-41,2006
18,2005
93,2004
47,2003
51,2001
-74,2000
-33,1999
-73,1998
5,1997
-79,1995
-17,1994
-66,1993
-98,1991
-59,1990
-86,1989
-87,1988
-46,1987
-79,1986
-12,1983
-18,1982
-52,1981
19,1979
-69,1978
57,1977
-73,1976
-29,1975
-4,1973
40,1972
11,1971
-1,1970
43,1969
-96,1967
-14,1966
-11,1964
-20,1963
35,1962
72,1961
44,1959
28,1958
57,1957
11,1956
19,1955
-24,1953
87,1950
9,1949
3,1947
98,1946
-98,1945
82,1944
71,1943
49,1942
-74,1941
56,1940
-21,1939
52,1938
55,1937
6,1936
-5,1935
62,1934
-69,1933
-96,1932
59,1931
54,1930
-99,1927
-67,1926
60,1925
85,1924
-99,1923
-56,1922
-79,1921
13,1920
91,1919
29,1918
-70,1917
-94,1916
-15,1915
-84,1914
91,1911
26,1910
55,1908
83,1907
92,1906
18,1905
-49,1903
78,1902
43,1901
49,1899
-100,1898
67,1896
24,1894
-3,1892
85,1891
-58,1890
-89,1889
51,1886
-2,1885
13,1883
49,1882
47,1881
-13,1880
-90,1879
-80,1878
41,1877
46,1876
17,1875
-44,1874
-41,1873
50,1872
-2,1871
-61,1870
-29,1869
35,1868
-20,1867
37,1865
55,1864
88,1862
24,1860
52,1857
-11,1856
-44,1855
3,1853
68,1852
-62,1851
-63,1849
-24,1848
-5,1847
98,1846
23,1845
-21,1844
93,1843
96,1841
-83,1840
84,1839
65,1838
-96,1836
96,1834
87,1833
-79,1831
80,1830
39,1829
-94,1828
-55,1827
81,1826
1,1825
-71,1824
-57,1823
14,1822
92,1820
-30,1819
-20,1817
-73,1815
55,1814
-48,1813
5,1812
-85,1811
-76,1810
-54,1808
-33,1807
13,1805
38,1804
-79,1803
-77,1802
41,1801
-34,1799
82,1798
29,1797
-28,1796
19,1795
-86,1794
84,1793
17,1792
-53,1791
4,1789
93,1788
-75,1787
-26,1786
13,1785
-26,1784
82,1782
86,1781
75,1780
-48,1779
11,1778
-82,1777
-98,1772
-77,1770
-6,1769
-37,1768
-98,1767
30,1766
1,1765
48,1764
26,1762
47,1761
-82,1760
66,1759
33,1757
-33,1756
-80,1755
16,1754
-72,1753
80,1752
56,1751
3,1750
58,1749
-13,1748
51,1747
-33,1746
37,1745
69,1744
-42,1743
-29,1742
17,1741
-90,1740
61,1738
54,1737
-44,1736
-1,1735
-9,1734
-90,1733
9,1732
80,1731
86,1729
-21,1728
6,1727
38,1726
97,1723
51,1722
-96,1721
-97,1720
-39,1719
65,1716
-90,1715
10,1714
-40,1712
-87,1711
47,1710
-68,1709
58,1708
-55,1707
59,1706
41,1705
55,1704
-89,1703
-56,1700
-39,1699
48,1697
-43,1696
-33,1695
-3,1694
-80,1693
57,1692
45,1691
78,1689
72,1688
-89,1687
85,1686
39,1685
55,1684
69,1683
55,1680
51,1679
14,1678
-87,1677
-52,1674
-40,1673
-62,1671
21,1670
55,1667
-43,1666
82,1663
-53,1661
91,1659
-78,1658
-79,1657
-51,1656
-11,1654
72,1653
31,1652
54,1650
-67,1649
-29,1648
41,1646
89,1645
70,1644
96,1643
-64,1642
-26,1641
0,1640
-65,1639
63,1638
-34,1636
-64,1635
-37,1634
99,1633
-20,1632
-62,1630
91,1629
-85,1625
-18,1624
-53,1623
-28,1619
-53,1617
4,1616
-7,1614
-9,1613
10,1612
23,1611
96,1610
84,1609
-10,1607
-79,1606
-99,1605
-18,1603
-78,1602
-18,1601
-70,1600
51,1599
-28,1598
-93,1597
-100,1596
41,1595
76,1594
88,1593
-47,1592
-41,1588
-17,1587
73,1585
-19,1584
-94,1583
-61,1580
-36,1579
27,1578
-47,1576
53,1574
7,1573
71,1572
-90,1571
86,1570
-57,1569
99,1568
-87,1567
46,1566
-86,1563
-75,1562
85,1561
-41,1560
91,1559
-30,1558
-49,1557
-33,1556
-7,1555
68,1554
9,1553
-29,1552
-5,1551
-61,1550
64,1549
-16,1548
90,1547
81,1544
-13,1541
68,1534
44,1532
-55,1531
-93,1530
79,1529
-90,1528
-23,1527
0,1526
-42,1525
-85,1524
-65,1522
27,1521
50,1520
26,1519
-85,1517
61,1516
14,1514
-2,1513
8,1512
-20,1511
-56,1506
-77,1505
-28,1504
49,1503
-28,1502
-7,1501
-32,1500
44,1498
-50,1497
-12,1496
99,1495
-59,1494
-29,1493
-61,1491
-71,1490
96,1489
94,1486
-45,1484
26,1483
-98,1482
-30,1480
-77,1478
-68,1477
-63,1476
-80,1475
7,1474
-82,1473
43,1472
-80,1471
-91,1469
-36,1468
-50,1467
-27,1465
-70,1464
-94,1463
34,1462
-86,1461
9,1457
28,1456
69,1454
84,1452
-90,1451
-83,1450
-81,1449
43,1447
-83,1446
-47,1445
-83,1444
-67,1443
-33,1442
50,1441
54,1440
50,1439
26,1438
-80,1437
-21,1435
-90,1434
-92,1433
97,1432
-42,1431
-34,1430
-59,1429
5,1427
23,1426
8,1424
-30,1423
14,1422
-63,1421
28,1420
11,1418
-50,1417
-59,1416
-39,1415
16,1414
-77,1413
55,1411
-38,1410
20,1409
-85,1406
-69,1405
12,1404
-84,1403
-21,1400
-71,1399
-34,1398
86,1397
15,1395
-80,1394
26,1392
23,1391
71,1388
-8,1386
-47,1385
-23,1383
15,1382
-68,1381
77,1380
86,1379
-6,1377
100,1376
-72,1375
2,1374
94,1372
84,1370
-8,1369
10,1367
13,1366
-99,1365
24,1364
-8,1361
33,1360
-64,1359
-3,1356
87,1355
19,1354
67,1352
-5,1351
27,1350
33,1349
-29,1348
8,1347
22,1346
-26,1345
79,1344
-17,1343
-52,1342
-16,1341
98,1340
-33,1339
-92,1338
-94,1337
-100,1336
-17,1335
-13,1334
-56,1333
17,1331
24,1328
80,1327
-89,1326
-59,1325
92,1324
56,1323
80,1322
-70,1321
-19,1320
-72,1319
-40,1318
-4,1317
8,1316
52,1315
-14,1314
53,1313
-52,1312
10,1311
-1,1310
27,1309
-65,1307
-6,1306
-18,1305
2,1303
-34,1302
-41,1300
-94,1299
-72,1298
98,1296
52,1295
-65,1294
-4,1293
21,1292
98,1291
-77,1290
-82,1289
-14,1288
70,1287
-36,1286
-67,1285
-53,1284
-39,1282
-94,1281
-24,1280
-48,1279
61,1278
-63,1277
-50,1275
5,1274
17,1273
16,1272
-50,1271
-40,1270
16,1269
36,1268
-49,1267
-20,1266
43,1265
59,1264
-54,1263
-35,1258
44,1257
-13,1256
-47,1255
-73,1254
75,1253
44,1251
-90,1250
-99,1249
56,1248
59,1247
39,1245
67,1244
22,1243
91,1242
-66,1240
99,1238
-6,1237
-18,1236
80,1235
87,1234
92,1233
52,1231
25,1229
-54,1228
83,1226
81,1225
-78,1223
94,1221
86,1219
59,1218
29,1217
-75,1216
59,1215
2,1214
-33,1213
95,1212
-16,1211
-7,1210
9,1209
-25,1208
81,1205
44,1203
57,1199
16,1198
99,1197
66,1196
15,1195
65,1193
14,1192
-87,1191
-96,1190
-88,1189
-81,1188
7,1186
-89,1185
-42,1182
74,1181
27,1180
-50,1179
-6,1178
-17,1177
54,1174
13,1172
7,1170
61,1169
-16,1168
49,1167
-79,1166
45,1165
10,1164
-11,1162
86,1161
-25,1160
96,1159
65,1158
1,1157
-96,1156
-91,1155
-94,1154
96,1153
-69,1152
-32,1149
-93,1148
-61,1147
65,1146
74,1145
19,1144
85,1143
-84,1142
-56,1141
27,1140
46,1138
37,1137
62,1136
100,1134
57,1132
85,1131
63,1130
-12,1129
84,1128
42,1126
-80,1125
-65,1123
-41,1122
-22,1121
96,1120
74,1118
33,1117
66,1115
9,1114
88,1113
-3,1112
4,1111
27,1110
29,1108
-57,1107
-32,1106
-46,1104
-25,1103
50,1102
-61,1100
86,1099
-47,1098
41,1097
-36,1096
-69,1095
-36,1094
16,1093
-5,1092
62,1091
-48,1090
-98,1088
-86,1087
92,1086
-25,1085
-24,1084
34,1083
-60,1082
-2,1080
-62,1079
-70,1078
-4,1077
98,1075
63,1073
-56,1072
19,1071
-25,1070
58,1069
41,1068
-5,1067
81,1066
68,1065
-4,1064
26,1061
-58,1059
-76,1058
-67,1057
-76,1056
63,1055
-4,1054
75,1053
-32,1052
5,1051
-71,1049
52,1048
-43,1046
47,1045
40,1044
-51,1043
6,1042
-30,1041
-40,1040
-46,1039
11,1038
-34,1037
-93,1035
-12,1034
33,1033
26,1032
-26,1031
-22,1030
-81,1029
-95,1028
24,1027
-19,1026
99,1025
34,1023
96,1022
-30,1020
75,1018
-86,1017
-77,1016
19,1014
46,1013
15,1012
19,1009
-32,1008
54,1007
-93,1006
-52,1004
15,1002
41,1001
1,1000
-20,999
-37,998
-25,997
64,996
-31,995
53,994
-9,993
12,992
20,991
44,989
72,988
-35,987
36,985
-32,984
18,983
100,982
-13,981
-98,980
-67,979
53,977
-65,976
-64,975
65,973
-30,972
-3,970
-4,969
59,968
-17,965
58,964
-61,963
49,961
70,960
43,956
8,954
26,953
27,952
84,951
82,950
54,949
-21,948
-10,947
-69,946
84,945
-85,944
44,942
-77,941
-75,939
-59,938
27,937
-96,936
-59,935
75,934
83,931
42,930
42,928
-29,926
30,925
-78,924
-2,922
-47,920
59,918
25,917
-18,916
43,915
25,914
-58,912
-89,910
-2,909
98,908
-53,907
-76,901
99,900
-83,899
55,898
-11,897
60,896
6,895
30,893
-56,892
-16,891
-9,890
83,889
-66,888
13,887
-26,886
0,885
-45,884
-64,883
45,882
-59,881
-79,880
-17,879
-71,878
-22,877
36,876
-86,874
43,873
42,872
39,871
-68,870
-88,867
-30,866
-56,864
-45,863
29,861
-26,860
-70,858
25,857
-87,856
-96,855
-84,854
71,850
31,849
48,848
-43,847
49,845
28,844
-24,842
85,841
-92,840
-24,839
-25,838
48,837
62,834
59,833
12,832
-43,831
-47,829
45,826
25,824
54,821
-64,820
-97,818
-48,817
54,816
69,814
62,813
-11,812
41,811
64,810
52,809
-92,808
53,806
-44,805
-17,803
-89,802
-50,801
-71,800
-19,799
-76,797
97,796
-65,795
-64,794
93,793
-17,792
-76,791
38,790
-17,789
-62,788
-43,786
-24,785
-67,784
5,783
62,782
39,781
89,780
-17,779
-93,778
22,775
-38,774
10,773
-86,771
-9,770
-72,769
-31,767
74,766
90,765
36,762
65,761
-25,760
-97,759
17,758
67,756
-59,755
-25,754
94,752
-81,751
-99,750
48,749
-69,747
-12,745
-100,743
28,742
93,741
74,739
-90,738
-68,737
-24,736
-96,735
98,734
-99,732
-37,731
87,730
-27,729
-37,727
-33,726
22,725
-68,723
80,720
45,719
77,717
55,716
5,715
10,714
52,713
-8,712
96,709
-41,708
-86,706
29,705
-5,704
36,703
-86,702
92,701
-88,700
-52,698
-53,697
55,695
39,692
19,690
64,689
-75,687
-49,686
-40,685
71,684
77,683
-75,682
-1,681
34,680
-70,678
100,677
-11,676
-68,675
-52,674
77,672
-66,671
-70,669
-8,668
-41,667
63,666
68,665
26,664
-19,663
14,661
92,660
-23,659
35,658
11,657
12,655
-23,654
50,653
-81,652
47,651
51,650
2,649
46,648
-77,647
78,646
27,644
0,643
75,642
-73,641
72,640
-53,639
-45,638
-65,637
-90,635
46,633
77,632
-90,631
-92,629
-81,628
68,625
-41,623
-42,622
-52,619
-87,618
-29,617
-80,616
60,615
54,612
91,611
-38,605
-86,603
16,602
59,600
78,598
-36,597
19,596
-97,594
-20,592
-99,591
-28,589
80,588
35,587
3,586
-78,585
-2,583
59,582
-6,581
-78,580
72,578
-55,577
26,576
-47,575
1,574
5,573
13,571
-64,570
81,569
40,568
-72,566
55,565
-85,564
-26,563
-21,561
-13,560
-11,559
21,558
-8,557
21,555
-39,554
20,552
52,551
15,549
6,548
29,547
52,546
-3,544
93,543
52,540
-67,539
90,538
55,535
56,534
70,533
72,532
60,531
50,530
-83,528
73,526
94,525
80,523
-7,522
-4,521
61,517
-3,516
-19,515
-22,514
28,513
-3,511
-69,510
-18,509
53,508
65,507
77,506
37,505
13,504
16,503
-9,502
-94,501
8,500
87,499
90,498
-13,497
80,495
11,494
31,493
65,492
25,491
-94,489
-72,488
-89,486
-67,484
-4,483
73,482
-41,479
76,478
-87,477
10,476
-27,474
66,472
-87,471
31,470
54,469
-5,465
84,464
70,463
56,461
-15,458
-23,457
-79,456
84,454
-51,452
-65,451
77,450
29,449
-39,448
32,447
-82,446
-29,445
94,444
-56,443
99,442
92,441
-79,439
-20,436
-16,435
-87,434
-72,433
33,432
75,431
12,428
-39,426
54,424
-90,423
-69,422
-38,421
-3,420
65,418
-97,417
-65,415
0,413
92,412
2,411
84,410
-31,406
-81,405
-83,404
-73,403
-40,401
43,400
58,399
-77,398
77,397
4,396
28,395
16,391
-66,390
-4,388
-88,387
60,385
50,384
56,383
-29,382
31,381
-87,380
-1,379
-92,378
88,376
-2,375
65,373
96,372
96,371
-66,370
84,369
-78,368
-79,367
-93,366
18,365
67,364
-12,363
92,361
46,360
-71,359
67,357
-39,356
84,355
72,354
-49,353
28,352
47,351
40,350
1,348
-66,346
38,345
91,344
7,343
67,342
52,340
-12,339
-83,338
66,337
-87,336
-9,335
-5,334
37,333
-38,332
52,331
74,330
-3,329
-87,328
21,326
73,325
-9,324
-23,323
-30,321
50,319
48,318
-98,316
83,315
-24,314
-84,313
11,312
3,311
68,310
28,309
96,308
-93,307
37,306
-11,305
49,304
63,302
-71,301
91,300
-52,299
83,297
-36,296
47,295
-85,294
-75,293
54,292
89,291
-22,290
40,287
9,286
-82,285
-52,284
94,282
-26,281
10,280
-65,279
-22,278
57,276
-82,275
-73,274
-84,273
50,272
29,270
-52,269
21,267
38,266
15,264
-36,262
38,261
-57,260
-69,258
79,257
64,254
-23,253
-2,252
-84,251
-34,250
-88,249
78,248
19,246
22,245
62,244
14,242
72,241
-66,240
-29,239
49,238
-29,237
33,234
-73,233
-61,232
60,231
-31,230
20,229
-2,228
-21,227
-22,225
-27,224
-67,223
52,222
-94,221
-51,220
-9,219
-74,218
-8,217
-98,215
-77,212
-85,210
-37,209
-85,208
42,207
32,206
54,205
-38,204
6,202
98,201
-94,200
19,198
2,196
96,195
65,194
38,193
60,191
-25,189
53,188
-41,187
-98,186
92,185
92,183
13,182
25,181
-65,180
-59,178
48,177
72,175
50,174
-75,173
59,170
-45,169
99,168
3,166
-55,165
43,164
-44,160
71,158
77,157
98,156
-53,155
-51,154
-49,153
-51,151
92,150
93,149
16,148
-49,147
30,146
-70,143
-43,142
-66,140
-99,139
-35,135
3,134
-60,133
62,132
33,131
63,130
34,128
-35,127
-88,125
-83,124
-75,123
67,121
-92,120
-93,119
30,118
51,117
-77,116
19,115
-13,114
33,113
97,112
-9,111
0,110
92,109
12,108
1,107
-70,106
31,105
53,104
-16,103
-61,102
57,101
96,99
72,98
-63,97
-70,96
-15,95
71,94
-43,93
77,92
-2,91
-21,89
1,86
25,85
-25,84
86,83
-75,82
53,81
-50,80
-92,79
-77,77
-24,76
-77,75
-20,72
18,71
-30,70
-44,69
68,67
74,66
-94,63
18,61
-89,60
17,59
-81,57
-51,54
-49,52
-44,50
-53,49
-70,47
48,46
79,45
-98,44
-85,43
97,41
-77,40
-21,39
76,37
-47,36
5,35
-35,32
48,31
36,30
-28,28
27,27
26,26
-86,25
-56,24
98,23
-14,20
-1,18
92,16
80,15
-70,13
39,12
-73,11
-77,10
20,9
-18,8
92,6
34,4
-85,3
-1,2
90,0
