0,10000
-22,9999
85,9997
-46,9996
5,9995
-50,9994
71,9992
-80,9990
100,9987
17,9986
99,9985
-79,9984
67,9983
-11,9982
95,9980
-81,9978
-54,9977
41,9976
46,9975
-16,9974
-3,9973
-86,9972
-47,9971
59,9970
-80,9969
98,9966
-81,9964
53,9962
83,9961
80,9960
26,9958
40,9957
-50,9956
71,9955
68,9953
4,9951
32,9950
56,9949
49,9947
-29,9946
-46,9945
-78,9944
-13,9941
54,9939
-48,9938
-6,9936
-78,9932
18,9931
-59,9930
34,9929
-57,9928
4,9927
1,9926
-58,9924
-86,9923
-53,9921
-85,9919
-10,9918
93,9917
-56,9914
61,9912
-10,9911
49,9910
-91,9909
-71,9907
95,9906
8,9905
28,9904
2,9903
99,9897
-50,9896
-38,9895
5,9894
-81,9893
48,9892
62,9891
-72,9890
31,9889
-2,9888
-51,9887
-32,9886
42,9885
-18,9884
2,9880
-66,9878
89,9876
92,9875
83,9874
-99,9871
97,9869
61,9868
21,9867
35,9866
87,9864
28,9863
-37,9862
-53,9860
31,9859
-66,9858
-7,9857
84,9856
0,9855
-87,9854
13,9853
-96,9852
45,9851
99,9850
27,9849
54,9847
88,9846
7,9844
76,9843
72,9841
49,9840
88,9838
-48,9836
91,9835
-11,9834
-93,9833
-73,9831
-94,9830
20,9829
-60,9828
23,9827
90,9826
-46,9825
39,9824
45,9823
98,9822
-68,9821
46,9820
41,9819
-50,9818
-99,9817
84,9816
83,9814
-35,9813
58,9810
-35,9809
28,9808
79,9807
-58,9806
86,9805
27,9804
84,9803
40,9802
-16,9800
33,9798
-46,9797
29,9796
-56,9794
-82,9793
10,9791
11,9790
15,9789
-69,9788
-25,9787
66,9786
31,9785
-39,9784
-42,9783
-48,9782
20,9780
8,9779
-16,9778
50,9776
-51,9774
79,9773
-40,9772
-2,9771
83,9769
70,9768
-17,9767
-65,9766
98,9765
-41,9764
-59,9762
9,9761
28,9760
-22,9759
-71,9758
-48,9756
-5,9754
-60,9751
91,9750
-80,9748
46,9747
51,9745
-14,9744
73,9743
-32,9740
41,9738
76,9737
-43,9736
37,9734
62,9733
50,9731
-39,9729
-79,9728
78,9727
-9,9725
-1,9724
-50,9723
34,9722
-38,9721
84,9718
61,9715
-12,9714
-75,9713
76,9712
-83,9711
13,9710
-45,9709
39,9707
16,9706
-28,9703
92,9702
-55,9700
97,9699
91,9697
56,9695
-30,9694
-5,9692
-21,9691
-36,9690
-40,9689
-61,9688
39,9687
3,9686
-55,9685
-5,9684
-76,9683
28,9682
10,9681
44,9680
23,9679
-48,9677
-92,9676
-63,9675
-22,9674
56,9673
27,9672
48,9671
-43,9670
-92,9668
53,9667
-25,9666
51,9663
-61,9662
-88,9661
-29,9658
66,9657
39,9656
65,9655
97,9654
-65,9653
-77,9652
76,9651
-29,9650
-47,9649
-8,9647
-23,9646
37,9645
26,9644
20,9643
76,9641
43,9640
19,9638
3,9637
64,9634
-76,9633
53,9632
-26,9629
53,9628
-17,9627
-80,9626
44,9625
-62,9624
-12,9623
7,9622
-47,9621
81,9618
65,9617
-18,9616
30,9615
-27,9614
-85,9613
87,9612
-96,9611
-48,9609
-43,9608
48,9607
-53,9606
-53,9605
-59,9604
-27,9603
-69,9602
-67,9601
-84,9599
-42,9597
96,9596
-62,9595
-37,9594
73,9593
57,9592
57,9591
-32,9590
-85,9589
30,9588
-52,9587
-56,9586
73,9585
-98,9584
-17,9583
-43,9582
82,9581
-82,9580
-6,9579
58,9578
94,9577
81,9576
96,9575
-23,9574
53,9573
42,9572
54,9571
19,9570
-96,9569
-89,9568
-38,9567
48,9565
-89,9564
-80,9563
-35,9562
-1,9561
-22,9560
-74,9559
67,9558
-6,9557
29,9555
71,9554
26,9553
3,9550
-94,9549
-76,9547
-63,9546
-31,9545
50,9543
-32,9542
50,9541
-87,9540
85,9539
29,9538
-46,9537
71,9536
94,9535
96,9534
-13,9533
61,9531
23,9530
-38,9529
59,9527
75,9525
86,9523
-99,9520
-54,9519
-6,9518
-52,9517
3,9514
-68,9513
-76,9512
-29,9511
-89,9510
23,9509
62,9508
18,9507
55,9505
23,9504
-81,9503
-30,9502
76,9501
-69,9500
-59,9499
98,9498
-12,9497
-11,9494
-37,9493
62,9492
62,9491
-20,9489
39,9487
-99,9486
-37,9485
-91,9484
-14,9482
-83,9481
57,9480
28,9479
3,9478
77,9477
39,9476
-88,9475
73,9473
-75,9472
-46,9471
-13,9470
-64,9469
-20,9468
-50,9467
-34,9465
43,9464
17,9463
10,9462
-74,9461
71,9460
-68,9459
100,9458
47,9457
-7,9455
-80,9454
92,9453
-96,9451
-53,9449
28,9447
-15,9446
51,9445
-52,9442
45,9441
-2,9438
-74,9437
-2,9436
20,9429
-1,9428
57,9427
-25,9426
-90,9423
-37,9422
20,9421
-85,9420
-30,9419
-55,9418
67,9417
6,9416
75,9415
-53,9414
30,9413
88,9412
98,9410
-38,9408
-14,9407
78,9404
67,9402
99,9400
95,9398
21,9397
49,9396
-38,9395
87,9394
-45,9393
-43,9392
58,9391
-49,9390
-18,9388
33,9387
-97,9386
-13,9385
87,9383
-26,9381
27,9380
46,9379
-46,9378
30,9377
-91,9376
87,9375
80,9374
91,9373
-92,9372
-58,9371
26,9369
-48,9368
52,9367
-3,9364
-92,9362
35,9361
-48,9360
-17,9359
62,9358
6,9357
-56,9356
-21,9355
-25,9353
39,9352
-52,9351
52,9350
-47,9349
7,9348
12,9347
-92,9346
-17,9345
-18,9344
48,9343
-78,9341
99,9340
97,9338
17,9334
-15,9333
55,9332
55,9331
-23,9330
20,9326
-32,9325
-100,9324
77,9323
76,9322
81,9321
-78,9319
91,9318
-19,9317
-70,9316
54,9312
83,9311
-91,9310
60,9309
-54,9308
-60,9307
-91,9306
-56,9304
-1,9303
100,9302
-41,9300
24,9298
73,9297
1,9296
39,9295
10,9294
-58,9293
-59,9292
-44,9291
88,9290
-5,9289
-86,9288
-75,9287
-65,9286
31,9284
97,9283
72,9282
27,9281
6,9280
-96,9279
-100,9278
84,9276
5,9275
-23,9274
-91,9273
57,9272
-81,9271
54,9270
-94,9269
0,9268
-27,9266
46,9265
53,9262
-46,9261
12,9260
-61,9259
35,9258
2,9257
79,9256
26,9255
-38,9253
-8,9251
61,9250
72,9249
70,9248
-18,9246
42,9245
91,9244
-1,9243
0,9242
-22,9241
45,9240
-56,9239
-62,9238
29,9235
60,9234
-95,9233
3,9232
-45,9230
-28,9229
-87,9228
-32,9227
80,9225
96,9223
-89,9222
4,9219
54,9218
51,9217
23,9216
63,9214
-3,9212
99,9211
1,9207
77,9206
93,9205
-45,9204
70,9201
-69,9200
53,9197
-43,9196
55,9195
7,9194
-45,9193
33,9189
76,9186
-66,9185
95,9184
20,9182
-38,9178
64,9177
-19,9176
-76,9174
-98,9173
33,9172
52,9171
75,9169
24,9168
-85,9167
-85,9165
92,9163
79,9162
65,9161
-100,9160
-77,9159
-64,9158
-8,9156
-71,9154
20,9150
-20,9149
83,9148
94,9146
-10,9145
61,9144
-71,9140
93,9139
-44,9136
-99,9133
-22,9132
-3,9131
-27,9130
-20,9129
24,9128
-9,9126
48,9125
-94,9123
71,9121
31,9120
-88,9119
-66,9117
44,9116
47,9115
77,9114
69,9113
-6,9112
-98,9111
-39,9108
58,9107
-27,9103
-28,9102
90,9101
-90,9100
-3,9099
-90,9098
65,9097
21,9096
-88,9095
-46,9094
0,9093
34,9092
-79,9091
-72,9090
-72,9089
-81,9088
-56,9086
3,9085
39,9084
-17,9083
19,9082
-44,9081
64,9080
-15,9079
-30,9078
62,9077
63,9076
94,9075
-17,9072
79,9070
-86,9068
-63,9067
-86,9064
-97,9062
-38,9061
18,9060
-48,9059
64,9056
99,9054
-80,9053
-7,9052
27,9051
36,9050
-4,9048
0,9047
-96,9045
-96,9044
-70,9042
50,9041
19,9040
29,9039
13,9038
93,9037
-30,9035
-43,9033
-24,9031
61,9030
-68,9029
34,9028
12,9027
8,9023
17,9018
-62,9017
-35,9016
-29,9015
71,9013
83,9012
18,9011
-43,9010
81,9008
43,9007
-92,9004
-7,9003
-12,9002
-77,9001
-68,8999
65,8998
-62,8997
39,8996
48,8995
-19,8994
26,8993
-66,8992
40,8991
32,8990
18,8989
-30,8987
51,8986
47,8985
75,8981
53,8977
-100,8976
-68,8975
73,8973
-61,8972
-48,8971
58,8970
51,8969
-35,8968
32,8967
41,8966
50,8965
-64,8964
-28,8963
-59,8962
-20,8960
72,8959
27,8958
14,8957
62,8955
-95,8954
89,8953
18,8951
-95,8950
14,8948
-47,8947
82,8945
-76,8944
47,8943
55,8940
51,8939
-8,8938
-39,8937
3,8936
96,8934
15,8932
22,8930
-27,8929
-19,8928
-77,8926
-70,8925
-62,8924
-95,8923
-21,8922
62,8921
100,8919
-76,8918
11,8917
72,8916
25,8915
-93,8914
15,8913
79,8912
-27,8911
56,8909
-40,8906
-9,8905
-28,8904
56,8903
8,8902
100,8900
3,8899
-7,8898
-56,8896
-15,8895
45,8894
71,8893
8,8892
-98,8891
-21,8889
-52,8888
36,8887
44,8885
8,8884
82,8883
12,8882
85,8881
-52,8880
27,8879
-84,8878
-56,8877
44,8876
-63,8874
-53,8872
62,8870
-49,8869
-25,8867
-2,8865
80,8864
88,8863
-17,8861
-18,8860
-63,8858
-100,8855
7,8854
50,8851
18,8850
-44,8848
-86,8847
-89,8846
83,8845
96,8844
-74,8843
49,8842
-89,8840
71,8839
-91,8838
96,8837
57,8836
-80,8835
-82,8834
70,8833
51,8832
65,8830
83,8829
48,8827
-67,8826
3,8825
-87,8821
-55,8820
-58,8819
-14,8817
-87,8815
14,8814
-10,8813
46,8810
1,8809
-86,8808
-6,8807
-31,8805
4,8804
17,8803
63,8802
50,8801
15,8800
-27,8799
80,8798
37,8797
-65,8796
-30,8795
8,8794
-74,8793
73,8790
67,8789
82,8788
28,8787
-89,8784
28,8783
-12,8782
-45,8781
80,8780
-25,8779
-90,8778
-73,8777
-25,8776
-75,8775
22,8774
-45,8773
56,8769
12,8768
-39,8767
6,8766
-29,8765
-44,8764
-51,8763
64,8762
97,8761
28,8760
90,8759
-9,8757
99,8756
31,8755
-47,8754
62,8753
-33,8752
-88,8751
-49,8749
52,8748
64,8747
47,8746
-95,8745
9,8744
-61,8743
86,8741
-35,8740
-16,8739
95,8738
-23,8736
-100,8735
23,8734
-14,8731
-24,8730
81,8729
-1,8728
42,8727
17,8726
32,8724
-47,8723
-42,8722
-32,8720
40,8719
74,8715
-48,8714
-56,8713
21,8712
80,8711
-10,8710
-24,8709
-94,8708
-49,8707
90,8706
-9,8705
44,8704
-75,8703
70,8702
-65,8701
95,8698
-48,8697
42,8696
41,8695
-80,8694
-82,8692
34,8691
-6,8690
48,8689
-59,8688
33,8687
-49,8686
-83,8685
-59,8684
-62,8683
31,8682
89,8681
-19,8680
33,8679
-50,8678
-84,8677
2,8674
46,8673
65,8672
51,8671
-56,8670
-88,8668
24,8667
61,8665
83,8663
53,8662
-56,8661
-61,8659
71,8658
68,8657
84,8655
78,8654
15,8653
85,8651
-49,8650
-57,8649
-2,8648
84,8647
33,8646
52,8645
-61,8644
71,8643
-45,8642
-48,8641
-65,8640
86,8636
70,8634
-9,8632
92,8631
-97,8630
49,8629
-49,8628
90,8626
2,8625
2,8624
-36,8623
45,8622
-100,8620
91,8619
19,8617
9,8616
9,8615
-62,8614
-65,8613
-55,8612
-50,8611
9,8610
96,8609
31,8608
57,8607
-93,8606
-58,8605
-4,8604
54,8603
-99,8602
40,8601
-56,8600
-98,8599
78,8598
-69,8597
-34,8595
-56,8594
-73,8593
50,8592
-25,8590
-48,8589
5,8588
38,8585
28,8583
-86,8582
-71,8581
-29,8580
-16,8579
-58,8578
43,8576
-95,8575
-37,8573
-30,8572
40,8571
68,8570
80,8569
48,8567
-97,8566
-23,8565
54,8564
-45,8563
15,8562
-3,8560
40,8557
95,8555
21,8554
36,8553
18,8551
90,8550
-95,8549
-20,8547
-83,8544
-97,8543
-19,8542
-63,8541
94,8540
-28,8539
76,8538
-53,8537
87,8536
-22,8535
-86,8534
-93,8533
92,8531
1,8530
-38,8529
23,8528
-47,8527
15,8526
38,8523
58,8519
3,8517
-17,8516
67,8514
-18,8513
4,8512
-82,8511
-98,8510
53,8509
5,8508
-11,8507
17,8506
-100,8505
-83,8504
59,8503
-4,8501
-69,8500
-53,8499
-35,8498
22,8496
93,8495
2,8494
7,8493
-55,8492
-47,8491
100,8490
-62,8489
25,8488
-79,8487
-47,8486
23,8483
-45,8481
0,8480
-81,8479
9,8478
-72,8477
80,8476
53,8475
41,8474
67,8473
42,8472
41,8471
80,8470
11,8469
-78,8467
3,8466
91,8465
47,8464
82,8463
-22,8462
-44,8459
52,8458
94,8457
-43,8455
-5,8454
35,8453
17,8452
-3,8450
-100,8449
-29,8448
33,8445
-94,8444
-54,8443
-60,8442
28,8441
-17,8440
75,8439
-40,8438
-95,8437
-31,8436
60,8434
-16,8432
96,8431
28,8429
-48,8428
2,8427
-53,8425
88,8424
-51,8422
-36,8421
37,8420
-52,8418
-32,8417
17,8416
100,8414
-90,8413
-98,8412
-47,8411
-88,8410
-48,8408
-74,8407
-47,8406
-2,8405
-61,8403
83,8402
-47,8401
-34,8400
84,8399
-39,8398
-95,8397
25,8396
9,8394
98,8393
5,8392
42,8391
-85,8390
13,8389
34,8388
-34,8387
-25,8386
98,8385
60,8384
-34,8383
77,8381
34,8379
-80,8378
-86,8377
-38,8376
79,8374
-4,8373
63,8372
42,8370
-82,8368
78,8367
91,8366
8,8364
-49,8363
68,8362
-19,8360
-25,8359
100,8358
-31,8357
52,8356
85,8354
-81,8353
-77,8352
19,8350
-95,8349
-6,8348
33,8347
54,8345
89,8344
-14,8343
77,8342
-93,8341
-24,8340
96,8339
50,8338
-69,8337
-57,8336
-44,8334
-96,8332
84,8331
0,8330
-6,8328
-72,8327
31,8326
91,8325
-43,8324
74,8323
-10,8322
55,8321
83,8319
-15,8318
-76,8317
-56,8316
-86,8315
100,8314
73,8312
-74,8310
13,8309
-95,8308
82,8307
23,8306
54,8305
-43,8304
-98,8303
63,8302
85,8300
60,8299
-84,8298
-1,8297
29,8295
81,8294
-79,8291
69,8290
-74,8289
22,8288
32,8285
52,8283
14,8282
4,8281
98,8280
-30,8279
-37,8277
80,8276
-70,8275
-26,8274
32,8273
28,8271
2,8270
33,8268
-65,8266
38,8264
-69,8263
82,8262
71,8261
-1,8258
30,8256
9,8255
-53,8254
92,8253
83,8251
-21,8250
-95,8249
15,8248
70,8247
24,8245
-97,8244
-25,8243
5,8242
27,8241
-35,8240
-48,8239
-45,8238
23,8237
-16,8236
27,8235
-58,8233
-97,8230
-43,8229
-40,8226
48,8225
32,8223
-81,8221
45,8220
-67,8219
-95,8218
65,8214
-75,8212
-55,8211
5,8210
-11,8209
37,8208
48,8205
-32,8204
-29,8203
-34,8200
66,8199
-62,8198
92,8197
51,8194
14,8193
-60,8192
-71,8191
-60,8189
46,8188
-15,8186
-46,8185
61,8184
23,8183
-8,8182
-5,8179
-26,8177
14,8176
-35,8174
-11,8173
13,8172
3,8171
-53,8170
39,8168
-21,8167
17,8166
-100,8165
-42,8163
-14,8162
25,8161
-89,8160
-2,8159
87,8158
-94,8156
61,8155
85,8154
92,8152
81,8151
-36,8150
-41,8148
14,8147
48,8145
-96,8144
-3,8143
-15,8142
-84,8141
-27,8137
-100,8136
56,8134
20,8133
-79,8131
45,8130
82,8129
15,8128
98,8127
4,8126
33,8124
-7,8123
-91,8122
31,8119
61,8118
-15,8116
97,8115
-73,8114
-30,8113
89,8112
31,8111
-12,8110
-35,8108
74,8107
75,8105
-50,8104
-94,8103
99,8102
-32,8099
-35,8098
17,8097
-1,8096
87,8095
85,8094
31,8092
67,8091
-79,8090
76,8089
71,8088
13,8087
-38,8085
-86,8084
24,8083
-31,8080
80,8078
-80,8076
40,8075
-93,8074
49,8073
-82,8072
-5,8071
-49,8069
79,8068
69,8067
-32,8066
95,8065
-8,8064
57,8063
11,8062
-49,8061
58,8060
26,8059
89,8058
28,8057
41,8055
95,8053
66,8052
-90,8051
55,8050
-73,8049
-8,8048
23,8047
-20,8044
-76,8042
-75,8041
21,8040
85,8039
-23,8038
9,8036
45,8035
9,8034
98,8033
28,8032
-66,8031
-14,8030
57,8028
69,8027
97,8026
44,8025
-94,8023
-62,8022
9,8021
-39,8020
35,8019
-92,8018
-31,8017
-1,8016
61,8015
47,8013
48,8012
5,8011
83,8010
21,8007
-33,8006
-26,8005
2,8004
60,8003
-50,8002
17,8001
2,7999
75,7998
23,7997
-64,7996
-37,7995
18,7991
-81,7988
55,7987
-19,7986
-7,7985
45,7984
-100,7982
17,7980
65,7979
48,7978
47,7977
-6,7976
22,7975
-69,7973
-51,7972
-73,7971
-42,7970
3,7969
55,7968
-74,7967
75,7965
-75,7964
-47,7963
-2,7960
-2,7959
5,7958
35,7957
-16,7956
-83,7955
34,7954
-47,7951
61,7950
4,7948
-87,7947
-56,7946
-51,7944
80,7943
-17,7942
93,7941
40,7940
33,7939
6,7938
-68,7937
61,7936
-80,7935
15,7934
86,7931
53,7928
92,7927
98,7926
-15,7925
17,7924
-70,7923
99,7921
-17,7920
66,7918
100,7917
-72,7916
-90,7915
-4,7914
62,7912
98,7911
-20,7910
-65,7909
-3,7908
-49,7907
89,7904
92,7902
93,7900
60,7899
-22,7898
-72,7897
-20,7896
-7,7893
97,7891
-67,7890
-65,7885
-43,7884
93,7883
92,7880
-64,7879
82,7876
13,7875
52,7873
26,7871
40,7870
10,7869
59,7868
90,7867
-69,7866
-10,7865
-88,7864
-73,7863
-96,7862
79,7861
56,7860
-91,7858
-33,7857
-92,7856
76,7853
81,7852
28,7851
90,7850
11,7848
-82,7847
-84,7845
-44,7843
36,7842
15,7841
59,7840
97,7837
56,7836
6,7835
94,7834
7,7833
-12,7832
84,7830
-63,7827
91,7826
17,7825
82,7824
-40,7823
-51,7820
15,7819
-51,7817
67,7816
27,7815
9,7814
-11,7812
-56,7811
-21,7809
-53,7808
61,7807
18,7806
35,7804
-82,7802
69,7801
-2,7797
66,7796
-22,7793
-22,7792
-95,7791
-52,7790
-79,7789
-27,7788
-96,7787
45,7786
40,7784
-60,7783
57,7781
-41,7779
21,7778
5,7777
-60,7776
40,7773
-89,7771
-28,7770
-80,7769
-46,7768
25,7767
26,7766
59,7765
-21,7764
40,7760
-91,7759
-62,7758
-84,7757
93,7756
-37,7755
67,7754
-55,7753
-43,7752
-60,7751
28,7749
-34,7748
43,7746
-3,7745
2,7744
-98,7742
-46,7741
57,7739
30,7735
-60,7734
-98,7733
41,7731
98,7730
42,7728
78,7727
48,7726
62,7725
-70,7724
2,7723
-52,7722
77,7721
26,7720
68,7718
-49,7717
-22,7716
27,7715
-93,7714
-84,7713
-59,7712
-42,7711
-5,7709
86,7708
87,7707
78,7706
36,7705
-51,7704
-84,7703
-85,7701
-94,7700
-20,7699
-73,7698
-80,7697
-54,7696
53,7695
83,7694
-47,7693
28,7691
-71,7690
85,7689
-40,7688
55,7686
67,7685
4,7684
100,7683
25,7682
-62,7681
40,7680
43,7679
67,7677
68,7676
-67,7675
-26,7674
-39,7673
-22,7672
64,7671
38,7670
-100,7669
-30,7667
84,7666
97,7665
39,7664
-34,7663
-37,7662
97,7661
81,7660
11,7659
-20,7657
-25,7656
4,7654
-69,7653
-10,7652
68,7651
-79,7650
1,7649
12,7648
38,7646
12,7645
-49,7644
-80,7643
57,7642
20,7641
77,7640
27,7639
5,7638
46,7637
58,7636
68,7635
-12,7634
74,7633
23,7632
-45,7631
-30,7628
32,7627
-49,7626
90,7625
-9,7624
-62,7623
9,7621
-9,7620
95,7619
17,7615
-1,7613
41,7611
-65,7610
-8,7609
-81,7606
82,7603
-5,7602
93,7601
83,7599
-20,7598
-41,7597
-76,7594
42,7593
55,7592
-89,7588
76,7586
-9,7585
48,7584
96,7583
-59,7582
-29,7577
-13,7576
-46,7575
46,7574
55,7573
9,7571
51,7570
79,7569
-26,7568
10,7566
-34,7564
5,7562
72,7561
-63,7560
86,7559
60,7558
3,7557
-34,7556
29,7554
-59,7553
46,7551
-66,7550
90,7549
-3,7548
-95,7547
-15,7546
20,7544
10,7543
-63,7542
-86,7541
70,7539
74,7538
-56,7536
77,7534
53,7533
-61,7532
3,7531
48,7530
-14,7529
91,7528
-24,7527
-50,7526
57,7525
14,7524
98,7523
54,7522
88,7520
-1,7518
44,7517
30,7516
64,7515
-36,7514
-14,7513
-72,7512
71,7511
80,7509
97,7508
49,7507
14,7504
66,7503
-65,7502
-78,7501
98,7499
13,7497
-65,7496
-14,7495
-86,7494
-46,7493
9,7492
56,7489
-100,7487
24,7486
-43,7483
-79,7482
77,7481
88,7480
-60,7479
-89,7477
-76,7476
-39,7475
-36,7474
-17,7473
74,7472
-7,7468
-12,7467
-77,7465
66,7463
-17,7462
30,7461
51,7460
-99,7459
-37,7458
19,7457
95,7456
-50,7455
66,7454
90,7453
25,7452
49,7451
-24,7450
-26,7449
-59,7448
40,7447
82,7446
-56,7445
-38,7444
48,7443
25,7441
-56,7438
-93,7437
17,7436
26,7435
-70,7434
-20,7432
44,7430
-53,7429
19,7427
-64,7426
-72,7425
82,7424
-55,7423
58,7422
5,7421
41,7420
-94,7419
-81,7418
-19,7417
88,7416
-90,7413
-80,7412
32,7411
-71,7410
-97,7406
-30,7404
60,7403
-79,7402
-18,7401
98,7400
27,7399
-56,7398
-100,7397
90,7395
-15,7394
-26,7393
-59,7391
90,7390
25,7389
87,7387
37,7386
-95,7385
94,7383
70,7381
-26,7375
-74,7373
31,7372
-61,7370
-19,7369
32,7368
-83,7367
-99,7365
-99,7363
55,7362
-52,7361
-25,7360
58,7359
81,7358
-42,7357
-66,7356
-85,7355
-27,7354
6,7352
30,7350
-82,7349
8,7348
-16,7347
34,7346
25,7345
51,7343
39,7342
25,7341
65,7340
44,7338
-57,7337
77,7335
-8,7334
-21,7332
5,7330
-68,7329
38,7328
-22,7327
99,7326
37,7325
86,7324
87,7323
-25,7321
-25,7320
-13,7319
-47,7318
-88,7317
-6,7315
30,7314
-91,7313
-64,7311
-73,7310
93,7308
-20,7307
-69,7306
-63,7304
-69,7302
-30,7301
78,7300
27,7299
22,7298
49,7297
-12,7295
-33,7294
2,7292
16,7291
66,7290
62,7289
-6,7288
-100,7287
-58,7286
71,7285
-98,7283
-51,7282
65,7280
4,7279
-57,7278
49,7275
6,7274
39,7273
99,7272
62,7269
-100,7268
-85,7265
-3,7264
-7,7262
23,7261
7,7259
6,7258
-58,7257
30,7255
-38,7252
-78,7251
-96,7249
-46,7248
77,7247
-92,7246
-54,7245
-95,7244
43,7243
70,7242
-30,7241
-74,7240
-57,7238
68,7237
-68,7236
-88,7235
81,7234
-59,7233
77,7230
-77,7229
42,7228
23,7227
4,7226
-27,7225
-80,7224
58,7223
76,7222
-25,7221
-58,7220
-69,7218
27,7217
46,7216
-83,7214
-11,7213
33,7212
37,7211
-41,7210
55,7209
-41,7208
53,7206
90,7205
40,7204
92,7203
-36,7202
-55,7201
13,7200
-22,7197
9,7196
-88,7195
-89,7192
-32,7191
-8,7190
-98,7188
-56,7186
-70,7185
91,7184
63,7183
5,7180
-89,7179
5,7178
85,7177
1,7176
-18,7174
-97,7172
-51,7171
-42,7170
34,7169
22,7168
15,7167
9,7165
28,7164
29,7163
-26,7161
6,7160
-93,7159
-93,7158
8,7154
64,7151
-32,7149
74,7148
-85,7147
69,7146
81,7145
-19,7144
-14,7142
61,7140
24,7139
-69,7136
-74,7135
59,7134
52,7131
-76,7130
97,7129
95,7128
24,7127
48,7126
-48,7125
-13,7124
-49,7122
3,7121
64,7120
-1,7119
-18,7118
-98,7117
-74,7115
-75,7114
-9,7113
-48,7111
-29,7110
-85,7109
32,7107
-13,7106
-74,7102
-94,7099
-21,7098
89,7097
24,7094
-47,7093
-65,7092
-41,7091
89,7090
-88,7089
58,7087
88,7082
-69,7081
-99,7080
-65,7079
-81,7078
93,7077
-53,7076
41,7075
64,7074
-81,7073
8,7072
-95,7071
12,7070
34,7069
59,7068
-71,7067
-96,7066
69,7065
-73,7064
46,7063
76,7062
-91,7061
66,7060
-74,7059
45,7058
-67,7057
6,7056
-93,7055
-16,7051
-54,7050
71,7049
-49,7048
45,7047
75,7046
78,7045
55,7044
-98,7043
-39,7041
18,7040
-62,7039
-15,7038
42,7037
-43,7036
-7,7035
47,7033
-1,7032
-55,7031
75,7030
-22,7028
73,7027
0,7026
-38,7025
56,7024
86,7023
-74,7022
-54,7021
57,7018
53,7017
-15,7016
55,7015
-60,7014
-42,7013
-24,7012
24,7010
44,7009
-79,7008
-65,7007
-12,7006
-57,7005
32,7003
35,7002
100,7000
-80,6999
-96,6997
43,6996
61,6995
31,6994
-30,6993
-7,6992
42,6991
-55,6990
-23,6986
24,6984
-25,6983
-83,6982
2,6980
55,6977
46,6976
55,6975
-58,6973
-31,6971
-8,6970
-12,6969
40,6967
96,6966
96,6965
-32,6964
50,6963
-40,6962
21,6961
-16,6960
-80,6959
-63,6958
-62,6955
98,6953
-42,6952
-63,6951
41,6949
57,6948
12,6947
-77,6945
56,6944
0,6943
-65,6941
75,6940
-21,6939
23,6938
-80,6937
-54,6936
72,6935
-91,6934
-48,6933
-62,6932
-1,6931
-22,6930
99,6929
-54,6928
56,6927
-94,6924
23,6922
44,6921
100,6919
-21,6918
8,6917
62,6916
86,6915
-74,6913
-76,6912
30,6910
-57,6908
68,6907
76,6906
-34,6905
35,6903
84,6902
16,6901
-63,6900
25,6898
-48,6897
14,6896
-23,6895
-42,6891
20,6890
95,6889
50,6888
-52,6887
29,6886
4,6885
-16,6884
69,6883
-28,6882
-43,6881
-98,6880
22,6877
66,6875
-77,6873
0,6872
-14,6871
-27,6868
-70,6866
-82,6865
2,6864
94,6863
47,6862
80,6861
78,6860
-41,6859
-64,6858
60,6857
60,6855
19,6854
-3,6853
-26,6852
-63,6849
-1,6848
-36,6847
-25,6846
-43,6845
-87,6844
60,6843
65,6842
62,6841
-26,6839
36,6838
9,6837
-95,6836
-24,6835
-84,6834
-17,6833
-77,6832
47,6831
-82,6830
-79,6829
16,6828
79,6827
-30,6825
-93,6823
-48,6822
-61,6819
-53,6818
86,6817
-20,6816
-49,6815
76,6813
25,6812
-41,6811
67,6810
-54,6808
-49,6807
85,6806
-19,6805
-69,6804
-27,6801
-1,6799
-64,6798
70,6797
25,6796
4,6795
-63,6794
-79,6793
64,6792
-99,6791
94,6790
60,6789
-31,6788
-34,6787
55,6786
-12,6784
-4,6783
72,6782
-72,6781
96,6780
67,6779
76,6778
52,6775
70,6774
-25,6773
-31,6771
-84,6767
-62,6766
30,6765
49,6764
-21,6763
-84,6761
34,6760
-33,6756
-97,6755
-6,6754
-55,6751
92,6750
27,6749
63,6747
-63,6746
-73,6745
40,6744
17,6743
-91,6742
15,6741
17,6740
14,6739
-32,6737
93,6736
-37,6735
-73,6733
99,6732
34,6731
9,6730
-9,6729
-73,6728
-69,6726
67,6725
54,6724
36,6723
48,6722
72,6719
-79,6717
-20,6716
-56,6715
-40,6714
-100,6713
-67,6711
45,6709
18,6708
68,6707
50,6706
99,6702
11,6701
-51,6700
-86,6698
-63,6697
43,6696
96,6695
66,6694
-24,6693
-93,6692
81,6691
45,6690
-37,6689
52,6688
87,6687
-70,6685
83,6683
-60,6682
35,6681
-33,6680
85,6679
78,6678
-96,6677
-86,6676
-16,6675
-21,6674
-94,6673
-39,6672
28,6671
-68,6669
1,6665
-85,6664
-89,6663
27,6662
-97,6661
-90,6659
34,6656
-14,6655
-10,6654
85,6653
86,6652
-30,6651
4,6650
-74,6648
-22,6647
-19,6644
16,6643
2,6642
23,6641
26,6640
-16,6638
57,6637
-68,6636
100,6635
28,6634
-97,6633
25,6630
-95,6629
-59,6628
76,6627
-95,6626
-79,6625
-50,6624
49,6623
21,6622
-83,6621
-82,6620
-60,6618
-48,6617
49,6616
-11,6615
-100,6613
22,6612
-99,6611
5,6608
22,6607
-38,6606
2,6605
66,6604
-76,6603
22,6602
51,6600
83,6598
97,6597
-29,6595
-42,6594
-40,6593
-15,6589
45,6587
-66,6583
-99,6582
-81,6581
79,6579
-56,6578
-33,6577
35,6576
64,6575
-31,6574
-57,6573
58,6571
-40,6570
43,6569
-45,6567
54,6566
28,6565
91,6561
-4,6560
80,6559
43,6558
74,6556
45,6555
-18,6553
6,6552
76,6547
-81,6545
68,6543
-15,6542
67,6541
32,6539
-24,6538
46,6536
-50,6535
91,6534
-56,6533
55,6531
-62,6530
-5,6529
2,6527
89,6523
-99,6522
-34,6521
-70,6520
-3,6519
-23,6518
91,6513
-21,6512
-57,6511
-77,6510
64,6509
50,6508
-44,6507
-30,6506
-50,6505
-39,6503
75,6502
-80,6499
86,6498
-94,6497
55,6495
45,6494
-60,6493
75,6492
-56,6491
-59,6490
42,6488
-14,6487
0,6486
39,6484
59,6483
-45,6482
7,6481
-96,6480
19,6479
-1,6477
-20,6475
72,6473
-100,6472
33,6471
1,6470
58,6469
3,6468
69,6467
72,6466
83,6464
88,6463
-10,6461
22,6460
-97,6456
-47,6455
-49,6454
81,6452
-35,6451
27,6450
79,6448
-25,6447
-9,6446
54,6444
-61,6443
46,6442
-7,6441
48,6440
-48,6439
-48,6438
42,6437
0,6434
-57,6433
-68,6431
-86,6428
-86,6426
-81,6425
-59,6424
16,6423
-92,6422
-73,6420
53,6419
-33,6418
-47,6417
-50,6415
28,6414
-60,6412
57,6411
-73,6410
-75,6409
-30,6408
-74,6405
87,6403
-98,6402
-1,6400
-68,6399
-16,6398
-27,6397
-13,6395
50,6394
-41,6392
7,6391
21,6390
1,6389
-19,6387
-65,6384
-2,6383
-63,6382
11,6381
48,6380
52,6379
-33,6378
-17,6375
-58,6374
-46,6373
-32,6372
64,6369
96,6368
64,6367
-20,6365
-8,6364
56,6362
33,6361
-86,6360
-11,6359
88,6358
-8,6357
72,6356
22,6355
46,6352
72,6351
2,6350
46,6348
45,6347
-8,6346
-74,6344
-17,6342
-24,6339
-69,6338
51,6337
-11,6335
-70,6334
20,6333
-68,6328
-46,6327
-22,6326
-88,6322
85,6320
-81,6319
-31,6318
70,6316
33,6312
-65,6311
20,6309
-12,6308
22,6305
-32,6304
-99,6303
92,6302
-65,6300
-60,6299
51,6298
50,6297
96,6296
42,6295
-21,6294
72,6293
-94,6292
-87,6291
5,6290
-91,6288
-38,6287
38,6286
100,6285
-30,6284
-35,6283
87,6281
-7,6280
52,6279
-25,6277
-12,6276
-77,6275
-16,6274
-75,6273
92,6272
29,6271
79,6270
42,6269
-54,6268
-24,6266
72,6265
-39,6264
95,6262
78,6261
12,6259
56,6258
-99,6257
-61,6256
-92,6254
93,6252
-99,6250
20,6249
70,6248
-98,6247
-74,6246
-28,6245
61,6243
-42,6242
-3,6240
-80,6239
46,6238
-64,6236
-34,6235
16,6230
-13,6228
18,6226
95,6225
34,6224
-97,6223
59,6222
-11,6221
41,6220
-4,6219
-15,6217
-11,6215
30,6214
20,6213
9,6212
-98,6211
20,6210
-89,6208
-75,6207
67,6206
82,6205
95,6204
-36,6203
98,6202
-57,6199
-68,6198
-30,6197
-3,6196
-56,6195
-65,6193
47,6190
-42,6189
62,6188
-81,6185
-22,6183
-26,6182
8,6181
14,6180
81,6179
35,6178
74,6177
-27,6176
72,6175
-32,6174
-44,6173
69,6172
72,6171
-90,6170
-8,6169
-60,6166
-98,6165
-36,6163
85,6162
100,6161
88,6160
-57,6158
-68,6157
-76,6156
-71,6155
-84,6154
-36,6151
-10,6150
4,6147
46,6146
-40,6144
82,6143
-72,6142
-75,6140
-66,6139
21,6137
17,6136
37,6135
-73,6133
34,6132
9,6131
70,6130
18,6128
-54,6127
90,6126
3,6124
22,6122
-98,6120
56,6117
-25,6116
-11,6115
32,6114
97,6113
28,6112
-25,6111
57,6110
-13,6109
18,6108
-32,6107
-38,6106
-15,6104
50,6103
-40,6102
-95,6101
-42,6100
91,6099
-61,6098
34,6097
-51,6096
62,6095
27,6094
58,6092
-9,6090
-43,6089
47,6088
-72,6087
-46,6085
-99,6084
-22,6083
76,6080
-1,6079
7,6078
39,6073
76,6072
65,6071
20,6070
-65,6069
10,6068
89,6067
-46,6066
-29,6063
-59,6062
66,6061
2,6060
70,6059
19,6058
-58,6057
-5,6056
93,6055
34,6054
-48,6050
-80,6049
-31,6048
-19,6047
88,6046
49,6045
76,6044
-33,6043
39,6042
3,6040
76,6039
-16,6038
50,6037
83,6036
94,6035
52,6034
-14,6032
-60,6031
-97,6030
7,6028
31,6025
57,6024
31,6023
22,6022
-52,6021
-84,6020
-64,6019
47,6018
-68,6017
-93,6016
-46,6013
-52,6012
39,6010
-27,6009
36,6008
-18,6007
57,6006
-81,6005
61,6001
10,6000
-62,5999
-54,5998
-57,5997
-37,5996
-34,5994
-10,5992
97,5989
100,5986
-75,5984
100,5983
23,5982
2,5981
57,5980
85,5979
100,5977
-78,5976
46,5974
97,5973
-46,5972
32,5971
84,5970
11,5969
22,5968
60,5967
12,5966
1,5965
62,5964
76,5962
-75,5960
-57,5959
68,5958
-56,5957
-91,5956
-35,5955
-75,5954
0,5953
70,5952
44,5951
24,5950
-65,5949
-72,5948
71,5947
-19,5946
-26,5945
20,5944
45,5943
63,5940
41,5939
44,5938
25,5937
9,5936
-33,5935
-22,5934
-85,5932
48,5931
24,5930
-44,5929
64,5926
59,5924
73,5923
59,5921
67,5920
-15,5918
15,5916
10,5915
53,5914
35,5913
-60,5912
-79,5911
-21,5910
-36,5907
-71,5906
-43,5905
-95,5904
99,5903
-51,5902
-59,5901
-47,5900
-69,5898
-20,5897
96,5896
-87,5894
-4,5893
-76,5892
84,5891
9,5890
-39,5888
-50,5886
6,5885
-41,5884
20,5881
40,5879
5,5878
2,5876
55,5874
53,5873
-69,5872
8,5871
-10,5869
46,5866
63,5865
4,5864
30,5861
-92,5859
63,5857
-8,5855
-38,5854
-63,5853
-98,5852
-59,5851
40,5849
-8,5848
-80,5847
-4,5843
37,5842
42,5839
54,5838
61,5837
-28,5836
75,5834
26,5833
44,5832
-6,5829
61,5828
27,5826
-32,5825
26,5824
-45,5823
-1,5822
-14,5821
-57,5820
-45,5819
-29,5817
53,5816
51,5814
-89,5813
-93,5811
4,5810
21,5809
-45,5808
-99,5807
1,5806
-86,5805
96,5804
73,5802
55,5799
-20,5798
70,5797
-72,5795
-95,5794
29,5792
95,5791
55,5788
-16,5786
2,5785
89,5783
5,5781
-62,5780
97,5779
59,5777
87,5776
52,5775
-92,5774
-68,5773
-40,5772
-38,5771
46,5769
2,5768
73,5766
-83,5765
31,5764
-90,5762
-34,5761
65,5760
-18,5758
62,5756
20,5754
-83,5752
50,5751
-21,5750
71,5749
72,5748
-68,5746
-55,5745
-20,5743
97,5740
-72,5739
-55,5738
60,5737
-42,5736
10,5735
-29,5734
14,5733
5,5732
72,5730
-87,5729
-36,5728
61,5727
-91,5725
-57,5724
90,5723
28,5722
-36,5721
17,5719
69,5717
60,5716
-23,5714
62,5713
-34,5712
-16,5711
-14,5710
-15,5709
-29,5708
-98,5707
-6,5706
38,5705
68,5704
-72,5702
19,5699
45,5698
96,5697
-13,5696
52,5695
4,5694
-91,5693
-38,5692
73,5690
18,5689
-65,5688
85,5687
10,5686
83,5685
26,5684
-41,5683
-48,5682
74,5681
-38,5679
-19,5678
68,5677
-24,5676
-100,5675
43,5674
-32,5673
-87,5672
-25,5671
0,5670
26,5669
25,5668
-43,5666
20,5665
-86,5663
-5,5662
-66,5660
-6,5658
40,5657
-93,5656
1,5654
37,5653
-75,5652
-73,5650
11,5649
-93,5648
-53,5647
-3,5646
21,5645
8,5644
79,5643
-4,5642
-21,5641
18,5640
77,5639
89,5638
-80,5636
98,5635
-10,5634
-26,5632
32,5627
69,5626
25,5624
-63,5623
81,5622
80,5620
-17,5619
8,5618
-73,5617
64,5615
-75,5614
-56,5613
34,5611
-48,5610
5,5609
-47,5607
96,5606
56,5605
76,5604
6,5603
75,5601
-17,5599
-44,5598
24,5597
-23,5595
-28,5594
45,5593
39,5592
-54,5591
-60,5590
-74,5589
-17,5588
-96,5582
76,5581
-69,5580
31,5577
-58,5574
49,5573
22,5572
6,5571
-34,5570
4,5569
-32,5566
69,5562
78,5561
66,5560
18,5558
-35,5556
-31,5555
91,5554
-94,5552
-80,5551
-28,5550
-82,5549
56,5548
-33,5547
-76,5546
23,5543
-86,5541
-59,5540
13,5538
-92,5537
59,5536
-94,5535
-19,5534
-93,5533
63,5532
-39,5531
13,5529
26,5528
-57,5527
-89,5525
40,5523
-23,5522
-49,5521
40,5520
-61,5519
-13,5518
3,5517
-72,5515
32,5514
-98,5511
-49,5510
-49,5509
-67,5508
39,5507
-54,5506
58,5505
-96,5502
-51,5500
-43,5499
57,5497
86,5496
-97,5495
22,5494
99,5492
90,5491
5,5490
-28,5488
75,5487
0,5486
-100,5485
19,5484
-14,5482
10,5481
22,5480
-1,5478
87,5476
74,5475
79,5473
98,5472
-33,5470
-40,5469
64,5468
-25,5466
-32,5465
84,5463
-75,5462
-53,5461
-30,5460
66,5459
86,5458
59,5457
-64,5455
-92,5454
-2,5451
48,5450
60,5448
68,5447
-26,5445
76,5444
-94,5441
-28,5439
64,5438
18,5436
48,5435
72,5434
52,5432
-39,5431
-95,5430
-16,5429
85,5426
-80,5425
-23,5424
88,5423
37,5422
99,5421
-36,5420
92,5419
-12,5418
8,5417
40,5415
-76,5414
-22,5413
-71,5412
88,5411
-7,5410
51,5407
-20,5405
22,5404
13,5403
-43,5402
-62,5401
67,5400
-1,5399
-48,5398
70,5397
-99,5396
95,5395
-80,5394
84,5393
0,5392
-50,5391
76,5390
-52,5389
-4,5387
-27,5386
-83,5385
-50,5384
16,5383
99,5382
50,5380
64,5379
-3,5377
97,5374
-22,5373
81,5371
88,5364
54,5363
-86,5361
69,5359
-28,5358
79,5357
-57,5356
67,5355
-89,5352
43,5351
-57,5350
63,5349
-71,5348
63,5347
87,5345
-72,5344
15,5343
1,5342
15,5341
85,5340
49,5339
18,5337
36,5336
24,5335
17,5333
14,5332
3,5331
-40,5328
69,5326
85,5324
-91,5323
-37,5322
81,5321
-83,5320
-9,5319
64,5318
-60,5317
-94,5316
90,5315
43,5314
0,5313
-22,5311
47,5310
75,5309
-14,5308
-68,5307
28,5306
-55,5305
0,5304
19,5303
49,5302
90,5301
81,5298
32,5297
-61,5296
-27,5294
34,5291
-31,5290
-49,5289
46,5287
18,5285
-84,5284
11,5283
33,5282
-53,5281
-96,5280
87,5279
100,5275
91,5274
-45,5272
76,5271
-83,5263
39,5262
8,5260
-60,5259
75,5258
-82,5257
-20,5255
-13,5253
-36,5252
-86,5251
-57,5250
25,5249
71,5248
43,5246
-90,5245
-99,5244
-24,5243
-42,5242
5,5239
59,5238
-89,5237
-95,5236
-24,5235
-6,5234
-14,5233
-16,5231
95,5230
-19,5229
20,5228
10,5227
8,5226
43,5224
-31,5223
-71,5222
-61,5220
31,5219
-20,5216
82,5214
78,5213
54,5212
33,5209
32,5208
-49,5206
79,5205
-81,5204
38,5202
59,5200
-45,5199
-30,5196
-63,5195
38,5194
-13,5193
-38,5192
24,5191
27,5189
-98,5188
-84,5187
-99,5185
-96,5184
-26,5182
53,5181
99,5180
65,5179
47,5178
-87,5176
-61,5175
62,5173
100,5172
78,5171
99,5170
-77,5169
-59,5168
65,5166
47,5165
94,5164
0,5163
92,5162
-76,5161
-5,5160
9,5157
-4,5155
-71,5153
28,5152
-1,5151
85,5150
-78,5149
-70,5148
49,5147
-80,5146
-27,5145
62,5144
7,5143
-98,5142
-52,5141
-24,5140
-80,5138
-72,5136
-25,5135
35,5134
-30,5132
18,5131
-89,5130
-4,5129
92,5128
-92,5127
16,5124
10,5123
24,5121
65,5120
30,5118
3,5117
-3,5115
-59,5114
67,5113
93,5109
-44,5108
-29,5107
-27,5106
83,5105
-58,5104
-14,5103
-35,5101
77,5100
-40,5099
18,5097
-86,5096
59,5095
87,5094
-22,5090
-58,5088
65,5087
60,5086
75,5085
61,5084
-18,5083
-40,5082
-22,5080
45,5079
49,5078
-79,5077
-62,5075
-44,5073
3,5072
67,5070
-45,5067
14,5066
36,5065
-46,5064
65,5063
86,5062
59,5060
70,5059
-37,5058
-96,5057
95,5056
-67,5053
39,5052
72,5051
-80,5050
11,5049
-60,5048
80,5047
-35,5046
20,5045
100,5044
55,5042
48,5041
36,5038
-8,5037
41,5036
-68,5034
-83,5033
24,5032
-47,5031
-57,5030
80,5029
-16,5028
-66,5027
-64,5026
81,5025
-60,5024
-9,5023
12,5021
-79,5020
16,5019
-10,5018
-93,5016
53,5015
-20,5014
-34,5013
84,5012
60,5011
98,5010
4,5009
-38,5008
100,5007
-24,5006
70,5005
39,5003
-30,5002
-10,5001
22,5000
-6,4999
17,4998
85,4996
-77,4995
32,4991
73,4989
73,4988
-92,4987
-13,4986
-9,4985
7,4984
-7,4982
91,4981
-29,4980
61,4979
66,4978
33,4977
-71,4975
38,4973
-8,4970
-8,4969
55,4968
92,4966
7,4965
-15,4964
-90,4962
95,4960
-59,4959
48,4958
78,4957
99,4956
99,4955
22,4954
-94,4952
-31,4951
-94,4948
40,4947
-32,4945
45,4944
-9,4943
-20,4942
66,4941
74,4939
-45,4937
96,4936
-49,4934
-30,4933
-85,4932
68,4931
-22,4930
-72,4929
-46,4927
-91,4926
65,4925
-11,4923
79,4922
-67,4921
-35,4920
19,4919
-74,4918
86,4917
48,4916
80,4915
-19,4914
-72,4911
-39,4906
2,4904
-98,4903
-49,4901
-3,4900
-23,4899
-48,4898
-60,4897
-30,4896
-43,4895
-92,4893
-100,4889
76,4886
57,4885
-30,4883
-29,4882
-18,4880
95,4878
-17,4877
5,4876
-48,4875
-5,4874
-75,4873
19,4872
29,4871
-28,4870
42,4868
79,4867
-42,4866
-11,4864
-72,4863
98,4862
26,4861
-80,4860
70,4859
-32,4858
-23,4857
47,4856
5,4854
86,4853
12,4852
-97,4851
-46,4850
72,4849
-25,4848
45,4846
63,4844
-49,4843
-18,4842
-23,4841
65,4840
-75,4838
99,4837
-38,4836
22,4835
3,4833
94,4832
72,4830
92,4829
37,4826
6,4824
92,4823
-41,4822
53,4821
31,4820
58,4819
-52,4818
-52,4817
92,4816
-34,4812
-55,4810
94,4808
-80,4807
99,4806
-63,4805
14,4804
-51,4803
-70,4802
-11,4801
79,4799
-25,4798
-36,4797
13,4796
-54,4795
-52,4794
63,4793
-90,4792
-75,4789
83,4787
-36,4785
38,4784
2,4783
95,4781
-69,4779
38,4778
-85,4777
11,4776
19,4775
-19,4774
76,4773
-1,4772
-87,4771
-63,4769
-17,4767
33,4765
28,4764
-30,4762
31,4761
-78,4759
78,4758
-68,4757
-44,4756
-52,4755
-89,4754
33,4753
-18,4752
5,4751
-86,4750
-26,4749
-96,4748
19,4746
76,4745
95,4744
64,4743
87,4742
68,4741
-70,4740
-21,4738
28,4737
66,4736
-68,4735
-51,4734
50,4732
-96,4731
33,4730
20,4729
-78,4728
73,4727
79,4726
-85,4725
-61,4724
63,4723
-44,4722
-83,4720
25,4718
-86,4717
53,4716
-48,4715
36,4714
-46,4713
-35,4712
-57,4711
18,4710
-84,4709
-61,4707
-91,4703
-62,4702
-69,4701
-2,4700
-20,4698
-56,4697
85,4696
-92,4695
-100,4693
92,4692
-96,4688
-7,4686
-90,4685
50,4684
94,4683
25,4682
-78,4681
82,4680
-48,4679
-26,4677
-97,4676
69,4675
100,4674
39,4673
77,4671
-94,4670
97,4669
-40,4668
-66,4667
2,4666
-78,4665
85,4664
77,4663
55,4662
-63,4661
-95,4660
-8,4659
20,4658
-68,4657
-87,4656
7,4654
-82,4653
-99,4651
30,4650
66,4647
20,4646
-42,4645
-32,4644
20,4641
14,4640
39,4639
-96,4636
-25,4635
90,4634
-80,4633
78,4632
-98,4631
98,4630
-52,4629
-91,4628
-59,4627
40,4626
-26,4625
83,4624
-66,4622
-27,4621
-19,4620
-18,4619
-92,4618
41,4617
-68,4616
71,4615
-28,4614
-75,4613
33,4610
-56,4609
-61,4608
33,4607
-28,4606
90,4605
-11,4601
-8,4600
-75,4599
-75,4598
-46,4596
-45,4595
-25,4594
73,4593
11,4592
-34,4591
22,4590
-16,4588
83,4586
-25,4584
-58,4583
74,4582
22,4581
-87,4580
-34,4579
58,4578
41,4577
6,4576
-93,4575
-41,4574
-13,4573
65,4571
-14,4570
-68,4569
-67,4568
-63,4567
-17,4566
57,4565
-36,4564
-62,4563
-68,4562
-48,4561
90,4560
3,4558
-64,4557
-43,4554
-42,4553
-40,4551
-9,4550
-28,4549
-92,4548
-66,4547
63,4546
88,4544
-36,4543
26,4541
-62,4540
28,4539
35,4538
-70,4536
79,4535
76,4533
-92,4531
-33,4529
63,4528
98,4526
-35,4524
4,4522
0,4521
-81,4516
94,4515
-41,4513
-99,4512
-84,4511
-23,4510
-62,4509
-85,4507
-71,4506
61,4505
90,4504
-90,4502
-100,4499
46,4498
0,4496
-76,4494
-37,4493
50,4492
-86,4491
-18,4490
35,4488
-41,4486
58,4485
-40,4483
82,4482
-2,4481
98,4480
1,4478
2,4477
-44,4476
-79,4475
-52,4473
-72,4472
-10,4471
-99,4470
95,4469
98,4467
-91,4465
-72,4464
42,4462
33,4460
-76,4458
-35,4457
52,4456
-61,4455
35,4454
-16,4453
19,4452
70,4451
60,4450
-89,4449
88,4448
86,4447
-36,4446
48,4445
-28,4444
-94,4443
-58,4442
-37,4441
-20,4440
-68,4439
-34,4438
-25,4437
-80,4435
90,4432
57,4431
30,4430
67,4429
75,4426
81,4423
-99,4422
-25,4421
3,4420
-62,4419
56,4418
91,4417
-82,4414
-94,4413
52,4412
-14,4411
10,4410
43,4408
100,4407
-18,4406
63,4405
45,4404
35,4403
4,4401
-80,4398
18,4397
-51,4396
-5,4395
-52,4394
94,4393
99,4392
83,4391
53,4387
1,4386
54,4384
27,4383
86,4382
94,4381
35,4380
8,4379
-96,4377
-88,4376
-77,4375
93,4373
-48,4370
51,4367
13,4365
-44,4363
-41,4362
-73,4360
62,4359
18,4354
-99,4353
60,4352
82,4351
0,4350
75,4347
80,4345
-77,4344
-29,4343
30,4342
-70,4341
-90,4340
-83,4339
64,4338
-54,4336
-46,4334
47,4333
-4,4332
2,4331
-63,4330
67,4329
4,4326
-57,4325
100,4324
97,4322
-54,4320
11,4319
42,4317
83,4316
-63,4315
-34,4314
35,4313
25,4312
-66,4311
21,4310
87,4309
-51,4308
-8,4307
37,4306
-84,4305
82,4303
-47,4302
25,4300
-31,4299
62,4298
-85,4296
-95,4294
-8,4293
94,4292
21,4288
-39,4286
56,4285
-11,4284
-8,4283
-92,4282
-74,4281
94,4279
8,4278
-8,4276
66,4275
73,4274
31,4273
-5,4272
95,4270
44,4269
95,4268
98,4265
14,4264
-7,4263
-61,4262
-80,4261
-10,4260
61,4259
42,4258
-69,4257
53,4256
6,4255
-19,4254
-56,4253
0,4252
-9,4251
4,4250
-13,4249
67,4248
89,4247
90,4246
86,4244
58,4241
100,4240
69,4239
-54,4238
-99,4236
-91,4235
-55,4234
-32,4233
-33,4229
88,4228
-10,4226
-9,4224
59,4223
-81,4222
36,4220
-38,4219
-51,4218
39,4216
37,4215
48,4214
97,4213
-96,4212
-11,4210
-33,4209
80,4208
-10,4207
-25,4204
76,4203
-84,4202
-52,4201
86,4200
-58,4199
-68,4198
-79,4197
-56,4196
-60,4195
-9,4193
74,4190
-48,4189
78,4188
1,4187
0,4186
23,4185
84,4183
-100,4180
61,4178
-94,4176
-23,4175
39,4174
-22,4173
62,4171
-95,4170
-88,4166
-83,4165
13,4162
-17,4161
83,4160
-41,4159
80,4158
-30,4157
-87,4156
-86,4154
0,4153
72,4152
-5,4151
-76,4149
26,4147
-91,4146
-94,4145
65,4144
-90,4142
32,4139
53,4137
-29,4135
67,4134
25,4133
98,4132
66,4130
-73,4128
47,4127
-30,4126
-69,4125
-79,4123
-89,4122
70,4121
75,4120
-89,4119
35,4117
48,4116
45,4115
-46,4114
47,4112
-43,4111
-38,4110
-25,4109
-26,4107
99,4106
21,4105
-56,4104
-18,4103
-54,4102
-70,4101
-7,4100
80,4099
-43,4097
-83,4096
-77,4095
-99,4094
45,4093
29,4091
46,4089
70,4087
48,4086
72,4084
75,4083
98,4082
54,4081
-26,4079
99,4078
35,4076
52,4075
77,4074
27,4073
-77,4072
86,4071
-68,4070
-20,4069
46,4068
38,4067
5,4066
30,4065
42,4063
6,4061
35,4059
63,4058
-57,4057
-19,4056
-11,4055
0,4054
7,4053
-56,4051
95,4050
19,4049
-64,4048
-10,4047
62,4046
-49,4045
30,4044
-6,4043
-44,4041
-65,4040
81,4039
71,4038
-11,4037
15,4036
-46,4035
99,4032
1,4031
93,4030
-60,4029
59,4027
69,4026
-58,4024
-19,4023
18,4022
-48,4021
50,4019
28,4018
85,4017
-59,4015
-77,4014
-100,4013
19,4012
31,4011
72,4010
-96,4009
-81,4008
-95,4007
-98,4006
-51,4005
65,4004
-67,4002
-2,4001
64,3999
-4,3998
14,3997
-57,3993
-86,3992
21,3990
-88,3989
35,3988
81,3987
-69,3986
-39,3985
36,3984
54,3982
67,3979
54,3975
18,3973
98,3971
23,3970
31,3969
21,3968
15,3966
-5,3965
-18,3964
39,3962
50,3960
18,3959
91,3957
-50,3956
-99,3954
-91,3953
2,3952
-28,3951
58,3950
88,3949
100,3947
84,3946
-86,3945
-71,3943
-23,3940
-49,3939
-40,3938
-26,3931
-19,3930
-18,3929
-27,3927
-77,3926
-91,3925
-28,3920
-81,3919
91,3918
61,3916
-35,3915
51,3914
93,3913
93,3911
-59,3909
4,3908
-52,3907
-35,3905
93,3904
79,3901
3,3900
47,3899
-12,3896
88,3894
-65,3891
-97,3889
-48,3888
65,3886
-5,3885
-76,3884
34,3883
34,3882
15,3881
-35,3880
42,3879
42,3878
-65,3877
-80,3876
-14,3874
-74,3872
63,3870
89,3869
72,3868
25,3867
-75,3866
-99,3865
-83,3864
-28,3861
-77,3860
-10,3859
38,3856
61,3855
-43,3854
54,3853
-85,3852
12,3851
58,3849
7,3846
-36,3840
22,3839
98,3838
61,3837
34,3834
4,3833
50,3831
91,3826
76,3825
57,3824
-52,3821
81,3820
2,3819
-46,3818
60,3817
23,3815
-30,3813
-17,3811
8,3808
76,3807
-30,3806
53,3805
-61,3804
41,3803
71,3802
-80,3801
-34,3799
-98,3798
96,3797
71,3796
45,3795
77,3794
-32,3792
84,3791
-93,3789
45,3788
-86,3787
-71,3786
23,3785
-10,3784
-65,3783
-37,3782
100,3781
-93,3780
92,3779
-19,3777
-41,3776
96,3775
-95,3772
-96,3771
32,3770
11,3769
-46,3768
-44,3767
-79,3766
-7,3764
42,3763
-51,3761
-54,3760
-21,3759
36,3758
-74,3757
-79,3756
-47,3755
-32,3753
78,3752
-38,3750
36,3749
-86,3747
67,3746
-76,3744
-18,3743
6,3742
-33,3740
51,3739
-17,3736
-12,3735
81,3734
4,3733
56,3732
-16,3731
-1,3730
33,3729
-2,3727
53,3725
11,3724
32,3722
-64,3721
-67,3719
-15,3717
3,3715
-99,3714
86,3713
45,3712
41,3710
61,3709
-59,3707
-58,3706
-32,3703
89,3702
-4,3700
-88,3698
-13,3697
22,3695
-1,3692
52,3691
-50,3690
-93,3689
78,3686
-35,3684
92,3683
-55,3681
-66,3680
-98,3679
22,3678
77,3677
-39,3676
32,3675
-55,3674
-55,3673
36,3672
-74,3671
-26,3670
19,3668
60,3667
-26,3666
78,3662
10,3661
60,3660
10,3659
46,3658
-56,3657
22,3656
68,3655
42,3654
-53,3653
-63,3650
-62,3649
-57,3648
54,3647
-69,3646
-47,3643
-28,3640
-49,3639
-8,3636
56,3634
20,3633
73,3632
51,3631
-33,3630
39,3629
-35,3627
54,3626
42,3624
66,3623
98,3622
27,3620
24,3619
23,3618
32,3617
-24,3614
-31,3613
91,3612
16,3611
71,3610
-94,3609
-25,3606
-72,3603
86,3601
-70,3600
51,3599
-6,3597
55,3596
97,3594
-54,3593
98,3591
-79,3590
-17,3589
-70,3588
31,3587
99,3586
39,3585
46,3583
-41,3581
-20,3580
2,3579
0,3576
-58,3575
-81,3574
44,3573
-51,3572
18,3570
4,3569
88,3568
41,3567
-45,3566
-78,3565
15,3564
-18,3563
-7,3562
59,3561
-74,3560
-8,3559
74,3558
-42,3557
-78,3556
-80,3555
-23,3552
18,3550
59,3549
1,3548
-19,3547
-89,3545
-44,3544
39,3543
-75,3542
4,3539
12,3537
35,3536
12,3535
5,3534
-25,3533
-1,3532
69,3531
5,3530
-35,3529
-74,3526
8,3524
33,3523
-44,3522
-95,3521
50,3520
-45,3519
-52,3518
-47,3516
37,3515
42,3514
31,3513
-88,3512
55,3511
-49,3507
70,3506
44,3505
39,3504
-5,3502
35,3501
-65,3499
-80,3497
94,3496
66,3495
65,3494
-26,3493
11,3492
-80,3490
-51,3489
-41,3488
21,3487
-16,3486
79,3485
20,3484
14,3482
-58,3480
18,3479
-61,3478
60,3477
83,3476
-72,3475
61,3474
-38,3473
12,3472
-18,3471
-87,3470
8,3469
-32,3468
26,3467
49,3466
-17,3463
-1,3462
53,3461
-83,3460
81,3459
38,3458
-6,3457
-43,3455
-32,3454
-37,3453
23,3452
-49,3450
-47,3449
-47,3448
36,3446
-11,3445
78,3443
38,3442
1,3441
-23,3440
8,3439
-39,3438
19,3437
16,3436
-9,3434
61,3433
-68,3432
-36,3431
-75,3430
67,3429
36,3424
-35,3423
7,3422
-46,3420
71,3418
-30,3417
92,3416
-38,3415
58,3412
90,3411
-44,3410
-29,3409
22,3408
-54,3407
-80,3405
49,3403
42,3402
71,3401
77,3400
95,3399
85,3397
28,3396
73,3395
0,3394
-12,3393
45,3391
-17,3390
-89,3389
4,3388
4,3387
40,3384
54,3383
49,3382
-13,3381
-38,3380
-60,3378
8,3376
19,3374
-24,3373
51,3372
-57,3371
-64,3366
-64,3365
45,3363
-1,3361
49,3360
22,3359
45,3358
-4,3355
55,3354
76,3353
41,3352
-18,3351
-51,3347
-77,3346
22,3344
93,3343
23,3342
-49,3340
-88,3339
-49,3338
-92,3337
46,3336
-58,3335
-48,3334
18,3333
18,3332
75,3331
16,3330
-77,3329
-96,3327
-80,3326
-99,3324
56,3321
-67,3320
-12,3318
34,3317
-21,3316
41,3314
42,3313
-39,3310
-20,3309
46,3307
-29,3306
-47,3302
-57,3299
-36,3297
-52,3296
-97,3293
-76,3292
-15,3291
91,3289
-40,3288
25,3287
92,3286
64,3285
25,3283
69,3282
9,3281
99,3279
25,3278
-57,3277
-25,3276
-75,3274
-45,3272
-10,3271
-41,3270
-23,3269
63,3267
79,3265
93,3264
-21,3263
68,3262
-43,3261
71,3259
-31,3258
-41,3256
-74,3255
-82,3254
22,3253
-97,3250
5,3248
99,3247
-92,3246
14,3245
-3,3244
73,3242
26,3241
83,3238
-3,3237
-74,3236
-2,3234
-69,3233
58,3232
56,3231
73,3229
-98,3228
24,3227
33,3226
77,3225
51,3224
91,3223
46,3221
-69,3219
31,3218
-7,3217
-33,3216
46,3215
67,3214
-62,3212
-39,3211
-87,3209
-31,3208
65,3206
-58,3205
30,3204
-21,3203
-21,3202
28,3199
71,3197
-54,3196
42,3195
74,3194
-80,3192
45,3190
42,3186
0,3185
76,3184
85,3183
98,3181
-7,3180
-12,3179
35,3178
-44,3177
-74,3176
52,3175
43,3174
-8,3173
-54,3172
-23,3169
-73,3168
24,3166
-74,3164
32,3161
45,3160
-81,3159
1,3156
51,3154
-8,3153
-4,3151
-49,3150
59,3149
85,3145
-14,3144
48,3143
78,3142
-82,3141
-22,3140
-54,3139
-44,3137
-69,3136
28,3134
-7,3132
10,3129
-44,3126
56,3125
-52,3123
-37,3122
56,3121
-9,3119
-95,3118
-2,3117
-65,3115
16,3114
-48,3113
7,3112
-96,3111
-68,3108
8,3107
94,3106
1,3105
13,3102
9,3101
66,3100
-42,3099
-77,3098
26,3097
-39,3096
-55,3095
-56,3094
59,3092
14,3090
79,3089
42,3088
17,3087
35,3086
-37,3084
-31,3083
74,3082
98,3081
-96,3079
74,3078
-40,3075
2,3074
-3,3073
-70,3072
-21,3071
48,3070
5,3069
68,3068
-68,3067
-68,3066
47,3065
-36,3063
-84,3061
-9,3059
-22,3058
-8,3057
-15,3056
-81,3055
7,3054
50,3053
59,3052
76,3051
36,3050
21,3049
-36,3048
51,3047
76,3045
-88,3044
-57,3043
-11,3042
85,3041
-68,3039
-90,3038
-75,3037
83,3036
-38,3035
-85,3034
-21,3033
63,3032
78,3030
57,3026
91,3025
-86,3024
-25,3022
-7,3021
98,3019
62,3017
52,3016
-81,3012
-33,3011
21,3010
-5,3009
-2,3008
38,3007
-82,3006
74,3005
-12,3004
98,3003
41,3002
44,3001
-52,3000
23,2997
13,2996
-46,2995
41,2994
40,2993
89,2992
-69,2991
-77,2990
87,2988
-80,2986
-9,2984
-85,2982
16,2981
98,2980
-86,2979
31,2978
82,2977
-96,2976
-1,2974
-65,2973
96,2972
-12,2970
10,2969
-45,2968
16,2967
-79,2965
-78,2964
74,2961
76,2960
-47,2959
-59,2958
-31,2956
-65,2955
81,2954
10,2953
-94,2952
67,2951
3,2950
57,2949
-62,2948
6,2947
-79,2944
-99,2943
-18,2942
-22,2941
-25,2940
-16,2939
48,2938
51,2937
-12,2936
11,2935
-44,2934
-24,2931
29,2930
-10,2929
-23,2927
-22,2926
13,2925
-46,2924
-82,2923
96,2922
-7,2921
-1,2920
90,2919
-43,2918
-80,2917
90,2916
-90,2915
-85,2913
69,2911
-54,2910
28,2908
-99,2907
-40,2904
-5,2903
-80,2902
-40,2901
-74,2900
-69,2899
-28,2898
-97,2897
-7,2896
-64,2893
81,2892
-12,2890
89,2889
13,2888
-13,2885
-74,2884
75,2883
69,2882
1,2881
-14,2880
-57,2878
-79,2877
46,2876
-96,2875
-61,2872
-90,2871
30,2869
24,2868
56,2867
-82,2866
-75,2864
18,2862
-13,2861
-38,2860
76,2859
24,2858
-49,2857
-66,2856
37,2855
-81,2854
-62,2853
21,2851
-57,2850
-78,2849
-9,2848
-46,2847
19,2846
34,2845
-51,2844
-5,2843
-49,2842
-81,2841
-23,2840
-7,2838
-2,2837
-87,2836
-31,2835
14,2834
-54,2833
-99,2830
77,2828
89,2827
0,2826
5,2825
59,2823
-5,2822
31,2821
-76,2820
82,2819
-31,2818
9,2817
79,2816
64,2815
-53,2813
39,2812
-73,2810
-85,2809
79,2808
-5,2807
19,2805
59,2804
-91,2803
19,2802
-98,2798
-21,2797
-39,2796
-95,2795
12,2793
18,2792
-12,2791
-4,2788
59,2787
-90,2786
5,2785
-86,2784
-69,2782
-84,2781
88,2780
65,2778
14,2777
-61,2776
-57,2775
53,2773
23,2771
-77,2768
11,2766
-87,2765
-92,2764
24,2763
-66,2762
6,2761
-39,2759
-46,2758
-82,2757
8,2756
-100,2755
59,2752
63,2750
18,2748
42,2747
-74,2746
-69,2744
-2,2743
15,2742
84,2741
43,2740
-99,2739
19,2737
-58,2735
65,2734
-5,2731
-64,2729
2,2728
-96,2727
-36,2724
-12,2723
5,2720
-40,2719
-41,2718
23,2717
-38,2715
39,2714
54,2712
-20,2711
27,2710
-83,2709
-94,2708
4,2706
71,2705
-79,2702
24,2701
30,2700
59,2699
-32,2698
-64,2695
92,2694
71,2693
98,2692
9,2690
0,2689
-9,2688
68,2686
52,2683
-18,2680
-35,2677
-15,2676
-84,2674
6,2673
90,2672
9,2671
79,2670
67,2669
2,2668
-100,2667
82,2666
-88,2664
-32,2663
-53,2662
64,2661
23,2660
41,2659
-35,2658
8,2654
-38,2653
-68,2652
-19,2651
27,2650
3,2649
7,2647
58,2646
-45,2644
-36,2643
-14,2641
-81,2640
5,2639
19,2638
-86,2637
-94,2635
6,2633
-48,2632
-90,2631
-40,2630
46,2629
25,2628
-81,2627
12,2626
63,2625
-36,2624
97,2623
28,2620
-1,2619
-58,2617
-53,2616
31,2615
77,2614
34,2613
-85,2612
-18,2611
43,2610
62,2609
86,2608
-77,2607
-1,2606
-31,2605
78,2601
-25,2600
82,2599
74,2598
-86,2597
3,2596
97,2595
-68,2594
-48,2593
83,2592
62,2589
46,2588
-78,2587
-52,2582
1,2581
-37,2580
-86,2578
21,2577
81,2576
85,2575
66,2574
69,2573
-75,2572
-24,2571
59,2570
55,2569
43,2568
100,2567
-36,2566
63,2565
10,2564
43,2563
90,2562
-37,2561
-63,2560
-73,2559
-73,2558
77,2557
-62,2556
-2,2553
7,2552
-3,2547
74,2546
13,2543
81,2542
-1,2541
-13,2540
-44,2538
-79,2537
61,2536
89,2535
-96,2534
32,2531
24,2530
-11,2527
81,2526
54,2525
-50,2524
-64,2523
-38,2521
-98,2520
21,2519
-73,2518
-77,2517
44,2516
-36,2515
22,2514
-33,2513
-53,2512
-57,2510
34,2509
48,2508
-35,2507
95,2506
58,2505
-94,2503
52,2502
22,2501
73,2499
-91,2497
8,2496
26,2493
-81,2492
8,2491
-3,2487
-51,2486
17,2485
-55,2484
-41,2482
-12,2481
-79,2479
36,2475
-55,2474
-7,2473
45,2472
-95,2471
-97,2470
-52,2469
-58,2468
-86,2467
31,2466
-57,2464
3,2462
-65,2460
-82,2458
66,2457
89,2456
-98,2454
10,2453
11,2452
72,2451
81,2450
-22,2449
33,2448
-78,2447
95,2446
-30,2445
-36,2443
72,2441
35,2440
19,2438
91,2436
72,2435
-25,2434
65,2432
56,2429
62,2428
0,2427
52,2425
-78,2424
61,2423
-98,2422
-80,2420
85,2419
99,2418
99,2417
-35,2416
19,2415
-8,2414
7,2413
29,2412
-95,2411
-70,2409
57,2408
-66,2407
62,2406
39,2405
-20,2404
0,2403
41,2402
49,2400
-68,2399
88,2397
52,2396
14,2395
-21,2394
31,2391
86,2390
-31,2388
-45,2387
-21,2386
-82,2385
-94,2384
-79,2383
48,2382
-61,2381
-3,2380
44,2378
43,2377
-70,2373
79,2371
66,2370
-100,2369
78,2368
77,2366
-15,2365
-69,2364
31,2363
13,2362
22,2361
97,2360
47,2359
4,2358
-29,2357
-66,2356
50,2354
69,2353
44,2352
-67,2351
49,2350
44,2349
84,2347
-12,2345
41,2344
-25,2342
-39,2341
59,2339
25,2338
64,2336
16,2335
-22,2333
-5,2332
-49,2331
-79,2330
-9,2329
-95,2327
-91,2326
-14,2324
34,2323
38,2322
-88,2320
54,2319
-15,2318
-35,2316
82,2314
-80,2311
100,2305
-81,2304
69,2303
-53,2302
9,2301
-48,2300
-33,2299
38,2298
58,2297
14,2296
-79,2294
50,2293
-41,2292
24,2291
67,2290
76,2289
-79,2288
20,2287
-74,2286
10,2284
71,2283
-44,2281
47,2279
69,2278
-60,2277
66,2275
27,2274
54,2271
-7,2270
7,2269
38,2266
-3,2264
63,2263
-39,2262
-87,2261
-28,2260
-45,2259
45,2258
-10,2255
-96,2254
94,2253
35,2252
-60,2251
-88,2250
15,2249
27,2246
-91,2245
-83,2243
86,2242
34,2241
58,2240
49,2239
35,2237
-15,2236
-81,2235
-2,2234
-98,2231
-91,2230
20,2229
36,2228
47,2226
-81,2225
-76,2224
-61,2223
-5,2222
-4,2221
21,2220
6,2218
-36,2217
-35,2216
-53,2215
-23,2214
-68,2213
-86,2212
60,2211
40,2210
-6,2208
-67,2207
-71,2206
31,2205
1,2204
-35,2203
-82,2202
-86,2201
-16,2200
77,2199
-35,2198
100,2197
80,2195
-95,2194
-56,2193
-93,2189
-66,2188
-62,2187
77,2186
95,2184
8,2183
81,2181
89,2180
35,2179
64,2177
81,2174
-4,2173
28,2171
37,2170
32,2169
98,2168
-19,2167
55,2166
20,2164
30,2162
62,2161
-89,2160
-74,2158
20,2157
-7,2155
-78,2154
41,2153
-56,2152
90,2151
-9,2150
14,2149
-71,2148
-14,2147
-68,2146
31,2145
67,2144
70,2143
-43,2142
69,2141
-9,2140
59,2139
-40,2138
55,2137
-21,2136
66,2135
-51,2134
64,2133
14,2132
-33,2131
89,2130
-42,2129
-84,2128
83,2127
-14,2126
-71,2125
3,2124
45,2123
54,2121
-7,2120
-49,2119
-51,2117
-85,2116
83,2115
-44,2114
22,2113
-25,2112
-74,2111
-2,2110
30,2109
22,2108
-83,2107
46,2105
-92,2103
-53,2102
-59,2101
62,2100
31,2098
-33,2097
76,2095
-48,2093
-50,2091
5,2089
28,2088
100,2087
-41,2086
80,2085
-81,2083
-71,2082
-52,2081
-65,2079
36,2077
-12,2074
-43,2073
35,2072
-31,2071
-9,2070
71,2069
99,2067
18,2066
19,2065
49,2064
1,2063
-50,2062
6,2061
21,2060
-28,2059
-38,2057
-71,2056
25,2055
51,2053
-11,2051
14,2050
61,2049
4,2048
-33,2047
-46,2046
92,2044
57,2043
-99,2042
51,2041
76,2040
-58,2039
80,2038
-43,2036
-34,2035
-86,2033
9,2032
81,2031
41,2030
-16,2028
37,2026
78,2025
18,2024
61,2023
-89,2022
-17,2019
-53,2018
54,2017
-18,2015
-100,2014
29,2011
-100,2010
32,2009
-34,2008
99,2007
21,2006
29,2005
-60,2004
-27,2003
14,2000
86,1998
52,1996
20,1995
-45,1993
4,1992
61,1991
4,1989
-12,1988
59,1987
-88,1986
96,1984
-33,1983
62,1982
-96,1981
-57,1978
26,1977
-21,1976
-59,1975
93,1973
75,1972
-8,1969
14,1967
-58,1966
-34,1964
83,1962
66,1960
73,1959
34,1957
67,1956
-33,1954
44,1950
40,1949
46,1948
25,1947
37,1946
97,1945
-54,1944
-75,1943
6,1940
20,1938
-27,1937
-76,1935
75,1934
66,1933
5,1931
83,1930
-93,1929
-10,1928
-9,1927
86,1926
14,1925
72,1924
4,1920
-28,1919
63,1917
52,1916
-14,1914
46,1912
99,1911
8,1910
99,1909
-62,1908
0,1905
82,1903
-63,1901
73,1900
54,1899
83,1898
56,1897
47,1896
62,1895
56,1894
39,1893
-38,1892
64,1891
84,1890
-84,1889
58,1886
-67,1885
-15,1883
95,1882
32,1881
51,1880
-16,1879
-99,1878
40,1877
54,1876
53,1875
-20,1874
-79,1873
51,1872
-87,1871
22,1868
13,1867
-11,1866
-83,1865
-78,1864
22,1863
-56,1862
-70,1861
-99,1860
24,1859
-46,1858
93,1856
73,1855
75,1853
-75,1852
-44,1851
56,1850
-62,1849
22,1848
33,1846
80,1845
-84,1844
23,1843
-44,1842
96,1841
-10,1839
-100,1838
-14,1836
-45,1835
54,1833
37,1831
97,1830
-39,1829
-85,1827
100,1825
14,1822
0,1821
69,1820
97,1818
65,1817
-50,1816
79,1815
-70,1813
66,1812
-63,1810
-50,1809
-83,1808
-36,1807
-41,1806
-56,1805
3,1804
-84,1803
-71,1802
66,1799
-100,1798
-54,1797
89,1796
9,1794
-78,1791
46,1790
-48,1789
56,1788
90,1787
-84,1786
49,1782
-75,1781
-39,1780
-100,1779
91,1777
-94,1776
84,1774
-54,1773
-33,1772
-34,1770
30,1769
19,1767
-92,1766
72,1765
15,1761
70,1760
77,1759
51,1756
97,1755
36,1754
57,1753
-100,1751
81,1750
99,1749
-55,1748
2,1747
-41,1746
36,1742
16,1741
98,1739
72,1738
-46,1737
16,1736
0,1734
100,1733
-69,1732
81,1731
-88,1730
94,1729
-33,1728
11,1727
81,1726
4,1725
-95,1722
80,1720
-82,1719
-24,1717
-42,1716
-82,1715
20,1713
99,1711
-92,1709
35,1708
90,1707
-82,1706
20,1705
-12,1704
-1,1701
-89,1698
81,1696
-64,1695
-2,1694
10,1693
-11,1692
51,1691
66,1690
4,1689
0,1688
92,1687
-47,1685
-33,1684
92,1683
42,1682
18,1680
96,1677
72,1676
-27,1675
80,1674
-48,1673
53,1672
58,1670
-74,1669
47,1668
-61,1665
18,1664
-31,1661
70,1660
-68,1658
74,1657
94,1656
-56,1655
-28,1654
58,1653
41,1652
-60,1651
21,1650
-59,1649
-58,1647
-68,1646
33,1645
-31,1644
-39,1640
76,1639
-75,1638
79,1637
66,1636
9,1634
-37,1633
78,1632
60,1631
30,1630
-5,1629
20,1628
-63,1627
65,1626
-22,1625
92,1624
-57,1622
-8,1621
-2,1619
71,1618
38,1617
-55,1615
18,1614
57,1613
74,1612
25,1611
-78,1610
-85,1609
-87,1608
-48,1607
-98,1605
-75,1603
-25,1602
21,1601
93,1600
-41,1598
44,1595
87,1594
-29,1592
6,1591
-30,1590
-18,1589
40,1588
80,1585
55,1584
41,1583
-35,1582
23,1581
-7,1579
-93,1578
13,1577
97,1575
23,1574
1,1573
76,1572
20,1571
-25,1570
-97,1569
-17,1568
53,1567
20,1566
93,1565
-37,1564
-9,1563
-23,1562
-52,1561
-38,1560
27,1559
-86,1558
-82,1557
69,1556
-44,1555
41,1554
-99,1553
48,1552
22,1551
35,1550
-38,1549
56,1548
-57,1544
62,1543
-27,1542
89,1540
37,1538
91,1537
-22,1535
-27,1534
-82,1533
38,1532
42,1531
89,1530
-57,1529
-57,1528
44,1527
-36,1526
4,1524
15,1523
11,1522
-19,1521
-10,1520
-83,1519
-53,1518
-59,1517
26,1513
-15,1512
-83,1509
-45,1508
-55,1507
75,1506
89,1505
25,1503
-7,1502
51,1501
-63,1500
-55,1499
96,1497
-50,1495
32,1494
-39,1493
5,1491
-45,1489
69,1486
-57,1485
13,1484
-70,1483
7,1482
69,1481
-74,1480
90,1479
57,1478
-49,1477
67,1474
90,1473
-48,1468
4,1467
32,1466
-43,1465
-19,1464
-66,1463
50,1462
-98,1461
-67,1460
-6,1459
-53,1458
-41,1457
8,1456
99,1454
60,1450
-2,1449
0,1448
-39,1446
-45,1445
-69,1444
-13,1443
-60,1442
-75,1439
10,1438
-41,1437
-69,1435
30,1433
-93,1432
70,1431
96,1430
-74,1429
-39,1428
-63,1427
46,1426
-74,1425
67,1424
-20,1423
-26,1422
30,1421
-14,1420
63,1419
-3,1418
95,1417
81,1416
11,1413
-94,1411
-9,1410
-38,1409
-2,1408
-81,1407
-80,1405
-59,1404
-52,1403
-9,1402
-99,1401
-87,1400
24,1399
82,1398
-2,1397
61,1396
-22,1394
78,1393
42,1392
-90,1391
-61,1390
-25,1387
-3,1385
-37,1383
86,1380
-15,1379
22,1378
-42,1377
52,1373
-17,1372
21,1371
61,1370
78,1368
62,1367
-52,1366
-39,1365
-77,1364
-74,1363
12,1360
-41,1358
72,1357
-21,1356
-6,1355
-46,1353
-68,1352
-51,1351
12,1350
67,1349
-92,1348
-99,1347
26,1345
17,1344
-71,1341
74,1340
-61,1339
8,1338
90,1337
-48,1336
51,1335
-67,1334
19,1333
-19,1332
59,1331
67,1330
45,1329
48,1328
6,1327
-91,1326
28,1325
25,1324
-69,1323
14,1322
-56,1321
12,1320
-8,1319
23,1318
99,1315
-60,1314
-66,1313
53,1312
14,1310
-22,1307
82,1306
-67,1305
20,1303
-54,1302
-60,1301
17,1300
23,1299
-8,1298
69,1297
-24,1296
-99,1294
1,1292
1,1290
22,1289
15,1288
-66,1287
-40,1286
18,1285
51,1283
-74,1282
-10,1281
80,1280
85,1279
38,1278
-30,1277
69,1276
67,1275
-69,1273
-84,1272
-46,1270
100,1269
-89,1268
-40,1266
-30,1265
-81,1264
39,1262
-14,1261
81,1260
96,1259
70,1258
-84,1257
-55,1256
9,1255
-31,1254
55,1253
-72,1252
88,1251
-30,1250
50,1249
44,1248
-53,1247
-3,1245
77,1244
32,1243
-95,1241
-5,1240
73,1239
95,1238
84,1237
8,1236
85,1234
-74,1232
17,1231
40,1230
78,1229
6,1227
49,1226
39,1225
87,1223
2,1222
82,1217
77,1216
-85,1215
-26,1214
20,1213
25,1212
97,1211
75,1210
80,1209
-10,1208
-51,1206
-28,1204
87,1203
-98,1202
-48,1199
-6,1198
-98,1197
12,1196
14,1195
-59,1194
20,1193
60,1192
-33,1191
21,1189
-79,1188
9,1187
-99,1185
-26,1184
75,1182
-69,1180
63,1179
76,1177
30,1176
-98,1174
-22,1171
-27,1169
-16,1168
59,1165
-26,1164
-21,1163
-19,1162
-95,1160
75,1159
-23,1158
63,1157
-32,1156
-67,1154
-82,1152
89,1151
19,1150
-64,1149
32,1148
91,1147
38,1146
48,1145
40,1144
45,1143
57,1142
-39,1141
75,1140
45,1139
28,1137
44,1135
37,1134
-77,1133
91,1131
-84,1128
-3,1127
-30,1126
-17,1125
-77,1124
-53,1123
95,1121
-42,1120
-92,1119
-41,1118
91,1117
95,1116
85,1115
-59,1113
17,1112
19,1111
-1,1110
40,1109
-70,1108
-99,1107
-48,1106
94,1105
95,1104
93,1103
87,1102
-10,1101
89,1100
-17,1099
-88,1098
96,1097
-33,1096
-4,1094
99,1092
-54,1091
48,1088
-88,1085
9,1083
64,1082
57,1081
-29,1076
-42,1074
90,1073
-36,1072
52,1071
49,1070
-86,1069
16,1066
95,1065
100,1064
-98,1063
-72,1062
-65,1061
-55,1058
-62,1057
-18,1056
54,1055
5,1054
27,1053
52,1052
-89,1051
-7,1050
-70,1048
12,1047
10,1046
-22,1045
-6,1044
-72,1043
-42,1042
47,1041
63,1040
65,1039
-92,1037
-50,1036
-75,1035
57,1033
-16,1032
29,1031
-25,1030
-53,1029
38,1027
0,1026
38,1025
45,1023
22,1022
74,1021
80,1020
-8,1019
-63,1018
-36,1017
80,1015
41,1012
-38,1011
20,1010
9,1009
97,1008
-99,1007
-26,1006
-69,1005
-47,1003
61,1002
-67,1001
-87,1000
-14,999
94,997
-44,996
23,994
-84,992
-25,991
57,990
38,989
-17,988
96,984
93,983
64,982
-12,981
-4,980
79,977
-58,976
51,975
1,974
58,973
-35,972
-30,971
-78,970
-93,968
1,967
-31,966
-22,965
-27,963
-16,961
-85,960
-99,959
24,957
79,955
-42,954
80,952
-5,951
4,950
48,949
53,948
75,947
-81,946
37,945
30,943
-36,942
-77,941
60,940
-19,938
-53,937
-56,936
8,935
55,934
34,927
-12,926
35,924
-24,921
-8,919
28,918
-47,917
31,916
-94,915
-54,914
16,913
-76,912
87,911
-84,910
-82,909
-6,908
40,907
72,906
41,905
64,903
23,902
-59,901
97,900
-5,898
-14,897
-6,896
-52,895
-21,894
-52,893
23,892
-83,891
-34,890
91,889
69,888
78,887
36,886
70,885
3,884
-36,883
100,882
71,878
20,877
-46,876
-36,874
-88,873
-88,872
95,871
51,870
77,869
27,868
-89,867
-61,866
-51,865
-77,864
14,863
-39,862
3,861
19,859
88,858
-56,857
58,856
73,855
-46,853
63,851
-80,850
-6,849
-32,845
28,844
-98,843
89,842
9,840
-2,839
98,837
98,835
-48,834
35,832
18,831
-32,829
-54,828
-92,827
51,826
77,825
-96,824
8,823
79,821
-65,820
78,819
-89,818
-47,817
-76,816
-58,815
-23,814
-55,813
-31,812
-94,811
-65,809
72,808
72,807
-37,806
-2,805
-95,803
-27,802
-30,801
65,800
53,799
-87,798
41,797
42,796
33,793
-46,790
-36,789
62,786
69,785
-3,784
10,783
-61,782
52,780
-19,779
-95,777
15,776
89,775
-17,774
-27,773
-71,770
91,769
-100,767
79,765
-24,764
-97,761
23,760
-47,759
-34,758
-72,756
54,754
97,753
-2,752
62,751
-83,750
-3,749
37,748
-84,747
30,746
-20,745
18,741
84,739
2,738
72,737
79,736
-80,734
-7,733
86,732
-87,731
14,730
10,729
-12,728
-26,727
22,726
-64,725
-79,724
-42,723
-5,722
57,720
-77,716
37,715
69,712
-55,711
-29,710
-36,709
69,708
-46,707
81,706
-66,704
72,703
-92,697
57,696
-9,694
-46,693
-94,692
-84,690
59,687
-77,686
-65,685
-81,684
60,682
19,681
40,678
56,677
-75,676
31,675
-24,674
59,673
65,672
83,670
-22,669
79,668
57,667
-75,666
-44,665
89,664
74,662
-11,661
42,660
20,659
-16,658
-85,657
-53,656
66,655
16,654
-76,652
-82,648
-18,647
-58,646
16,645
-17,644
4,643
13,642
-23,641
-89,640
24,637
-95,636
15,635
-11,634
-25,632
3,631
85,628
-93,627
-30,626
-99,623
44,622
-33,619
-56,618
-96,617
-24,615
16,614
61,612
-80,611
66,610
55,609
95,608
-86,607
-8,606
-76,605
77,604
45,603
-58,602
-52,599
-26,598
-30,595
81,594
4,593
-28,592
-56,591
-92,590
57,589
-66,588
48,587
-5,586
-78,585
-80,584
-51,583
-56,582
37,574
50,572
2,571
-97,570
12,569
-41,568
41,567
-23,566
47,565
-77,564
-64,563
-39,561
84,560
-5,558
-50,557
-82,556
-31,555
46,553
91,552
75,551
-64,550
11,549
26,548
91,547
-100,545
-21,544
-22,543
-33,542
44,539
-7,538
67,537
92,536
37,535
-90,534
-85,533
-26,532
61,531
74,530
92,529
11,528
-40,526
-75,525
37,523
-73,521
67,520
-28,519
100,518
-88,517
-38,516
-24,515
54,514
-89,513
46,512
27,511
-99,510
6,508
36,507
58,506
88,504
30,503
87,502
32,500
58,499
21,498
-88,496
-42,495
87,494
100,493
-39,492
-93,491
-68,490
74,489
86,488
-31,484
23,483
29,482
32,481
25,478
-86,477
-54,476
-47,475
-21,474
89,473
-24,472
-92,470
-7,468
51,467
-5,466
-95,465
60,463
-21,462
68,461
-9,459
19,458
9,457
-9,455
-28,454
37,453
-79,450
35,449
94,448
-83,446
-89,445
-96,443
-33,441
86,440
1,436
-99,435
-96,434
-92,432
64,431
50,430
-36,429
-3,427
59,426
91,425
-86,422
22,420
-50,419
42,418
-93,417
55,416
81,415
-81,413
-78,411
-78,409
45,408
33,407
32,405
95,404
36,403
39,402
-53,401
67,399
-31,398
-52,397
-81,396
-89,395
-83,394
22,393
60,392
32,390
-98,389
-51,388
84,386
-70,385
48,383
-30,380
29,379
48,377
-85,376
69,374
50,373
-97,372
-26,371
-66,370
100,369
45,368
81,367
-29,366
-91,364
82,362
-61,361
-44,360
41,359
-11,358
16,357
22,356
-61,351
-83,350
-72,349
-58,348
57,347
80,346
-92,345
-75,344
73,343
-23,342
-13,340
-45,339
-76,338
-30,337
-17,336
-39,335
-49,334
95,333
69,331
73,330
6,328
-40,327
12,324
53,322
-30,321
71,320
21,319
-1,318
24,317
34,315
-52,314
29,313
65,312
-25,311
14,310
0,309
-35,308
-18,307
45,306
-12,305
-3,303
99,301
-86,300
49,299
-84,296
71,295
90,293
11,292
93,291
-61,289
-13,286
61,284
38,282
-4,281
-41,280
26,279
34,278
53,277
20,276
29,275
-68,274
37,272
90,271
-43,270
55,269
-27,268
-86,267
90,265
65,264
25,263
35,260
64,259
69,257
74,256
-78,255
53,250
24,249
97,248
75,246
-98,245
-14,244
65,243
22,242
-6,241
87,240
-22,239
77,235
-5,234
-24,233
-66,232
-42,231
8,230
96,229
85,228
-3,227
77,226
-40,224
95,223
-86,222
-91,220
-59,219
-71,218
31,217
14,216
-14,214
16,212
-88,211
-86,210
71,209
-91,208
-92,207
-76,206
-70,203
-33,200
-95,198
24,196
-33,195
-63,194
-42,193
-78,192
-49,191
90,189
94,188
94,187
-22,186
14,184
62,183
-31,181
-51,180
-89,179
20,178
-28,177
82,176
-78,175
11,174
-32,173
-91,172
27,171
-42,169
-93,168
-20,167
-30,166
-18,165
52,164
11,163
-85,162
71,161
-48,159
49,158
63,156
22,155
-57,154
85,151
44,150
44,149
47,145
70,144
-89,143
2,142
79,140
47,138
-6,137
35,136
-96,135
55,134
8,133
-98,132
-32,130
36,129
-95,128
-100,126
-67,125
-70,124
41,123
94,121
24,120
-7,119
69,118
-99,117
36,116
-57,115
-13,113
22,112
-4,111
84,110
64,109
60,108
13,107
-94,106
14,105
27,103
32,102
-14,100
76,99
-95,98
-85,97
-93,96
62,95
63,94
24,91
-3,90
-41,89
-97,88
41,87
56,86
-72,85
0,84
98,83
96,82
95,81
78,80
11,79
88,78
91,75
82,74
0,73
-57,71
-44,70
64,69
-71,68
-38,67
-33,64
-14,63
-37,61
42,58
-14,57
77,55
78,54
11,53
9,51
-96,49
-1,48
1,45
-36,44
-54,43
-87,42
-64,41
84,40
-66,39
51,38
90,37
-40,36
92,35
-79,34
30,33
-47,32
-95,30
-83,29
-48,28
66,27
-15,26
61,25
-67,24
17,23
25,22
-13,21
41,19
-64,18
62,17
55,16
-75,15
68,14
57,13
-40,12
18,11
5,10
30,9
-78,8
33,6
96,5
35,4
-92,3
4,2
36,1
-27,0
