-16,10000
69,9999
80,9998
-42,9997
60,9994
70,9993
-53,9992
-100,9991
23,9990
-17,9989
-1,9988
-77,9986
-62,9985
64,9984
90,9983
-6,9982
-74,9981
-90,9980
92,9979
98,9977
93,9975
82,9972
-62,9969
3,9968
58,9967
-84,9964
-55,9962
95,9961
-26,9960
39,9959
-47,9958
30,9957
85,9956
12,9955
-70,9954
67,9951
-10,9950
23,9948
-5,9947
90,9946
95,9945
31,9944
-48,9943
20,9942
-29,9941
-100,9940
25,9939
-7,9938
79,9937
-99,9936
-27,9935
85,9934
-86,9933
-1,9932
98,9931
-46,9928
47,9927
-67,9926
-4,9925
-95,9924
-73,9923
-24,9922
-75,9921
29,9920
-36,9919
-88,9918
-34,9916
-6,9915
49,9914
-39,9913
100,9912
94,9911
-40,9910
19,9909
33,9908
-15,9907
34,9906
47,9904
31,9903
43,9902
-66,9901
-63,9900
-19,9899
13,9898
-33,9897
-31,9896
28,9894
-82,9893
32,9892
37,9891
-13,9890
-38,9889
36,9888
-19,9887
77,9886
100,9884
82,9882
43,9881
-19,9880
-96,9879
-36,9878
0,9876
-37,9875
85,9873
38,9872
12,9871
100,9870
18,9869
-59,9868
51,9867
67,9866
98,9865
-4,9863
-77,9862
66,9859
-69,9858
-32,9857
-97,9856
67,9854
58,9853
61,9852
57,9851
-7,9849
36,9847
-63,9846
-26,9845
-43,9844
-48,9843
90,9842
91,9841
-92,9840
50,9839
19,9838
-19,9837
98,9836
-79,9835
87,9834
-52,9833
-70,9832
-1,9831
-65,9830
-56,9829
-19,9828
-97,9827
-80,9826
100,9825
48,9824
89,9822
-38,9821
-50,9819
30,9818
-70,9817
77,9816
8,9815
-27,9814
93,9813
-23,9812
56,9811
-84,9810
54,9809
68,9808
50,9807
72,9806
-98,9803
1,9802
-42,9798
15,9796
11,9795
-8,9794
-38,9792
-8,9791
-1,9787
81,9786
-87,9784
96,9783
21,9782
-89,9781
38,9780
26,9779
-71,9778
-25,9777
-7,9776
-85,9775
-73,9774
99,9773
-28,9772
-66,9771
38,9769
53,9768
-45,9765
80,9760
6,9759
7,9757
8,9756
-60,9754
-26,9753
39,9752
-28,9749
-63,9748
32,9746
-80,9745
38,9744
-64,9743
-9,9742
74,9741
25,9740
-54,9739
-65,9738
65,9735
-71,9734
-11,9731
-13,9730
-77,9728
17,9727
-30,9726
-4,9725
-66,9724
-61,9722
71,9721
20,9720
-51,9719
-5,9717
-42,9716
50,9715
4,9714
47,9713
66,9712
-68,9711
-53,9709
75,9707
0,9704
15,9702
80,9701
-63,9700
-80,9699
-79,9698
-27,9697
-2,9696
-40,9693
96,9692
47,9690
56,9689
-87,9688
61,9687
15,9686
-24,9683
89,9682
85,9681
98,9679
-3,9678
34,9676
-15,9675
93,9674
11,9673
99,9671
76,9670
-55,9669
-84,9668
-46,9667
84,9666
-9,9664
64,9662
-2,9661
100,9660
57,9659
68,9658
48,9657
36,9656
-77,9655
33,9654
-3,9653
57,9651
35,9648
66,9647
76,9646
-46,9645
-80,9644
33,9643
-92,9642
29,9641
86,9640
76,9637
-95,9636
-21,9635
57,9634
99,9632
-34,9631
-100,9630
-32,9629
67,9628
-1,9626
10,9624
-5,9623
61,9621
-62,9620
-99,9619
94,9618
-83,9617
-43,9616
46,9615
-90,9614
28,9611
-14,9610
-88,9609
71,9607
47,9606
-45,9604
-4,9603
-18,9601
70,9600
66,9599
12,9598
77,9597
-27,9596
-34,9595
81,9594
78,9593
60,9591
65,9589
1,9588
85,9586
-99,9582
74,9579
58,9578
-71,9577
51,9575
-12,9573
-61,9570
47,9569
-57,9568
-18,9567
15,9565
-99,9560
-64,9559
-76,9558
93,9557
-49,9556
-95,9554
41,9553
-32,9552
-7,9551
24,9550
-76,9548
-78,9546
-43,9545
-89,9544
44,9543
-21,9542
-67,9541
-7,9540
62,9538
20,9536
-67,9535
-44,9534
-12,9533
81,9532
53,9530
-73,9529
-8,9526
89,9525
-63,9524
54,9523
55,9522
43,9520
62,9519
44,9518
39,9516
-19,9515
-21,9514
24,9513
26,9512
-60,9510
-26,9509
89,9508
64,9507
64,9506
-5,9504
-17,9503
-74,9502
-26,9501
55,9499
13,9498
46,9496
-2,9494
-37,9493
98,9492
-50,9490
72,9489
-78,9488
-53,9486
-89,9483
-91,9482
99,9479
65,9478
-80,9476
-33,9475
-27,9473
12,9472
-98,9471
82,9469
18,9468
24,9467
95,9466
44,9465
67,9464
-12,9462
-85,9461
77,9460
-4,9459
93,9458
-99,9456
-41,9455
-60,9454
79,9453
0,9452
-71,9451
-20,9449
24,9448
3,9447
17,9445
-54,9444
76,9440
78,9439
74,9438
44,9436
-62,9435
34,9434
-80,9433
69,9432
74,9430
95,9429
66,9426
74,9423
97,9422
-95,9421
-54,9420
63,9418
-2,9417
81,9413
-21,9411
27,9410
22,9409
-82,9408
69,9407
58,9406
-57,9404
-97,9403
-95,9402
-6,9401
54,9400
34,9399
85,9397
-56,9393
-58,9392
-58,9391
64,9389
9,9388
15,9386
-56,9385
-73,9384
20,9383
-33,9382
-19,9381
-30,9380
-98,9379
88,9377
42,9374
-39,9373
-71,9372
-1,9371
0,9370
-21,9369
24,9368
82,9367
88,9366
1,9365
-76,9364
-26,9363
-73,9362
75,9361
-67,9360
88,9359
28,9355
46,9353
-8,9352
-9,9349
62,9348
-7,9347
-36,9346
88,9345
44,9342
71,9341
55,9340
2,9339
47,9338
-37,9337
-87,9335
-32,9334
78,9333
-26,9329
-47,9328
66,9326
11,9325
-78,9324
-11,9323
7,9322
-58,9321
-71,9319
-54,9315
-70,9314
7,9313
-50,9312
79,9311
-92,9310
16,9308
22,9307
91,9306
-41,9304
47,9303
-33,9302
28,9301
-5,9300
-66,9298
-22,9296
-43,9294
-73,9293
-11,9291
-34,9290
79,9289
4,9287
53,9286
68,9285
61,9283
74,9282
-32,9281
14,9280
12,9279
-55,9278
-9,9277
-62,9276
-57,9275
-91,9274
-66,9273
91,9272
36,9269
-45,9267
51,9265
12,9264
-62,9263
43,9262
-55,9261
49,9260
-75,9258
-100,9256
87,9255
37,9254
-59,9253
48,9252
35,9251
-80,9250
35,9249
-81,9248
-29,9247
-34,9246
-63,9245
66,9244
-71,9243
-93,9242
-97,9240
80,9239
16,9237
1,9235
-43,9233
-33,9232
-50,9231
100,9230
-97,9228
82,9227
-38,9226
0,9222
-71,9221
77,9220
-48,9219
-35,9215
43,9213
48,9212
-33,9211
30,9210
89,9209
-100,9207
5,9206
-82,9204
16,9203
-65,9201
-57,9200
-61,9197
0,9196
-15,9194
15,9193
-51,9192
-45,9191
-28,9190
15,9187
-17,9186
-87,9185
12,9184
41,9183
-16,9182
20,9181
46,9180
73,9179
-62,9178
-59,9177
-71,9175
-30,9174
-88,9173
58,9171
67,9169
-24,9168
32,9167
-40,9166
-81,9165
58,9164
-66,9163
-95,9162
-63,9161
94,9160
-7,9159
30,9158
22,9157
57,9156
-34,9155
57,9154
-27,9152
40,9150
67,9149
92,9148
-98,9147
-52,9146
-38,9145
98,9144
-82,9142
-57,9140
-52,9139
-53,9138
2,9137
-72,9132
-76,9131
-100,9130
-43,9129
34,9127
-87,9126
59,9125
-50,9124
45,9123
53,9122
71,9121
39,9120
-83,9119
35,9118
-72,9115
-92,9114
27,9113
68,9111
-12,9110
-78,9109
29,9107
-26,9106
-17,9105
-63,9104
24,9103
93,9101
78,9100
-95,9099
79,9097
45,9096
41,9095
-92,9094
-58,9093
95,9092
-83,9091
4,9090
69,9089
36,9088
-98,9087
-90,9085
-91,9083
69,9082
-100,9081
8,9080
-34,9078
-73,9077
65,9076
-83,9075
6,9074
63,9073
-16,9071
-75,9070
17,9069
76,9067
-70,9066
-67,9065
-30,9064
74,9063
78,9062
-41,9059
10,9058
-48,9057
-36,9056
-74,9055
19,9054
90,9053
-96,9052
78,9051
-54,9048
-3,9047
-78,9046
8,9043
-76,9041
9,9040
31,9039
57,9037
-25,9036
-21,9035
91,9034
63,9033
24,9031
-31,9030
-19,9029
-40,9028
-4,9026
54,9023
18,9022
59,9021
48,9020
-71,9019
32,9017
97,9015
66,9014
-78,9013
86,9009
-70,9008
43,9007
-19,9005
48,9004
62,9003
89,9002
-48,8999
-32,8998
23,8997
-40,8996
-64,8995
-38,8994
-38,8992
-25,8991
-50,8989
56,8988
-28,8987
-64,8986
63,8985
41,8984
88,8983
-66,8981
90,8980
-84,8978
98,8977
49,8976
2,8975
53,8973
35,8972
-78,8970
-39,8969
61,8968
86,8967
93,8966
-71,8965
-11,8964
94,8963
58,8962
2,8961
98,8960
49,8959
-9,8958
-84,8957
30,8956
2,8955
38,8953
-70,8952
37,8950
92,8946
65,8945
-100,8944
-48,8943
-16,8941
92,8940
64,8939
-3,8936
-35,8935
33,8934
58,8933
-33,8932
-84,8930
90,8929
15,8928
22,8927
-9,8925
-96,8923
-56,8921
-80,8920
87,8919
-33,8918
35,8916
0,8913
-33,8912
-2,8910
-72,8909
38,8908
9,8907
-100,8904
-85,8903
37,8902
-93,8901
87,8900
53,8899
74,8898
15,8897
54,8896
31,8894
-90,8893
26,8892
24,8890
-15,8889
95,8888
94,8887
23,8885
93,8883
47,8882
-49,8880
17,8879
-71,8878
80,8877
-48,8876
56,8874
81,8873
60,8872
0,8871
61,8870
-89,8869
97,8868
-83,8867
-2,8866
98,8864
-56,8863
6,8862
-67,8861
23,8858
-99,8857
-79,8854
90,8853
-94,8852
-10,8851
41,8850
96,8849
-16,8848
-42,8847
-76,8846
65,8845
27,8844
35,8843
-67,8842
-28,8841
-2,8840
-62,8839
-72,8838
93,8837
70,8836
-78,8835
36,8834
54,8833
-69,8830
-69,8829
-93,8827
-100,8826
73,8825
13,8824
-98,8823
-93,8822
-40,8821
24,8820
81,8819
-24,8818
86,8817
85,8814
48,8813
-84,8812
95,8811
19,8810
-37,8809
55,8808
39,8807
-21,8806
-89,8804
70,8802
92,8801
63,8800
99,8799
-72,8798
-65,8797
-42,8796
-24,8793
52,8792
-16,8791
-56,8789
2,8788
-18,8787
-72,8786
-1,8785
56,8784
21,8783
-31,8782
37,8781
-30,8780
3,8779
61,8777
-37,8776
89,8775
-47,8773
-34,8770
65,8768
-35,8765
-1,8764
-93,8763
95,8762
-87,8761
-35,8760
-39,8759
-13,8757
57,8756
-92,8754
46,8752
63,8749
6,8745
29,8743
-97,8742
-15,8741
-6,8740
-38,8739
-75,8738
31,8737
-21,8736
62,8735
-44,8734
4,8733
-94,8732
-49,8731
-42,8730
-42,8728
-35,8727
-21,8724
25,8723
89,8720
-50,8718
19,8717
-9,8716
-21,8714
13,8713
8,8712
68,8711
-66,8709
-66,8707
92,8705
-44,8704
-12,8703
-42,8702
62,8701
-49,8700
86,8699
-53,8698
-22,8697
-13,8696
-79,8695
61,8693
-39,8690
-30,8689
-67,8686
-47,8684
48,8682
-23,8679
-96,8678
2,8677
-75,8675
0,8674
-79,8673
66,8671
-58,8670
-68,8669
-82,8668
6,8667
46,8666
98,8665
-30,8664
68,8663
-48,8662
-57,8661
-87,8660
22,8659
89,8658
-66,8657
-26,8655
-36,8653
97,8652
15,8651
79,8650
-54,8649
55,8646
55,8645
4,8644
-3,8643
77,8640
-44,8639
32,8638
31,8637
-22,8636
-6,8635
16,8634
-59,8633
11,8632
13,8628
-28,8627
-97,8626
50,8624
-58,8623
19,8622
-22,8621
1,8620
-21,8618
46,8617
-44,8616
45,8615
-82,8614
18,8613
11,8612
40,8610
-62,8609
-17,8608
-18,8605
21,8604
66,8603
37,8601
-82,8600
-74,8599
5,8598
-17,8597
52,8596
7,8594
-37,8593
-52,8592
2,8590
-7,8589
-99,8588
79,8586
97,8584
26,8583
-18,8582
-78,8581
-5,8579
85,8578
-33,8577
70,8576
-57,8574
-27,8573
-73,8572
-73,8571
82,8569
-91,8568
-15,8567
32,8566
39,8565
-82,8563
50,8562
-88,8560
-26,8558
-85,8557
61,8556
-44,8555
58,8554
0,8553
84,8552
69,8551
-5,8550
1,8549
14,8548
-49,8547
-1,8543
43,8541
54,8540
-36,8539
28,8538
-90,8537
-59,8536
74,8535
-35,8534
88,8533
17,8532
53,8531
12,8530
-76,8529
96,8528
-31,8526
54,8524
10,8522
55,8521
-91,8519
-15,8518
75,8517
86,8516
67,8514
-15,8512
-86,8511
61,8510
-43,8509
2,8507
-53,8506
-39,8504
-73,8503
26,8502
-51,8501
-98,8498
67,8497
-86,8496
43,8495
5,8494
47,8493
-62,8490
28,8489
70,8488
15,8487
-44,8486
48,8484
-97,8482
-27,8481
33,8479
5,8478
-16,8476
-58,8474
-19,8473
-84,8471
4,8470
75,8469
-54,8468
-59,8466
-100,8465
74,8464
-44,8461
84,8460
-20,8459
98,8458
13,8457
56,8455
77,8453
-94,8452
50,8450
57,8448
-53,8447
-44,8446
14,8445
-11,8444
-29,8443
-55,8440
68,8439
36,8438
-31,8437
67,8436
-15,8433
78,8431
-26,8429
-97,8425
36,8423
100,8422
-99,8421
50,8418
94,8417
83,8416
10,8414
-44,8413
-71,8412
-83,8410
33,8408
-33,8407
33,8404
-3,8403
-68,8400
-10,8399
81,8398
-13,8397
-7,8394
99,8392
77,8391
46,8390
-77,8389
96,8388
53,8387
44,8386
-15,8385
-87,8384
-54,8382
16,8381
-95,8380
-23,8379
-28,8377
-26,8375
3,8374
52,8373
-71,8372
31,8371
-37,8370
2,8369
79,8368
-13,8367
-6,8366
-90,8364
-26,8363
-16,8361
41,8360
31,8359
-76,8358
83,8357
-29,8356
24,8354
54,8350
-65,8349
54,8348
88,8347
-81,8345
-49,8344
-27,8343
74,8342
69,8340
57,8339
25,8338
-94,8336
24,8334
-4,8333
-46,8331
38,8330
-84,8329
18,8325
-59,8324
-75,8323
48,8321
60,8320
-25,8319
-42,8317
35,8315
-99,8314
10,8313
-26,8312
-15,8311
-71,8310
25,8308
91,8307
-15,8305
-32,8304
-36,8303
85,8302
-16,8300
-15,8299
86,8298
66,8297
-28,8296
54,8294
-63,8293
-5,8291
-55,8290
-9,8289
-32,8288
91,8287
19,8286
-37,8285
-28,8283
-19,8282
32,8281
-77,8280
-33,8279
-78,8278
73,8277
-54,8275
-32,8274
-13,8272
96,8270
-82,8268
-43,8267
-90,8266
41,8265
-3,8264
-8,8263
-72,8262
30,8261
-58,8260
-17,8258
38,8256
63,8253
-78,8251
58,8250
84,8248
35,8247
0,8246
63,8245
-39,8242
90,8241
26,8240
-21,8238
95,8233
-19,8231
4,8229
-76,8228
95,8226
93,8225
-83,8224
38,8223
65,8222
18,8220
73,8219
-26,8218
18,8217
-87,8216
-51,8215
51,8214
-73,8213
38,8211
-74,8210
-62,8209
36,8208
34,8206
87,8205
-96,8204
-92,8203
69,8202
-23,8201
-72,8200
85,8199
-96,8198
85,8196
62,8193
63,8192
95,8191
-72,8190
-12,8189
-48,8188
4,8186
-95,8185
1,8184
-52,8181
97,8179
-63,8178
76,8176
-43,8175
31,8173
36,8172
18,8171
-77,8169
58,8168
43,8167
98,8165
27,8164
-24,8163
-54,8162
81,8161
28,8160
38,8159
94,8158
32,8157
-87,8156
84,8155
-84,8152
47,8151
48,8150
84,8149
-7,8148
53,8147
-47,8145
-50,8143
54,8142
90,8141
20,8140
87,8139
84,8138
-29,8137
45,8136
-79,8135
-77,8133
-16,8132
24,8131
78,8130
34,8128
66,8126
-54,8125
46,8124
53,8123
-17,8122
-92,8121
5,8120
87,8119
-52,8118
61,8117
-56,8115
42,8114
-29,8113
2,8111
-42,8110
-44,8109
6,8108
-27,8107
-50,8106
13,8104
26,8102
-2,8101
73,8100
-52,8098
60,8096
-29,8094
66,8093
4,8092
-21,8091
89,8090
23,8088
-37,8085
45,8083
-96,8082
34,8081
-90,8080
-48,8077
43,8075
-1,8074
-85,8073
77,8072
94,8071
18,8070
27,8069
-90,8068
-93,8067
-25,8066
-27,8065
5,8064
-95,8063
90,8062
64,8061
77,8060
63,8059
49,8058
-90,8057
-55,8055
-79,8054
-60,8052
-53,8051
-78,8050
-79,8049
-42,8048
-51,8047
5,8046
85,8045
-54,8044
-80,8043
-77,8042
90,8041
-39,8040
-83,8038
60,8033
-28,8032
-17,8029
3,8028
-4,8026
51,8025
31,8024
27,8022
-65,8021
99,8020
65,8019
-70,8018
-33,8017
-34,8015
-10,8014
18,8012
81,8011
-14,8010
22,8009
-54,8008
3,8007
-18,8006
23,8004
92,8001
23,8000
22,7999
36,7998
79,7995
-4,7993
-13,7992
27,7989
-53,7987
-6,7986
78,7985
-87,7984
50,7983
27,7982
71,7981
54,7978
-97,7975
-99,7974
98,7973
11,7971
-40,7969
5,7968
-2,7966
51,7965
-79,7964
79,7963
-32,7962
80,7961
88,7959
-85,7958
76,7954
47,7953
-72,7952
98,7951
43,7950
16,7949
74,7948
9,7947
58,7945
-9,7944
91,7943
14,7942
-16,7940
-95,7939
94,7937
32,7936
47,7935
-89,7932
45,7931
-72,7929
-60,7928
93,7927
-73,7925
0,7922
-40,7919
-36,7917
18,7916
41,7915
-63,7914
-25,7913
25,7912
81,7911
87,7910
-37,7907
74,7906
-91,7905
48,7902
23,7901
-65,7900
-91,7899
45,7897
85,7896
6,7895
65,7894
-23,7893
-19,7892
-51,7889
-26,7885
24,7884
25,7883
37,7882
-94,7881
81,7880
81,7879
-3,7876
74,7875
15,7874
-8,7873
74,7869
-56,7868
-71,7867
9,7866
-69,7865
45,7864
5,7863
-7,7862
-60,7861
-96,7860
31,7856
37,7855
-30,7854
-87,7852
-22,7851
-85,7850
-96,7849
-45,7848
-72,7847
86,7846
55,7845
1,7844
27,7842
-2,7841
87,7840
21,7839
21,7838
16,7837
-99,7836
58,7833
82,7832
-84,7831
-41,7830
-50,7829
87,7828
67,7827
-76,7826
75,7824
44,7821
-51,7819
74,7818
28,7817
-51,7816
15,7815
-26,7814
-71,7812
-86,7811
-9,7810
-75,7808
-31,7807
25,7806
-17,7805
7,7804
50,7802
-59,7801
9,7800
-81,7799
-87,7798
-40,7797
-57,7796
26,7795
26,7794
-63,7793
-4,7792
-41,7791
32,7790
-58,7788
-64,7787
-41,7786
99,7785
71,7784
88,7783
68,7782
-79,7781
-9,7780
36,7778
98,7777
-86,7776
81,7773
-44,7771
-41,7770
84,7768
56,7767
-80,7766
5,7762
40,7761
-17,7760
-75,7759
-100,7758
45,7757
-77,7756
59,7754
67,7753
0,7752
77,7751
-19,7750
-92,7748
93,7747
17,7746
44,7745
80,7744
-8,7743
-65,7740
19,7739
-73,7737
-21,7736
-75,7734
-94,7733
83,7731
57,7729
13,7728
20,7725
-10,7724
-51,7722
76,7721
-90,7720
35,7718
-28,7716
-30,7712
86,7711
-37,7710
14,7709
33,7708
64,7706
77,7704
83,7701
-14,7699
-85,7698
-49,7696
11,7695
-41,7694
-78,7693
95,7692
7,7691
-67,7690
47,7689
36,7688
-5,7687
-70,7686
53,7685
39,7684
2,7683
32,7681
-13,7680
11,7679
62,7674
-61,7673
98,7672
-1,7671
-57,7670
-38,7669
6,7667
-85,7666
38,7665
80,7663
77,7662
-19,7661
-41,7660
83,7659
86,7656
-28,7655
90,7654
91,7653
-38,7652
-74,7651
-33,7650
32,7649
48,7648
-73,7647
-66,7646
13,7645
-33,7644
20,7641
34,7639
-6,7637
-8,7636
-81,7634
-47,7633
-83,7632
30,7630
-25,7629
-100,7628
84,7626
83,7624
71,7623
8,7621
-16,7620
-98,7619
-50,7617
-6,7616
4,7615
35,7614
-29,7613
-35,7612
-62,7611
-37,7610
-31,7609
69,7608
-69,7607
35,7606
-4,7605
-85,7604
-97,7602
-68,7601
50,7599
-7,7597
35,7596
2,7595
55,7594
-99,7593
-4,7592
12,7591
-94,7590
26,7588
-38,7587
2,7586
80,7585
-57,7582
38,7580
14,7578
59,7577
56,7576
-80,7575
-14,7574
-16,7573
83,7572
7,7571
38,7570
-22,7569
85,7566
-13,7565
30,7563
55,7562
-62,7560
-37,7559
-28,7557
-80,7556
-91,7555
94,7554
90,7553
34,7552
20,7551
98,7550
-58,7549
-76,7548
46,7547
4,7546
-92,7545
-41,7544
18,7539
55,7538
-89,7537
58,7536
20,7535
-37,7534
-36,7532
50,7531
18,7530
-4,7529
-87,7528
-34,7527
72,7526
-22,7524
-28,7523
95,7522
-45,7521
-21,7520
-43,7518
3,7517
-96,7516
-26,7515
-34,7513
20,7512
14,7511
-95,7510
-90,7509
-64,7507
20,7506
-61,7502
61,7501
43,7500
94,7499
37,7498
-72,7493
12,7492
9,7491
2,7490
25,7489
76,7488
8,7487
-91,7486
-97,7485
49,7484
-45,7482
-38,7481
-77,7480
56,7479
81,7478
-6,7477
92,7476
-14,7475
87,7474
65,7473
92,7472
61,7471
41,7470
81,7468
25,7467
-15,7465
-32,7464
-19,7463
-56,7461
53,7460
-46,7459
-67,7457
48,7456
-1,7455
-64,7453
-36,7452
93,7449
-50,7448
34,7447
49,7446
49,7445
36,7444
29,7443
62,7442
16,7441
-97,7438
-46,7437
36,7436
6,7435
-86,7432
-82,7431
-72,7430
66,7427
-39,7426
-29,7425
86,7424
66,7423
10,7422
35,7421
4,7419
83,7418
-42,7417
-12,7415
-4,7414
-26,7413
22,7412
50,7410
83,7408
-65,7407
9,7405
28,7404
-84,7403
-78,7402
-69,7401
13,7399
-35,7398
82,7397
-41,7396
-98,7394
-45,7393
-58,7392
21,7391
96,7389
-8,7388
77,7387
32,7386
33,7385
-75,7384
-30,7383
-98,7382
-29,7381
64,7379
82,7377
-57,7376
88,7375
45,7374
87,7370
90,7369
40,7368
-5,7366
41,7365
-12,7364
40,7363
94,7362
91,7361
-54,7360
-4,7359
-46,7357
25,7355
46,7354
56,7353
98,7352
30,7349
-67,7348
51,7347
19,7346
-81,7345
36,7344
-64,7343
-81,7342
-27,7340
53,7339
68,7337
62,7336
27,7335
93,7334
55,7333
24,7332
25,7331
71,7330
50,7329
60,7328
-87,7327
-27,7326
3,7324
-60,7323
7,7322
-21,7321
55,7320
-31,7319
9,7318
2,7317
7,7316
20,7313
6,7312
94,7311
-23,7310
61,7309
14,7308
-42,7307
-58,7306
99,7305
-34,7300
-72,7299
55,7296
28,7295
-69,7293
69,7292
-44,7291
18,7290
29,7289
-30,7288
-98,7287
-34,7285
-38,7283
-1,7282
-53,7279
98,7278
34,7277
-96,7276
-14,7274
-63,7273
-87,7271
-94,7269
89,7268
-4,7267
35,7266
8,7265
57,7264
-29,7263
-100,7262
-15,7261
91,7260
46,7259
2,7258
-47,7254
-23,7253
49,7252
-24,7251
-3,7250
-4,7248
-23,7247
-60,7246
-37,7245
76,7244
14,7243
-90,7241
-35,7240
34,7239
-91,7238
44,7235
58,7233
-45,7232
94,7231
-63,7230
62,7228
-45,7227
-28,7226
-70,7225
0,7224
-96,7223
-98,7221
100,7220
-93,7219
-99,7218
-54,7217
77,7215
-9,7214
-43,7213
-70,7211
59,7210
-10,7208
-10,7207
-14,7206
-82,7205
-79,7204
3,7203
69,7202
-88,7201
39,7200
-24,7199
-68,7196
22,7194
-29,7192
-61,7191
33,7190
98,7189
-26,7188
-83,7187
41,7186
-92,7185
-80,7184
-79,7183
70,7182
-10,7180
-97,7179
-7,7176
76,7174
-84,7172
17,7171
-22,7170
-93,7169
1,7168
22,7166
65,7165
68,7164
-16,7161
-83,7160
-89,7159
-14,7158
-75,7157
73,7156
92,7155
86,7154
-44,7153
-75,7151
-86,7150
-88,7149
79,7147
-78,7146
38,7144
97,7143
39,7141
38,7140
35,7139
-71,7138
95,7137
3,7136
-81,7135
-77,7134
27,7133
-66,7132
66,7131
-34,7130
-16,7129
-93,7127
12,7125
36,7124
64,7122
25,7121
43,7120
-87,7119
-48,7118
90,7117
84,7115
-40,7114
31,7113
-25,7112
-100,7111
4,7108
-84,7107
91,7106
81,7105
-27,7104
-79,7103
93,7101
100,7100
32,7098
74,7097
20,7096
50,7095
59,7094
-62,7093
4,7092
-5,7088
-75,7087
-23,7086
77,7085
-95,7084
-2,7083
4,7080
-69,7079
-7,7078
-65,7077
31,7076
-54,7075
-11,7074
16,7073
85,7072
-46,7071
-38,7070
-56,7069
-66,7068
-16,7067
-20,7064
27,7063
53,7062
24,7061
20,7060
82,7059
41,7058
58,7057
74,7054
52,7053
28,7052
98,7051
-99,7049
55,7048
23,7047
0,7046
-82,7044
67,7043
-62,7040
-8,7036
-48,7035
-94,7033
86,7032
-43,7031
-78,7030
100,7029
-52,7028
35,7027
-57,7026
64,7024
1,7023
98,7021
40,7020
97,7019
17,7018
-2,7017
-57,7015
22,7012
-10,7011
-15,7009
-41,7008
41,7007
6,7006
-8,7005
-2,7004
-76,7003
40,7001
-62,7000
-21,6999
-27,6998
42,6997
-64,6995
66,6994
84,6993
-15,6992
-59,6991
35,6988
34,6986
85,6984
-25,6983
-36,6982
44,6981
-95,6978
-59,6975
86,6974
-8,6973
-58,6972
-62,6971
-71,6970
84,6968
33,6967
27,6966
-70,6965
2,6964
45,6963
24,6962
31,6961
24,6958
-62,6956
-65,6955
-67,6954
-17,6953
-92,6952
-95,6951
-64,6950
15,6949
-85,6948
20,6947
-31,6946
-35,6945
-61,6944
63,6943
-99,6942
13,6941
-38,6940
-58,6938
97,6937
13,6935
8,6934
78,6933
-62,6932
14,6931
-77,6930
-72,6929
33,6928
66,6927
97,6926
-94,6925
-76,6924
7,6923
-16,6922
-57,6921
0,6920
19,6918
75,6917
-97,6916
-80,6914
68,6913
-52,6911
74,6909
-8,6908
-83,6906
86,6904
64,6903
63,6901
-86,6899
97,6898
-8,6897
30,6896
46,6895
-44,6893
-28,6892
-4,6891
19,6890
-26,6889
-58,6887
92,6886
97,6884
-2,6883
77,6882
27,6881
-74,6879
-40,6877
88,6875
81,6874
-28,6872
-24,6870
75,6869
-61,6868
-53,6867
-23,6866
41,6865
-8,6864
97,6863
-52,6862
-24,6861
2,6860
-76,6859
-10,6857
-82,6854
-13,6853
1,6852
32,6851
74,6850
-18,6849
-58,6848
19,6847
21,6846
-6,6845
98,6844
-62,6843
-63,6842
24,6841
48,6840
13,6839
91,6838
95,6837
76,6836
-87,6835
42,6834
70,6833
-9,6832
82,6830
-87,6829
-31,6827
-56,6826
-60,6825
11,6824
-16,6823
18,6821
-41,6820
69,6819
75,6817
89,6815
53,6814
63,6813
-10,6812
4,6808
-13,6807
9,6806
-98,6805
-81,6804
-91,6802
70,6801
-5,6800
85,6797
-5,6796
77,6794
77,6792
69,6791
-9,6790
-34,6789
48,6788
-10,6787
71,6786
93,6785
15,6784
33,6782
-67,6781
-61,6780
-91,6778
70,6777
-34,6776
-22,6775
-48,6774
-84,6773
9,6772
-49,6771
-11,6770
88,6769
83,6768
82,6767
-58,6766
28,6765
97,6764
12,6763
76,6762
5,6761
47,6759
76,6757
-89,6755
-37,6754
-89,6752
-80,6751
10,6750
42,6748
92,6746
34,6745
-56,6744
77,6743
-41,6742
79,6741
-4,6739
60,6738
-32,6737
66,6736
-97,6735
23,6734
-55,6733
-65,6732
-46,6731
21,6729
43,6727
1,6726
21,6725
-69,6724
59,6721
55,6719
87,6718
-61,6717
61,6716
-31,6715
79,6714
7,6713
-12,6712
-28,6711
-27,6710
-69,6709
14,6708
-81,6707
-57,6706
-51,6705
64,6704
2,6703
-86,6702
-15,6701
-25,6700
80,6699
-52,6697
6,6696
-39,6695
18,6694
-8,6691
21,6690
47,6689
-45,6687
-85,6685
-69,6683
94,6682
-94,6681
71,6680
-55,6679
-31,6678
47,6677
-36,6676
-50,6675
27,6674
39,6673
-33,6672
-35,6671
-60,6670
-85,6669
-7,6667
68,6665
-33,6664
20,6663
85,6662
-83,6661
66,6659
-45,6658
32,6657
59,6656
2,6654
-4,6653
-49,6652
-14,6651
11,6650
-72,6649
-48,6648
99,6647
74,6646
-40,6645
-68,6644
98,6643
100,6641
-82,6640
11,6638
66,6635
-80,6634
-71,6633
34,6632
2,6631
29,6630
70,6626
26,6625
99,6624
-39,6622
48,6621
37,6619
96,6614
1,6612
91,6610
79,6608
-72,6607
-29,6606
35,6605
85,6604
48,6603
41,6602
28,6601
-88,6600
-4,6599
-88,6597
-7,6595
-32,6594
-10,6593
-74,6592
81,6591
50,6589
84,6587
46,6585
-63,6584
30,6582
-6,6580
33,6579
88,6577
-54,6575
-68,6574
4,6573
-41,6572
-30,6571
-10,6570
6,6569
100,6568
-53,6567
67,6566
42,6565
0,6564
-76,6563
63,6560
27,6557
-97,6555
46,6553
-87,6552
2,6551
17,6550
33,6549
13,6548
62,6547
48,6544
32,6543
97,6542
-45,6541
45,6540
64,6539
18,6538
-18,6537
29,6535
26,6533
-56,6531
17,6529
-43,6527
-40,6525
-50,6524
70,6523
-16,6522
-38,6521
-74,6520
-12,6519
-94,6518
-60,6516
10,6515
30,6514
66,6512
-62,6510
67,6509
46,6507
95,6506
67,6505
-20,6504
-45,6503
13,6502
-29,6501
-55,6500
94,6498
86,6497
72,6496
-90,6495
-88,6494
4,6493
-40,6492
-55,6491
42,6489
-27,6488
43,6487
26,6486
-41,6485
-15,6484
8,6482
1,6480
-64,6479
19,6478
-55,6477
-4,6475
15,6473
-84,6472
-24,6471
-81,6470
-62,6469
-41,6468
-19,6467
15,6462
-30,6461
-62,6460
-91,6458
81,6457
27,6454
94,6453
-29,6450
-60,6448
22,6447
80,6446
1,6444
67,6443
80,6442
-79,6441
80,6439
49,6438
-18,6437
-44,6436
85,6435
-75,6434
-75,6433
-11,6432
87,6427
93,6426
-33,6425
-27,6424
36,6423
-88,6421
-58,6419
85,6417
15,6416
37,6415
-38,6413
29,6412
-55,6409
85,6407
-44,6406
-13,6405
0,6404
-5,6403
-10,6402
56,6401
-84,6399
-82,6398
71,6397
-77,6396
53,6395
73,6394
-91,6392
-16,6390
-16,6389
-52,6388
-64,6387
56,6386
21,6385
-46,6384
-47,6380
29,6378
93,6377
-89,6376
-99,6375
-42,6374
-95,6372
-50,6371
-55,6368
93,6367
93,6366
-45,6364
3,6362
-64,6361
-54,6360
58,6359
-11,6358
-63,6356
-16,6355
44,6354
74,6353
3,6352
-31,6351
46,6350
-38,6349
57,6348
-29,6347
82,6346
36,6345
74,6344
57,6343
63,6342
-18,6341
-15,6340
47,6338
89,6337
86,6335
68,6333
-37,6332
-42,6331
36,6330
61,6329
26,6327
-77,6326
-99,6325
76,6324
22,6323
25,6322
26,6320
51,6319
-92,6317
69,6316
-36,6314
-2,6313
10,6312
-7,6311
-60,6310
-68,6308
-11,6307
-92,6305
-76,6304
21,6303
-47,6302
-86,6301
-53,6300
-77,6299
86,6298
-48,6295
4,6294
8,6292
-25,6291
-73,6290
-3,6288
-41,6287
32,6286
-60,6285
-90,6284
-26,6282
-70,6281
48,6280
-45,6278
-58,6277
41,6276
-77,6275
-12,6274
97,6273
-24,6272
91,6271
-96,6270
-95,6267
51,6266
22,6264
41,6263
-44,6262
-89,6261
74,6260
48,6258
-8,6257
-84,6254
22,6253
56,6252
-85,6251
-95,6250
-96,6249
60,6248
-9,6247
-6,6246
-50,6245
33,6244
16,6243
99,6242
18,6241
28,6240
64,6238
-20,6237
-19,6236
-70,6235
76,6232
-29,6231
34,6230
-47,6228
-7,6227
-9,6222
22,6221
-76,6220
-58,6218
-55,6217
45,6216
-85,6215
68,6214
4,6213
-57,6212
59,6211
81,6210
23,6209
100,6208
20,6206
90,6205
72,6204
94,6203
-81,6202
62,6201
56,6199
-22,6197
21,6196
-70,6195
-40,6194
93,6193
-63,6192
-25,6191
-77,6190
-99,6189
28,6186
24,6184
-84,6183
-63,6182
-50,6181
6,6179
32,6178
97,6177
79,6176
71,6175
-46,6174
1,6173
-63,6172
-100,6171
52,6170
-39,6169
61,6165
59,6164
76,6163
-82,6162
-6,6161
-54,6160
0,6159
-43,6158
82,6157
35,6156
36,6155
82,6154
99,6153
97,6152
-52,6151
-26,6150
-83,6149
46,6148
-33,6147
-93,6146
-93,6144
24,6141
-58,6140
29,6139
76,6138
-29,6137
2,6136
-61,6134
-33,6133
-40,6130
-77,6128
58,6127
-8,6126
-1,6125
17,6124
-68,6123
-79,6122
-75,6121
46,6120
11,6119
69,6118
-71,6117
94,6116
-49,6115
23,6113
32,6112
-28,6110
-55,6109
72,6108
-74,6107
88,6105
-83,6104
71,6103
-68,6102
-45,6101
78,6100
-83,6098
36,6097
-93,6096
-3,6095
94,6094
15,6093
87,6092
70,6091
59,6090
-46,6089
82,6088
-20,6087
53,6085
49,6084
85,6082
-16,6081
52,6079
-61,6077
37,6076
29,6073
20,6072
-79,6070
-24,6069
-55,6068
-99,6067
-65,6065
54,6064
11,6063
18,6062
3,6061
-38,6060
87,6059
-22,6058
-29,6057
78,6056
46,6055
61,6054
16,6053
17,6052
-59,6051
-92,6050
33,6048
-78,6047
-90,6046
15,6045
20,6044
100,6041
30,6040
-97,6039
-55,6038
28,6037
58,6035
23,6034
-58,6033
16,6031
-73,6030
-47,6029
-28,6028
-62,6026
82,6025
87,6024
34,6023
-59,6022
-16,6021
79,6020
0,6019
-86,6017
71,6015
-6,6014
-59,6013
-43,6012
35,6011
71,6009
-62,6008
-23,6007
82,6005
52,6003
45,6002
56,6001
2,6000
-50,5997
-15,5996
22,5995
-4,5994
25,5992
71,5991
90,5990
-93,5989
92,5986
-58,5985
-1,5984
79,5983
0,5981
12,5980
-59,5979
84,5977
-72,5974
16,5972
-63,5969
25,5968
-26,5967
75,5966
60,5962
39,5961
71,5960
75,5959
-22,5958
15,5957
-14,5956
-79,5955
11,5952
-61,5950
57,5949
-79,5948
29,5945
-86,5944
-43,5943
-36,5941
-29,5940
-91,5939
39,5938
81,5937
-14,5936
-45,5935
-68,5934
76,5933
75,5931
42,5930
93,5926
13,5925
-41,5923
57,5921
-28,5920
-37,5919
-67,5918
24,5917
21,5916
-50,5914
-16,5911
-67,5910
26,5907
15,5906
-69,5905
-76,5904
-55,5903
18,5902
96,5900
-89,5899
-30,5898
-6,5897
-77,5896
52,5895
67,5894
-90,5893
-68,5892
91,5891
89,5890
-41,5889
43,5888
-26,5887
79,5885
16,5884
-78,5883
44,5882
-16,5881
25,5880
33,5878
61,5877
53,5876
62,5875
35,5874
32,5872
-71,5870
-92,5868
8,5867
21,5865
-76,5863
50,5861
42,5860
-62,5859
4,5857
-46,5856
-45,5855
-25,5854
13,5853
-36,5852
74,5850
53,5849
51,5848
93,5847
41,5846
93,5845
1,5844
74,5843
16,5842
49,5841
38,5840
-30,5839
-24,5837
-29,5836
-45,5835
-84,5834
80,5833
0,5831
72,5830
-50,5828
-77,5827
76,5826
34,5825
67,5824
46,5821
30,5818
-85,5817
-78,5816
-46,5814
-48,5813
-98,5812
-28,5811
90,5810
30,5809
-78,5808
41,5807
-32,5806
-40,5805
49,5803
-78,5801
-12,5800
32,5799
-95,5798
-30,5796
22,5794
-55,5793
33,5792
-20,5791
-14,5790
-12,5789
-47,5786
-30,5784
-19,5783
24,5782
8,5780
28,5779
-38,5778
7,5777
-90,5776
-6,5773
-65,5772
-16,5770
-38,5769
39,5768
-12,5767
-90,5766
-95,5765
58,5764
-81,5762
-13,5760
-100,5759
62,5758
85,5757
45,5755
-79,5752
-54,5751
30,5749
-73,5748
83,5747
42,5746
-48,5745
14,5744
22,5743
60,5742
-91,5737
73,5736
-5,5735
-5,5734
-92,5733
-14,5732
29,5731
-72,5730
-13,5726
45,5725
45,5720
-33,5717
-82,5716
97,5714
72,5713
-16,5712
72,5711
-47,5710
-79,5709
-20,5708
-37,5706
89,5705
-98,5704
-54,5703
90,5702
-16,5700
-64,5698
23,5697
-48,5696
84,5695
-41,5694
-67,5693
-50,5692
-1,5691
-7,5688
-61,5687
14,5686
-58,5685
30,5684
86,5683
-22,5682
43,5681
-16,5680
98,5679
25,5677
-39,5676
-60,5675
-87,5674
8,5673
87,5672
-50,5669
-63,5667
11,5666
64,5665
-85,5663
65,5661
13,5659
-2,5658
-81,5657
45,5656
-99,5655
-67,5653
-7,5652
43,5651
95,5650
75,5649
87,5648
-72,5646
-52,5645
25,5644
-46,5643
69,5642
-76,5641
-17,5639
62,5637
-31,5636
-50,5634
58,5633
-31,5632
56,5631
-23,5630
-39,5628
92,5627
9,5622
-75,5621
-5,5620
-39,5619
54,5618
2,5617
-38,5616
-29,5615
-58,5613
25,5612
90,5611
-4,5610
72,5609
-91,5608
-24,5607
86,5606
-98,5605
-13,5604
49,5602
99,5601
30,5600
0,5599
43,5598
85,5597
-91,5595
-20,5594
-4,5593
-47,5590
66,5589
39,5588
79,5587
35,5585
22,5581
-55,5580
-14,5579
10,5578
-73,5577
1,5576
65,5575
-41,5570
86,5569
41,5568
60,5567
30,5566
74,5565
-65,5563
22,5562
81,5561
-37,5560
-98,5559
10,5558
21,5557
-43,5556
-66,5555
34,5554
10,5553
-86,5552
-85,5551
-90,5549
69,5547
2,5546
11,5545
-1,5544
65,5543
55,5542
-9,5541
100,5540
-1,5539
5,5538
-19,5537
67,5536
89,5535
-76,5534
83,5532
-69,5531
67,5530
46,5529
41,5528
-45,5527
3,5526
61,5525
59,5524
11,5523
8,5522
-13,5521
-17,5520
-19,5519
-96,5517
-64,5515
91,5512
1,5511
-97,5510
75,5508
-3,5506
-41,5505
-90,5504
-58,5503
-58,5502
-45,5500
-87,5497
-2,5496
-90,5495
87,5494
-58,5492
-38,5490
6,5489
-82,5488
-70,5487
-86,5486
-94,5484
53,5482
35,5479
-68,5478
67,5477
47,5475
-4,5469
-87,5467
-39,5465
85,5463
-76,5461
-80,5460
-36,5458
-95,5457
-21,5456
-63,5455
-76,5454
78,5453
79,5452
83,5451
15,5450
-69,5449
7,5448
48,5446
-92,5445
16,5444
3,5443
33,5442
-60,5441
87,5440
95,5439
51,5438
-72,5437
-58,5436
18,5434
-80,5433
46,5432
-71,5431
66,5429
-24,5426
68,5424
-81,5421
37,5420
81,5419
-69,5417
-77,5412
-1,5411
-18,5410
-70,5408
22,5406
32,5405
22,5404
-96,5402
85,5401
27,5400
-34,5399
44,5398
63,5397
82,5396
-49,5395
-67,5394
26,5392
58,5391
-38,5390
-59,5388
54,5387
-69,5386
1,5385
-85,5382
10,5380
74,5379
-60,5378
-100,5377
-99,5375
-89,5374
60,5373
-60,5372
26,5371
-64,5370
27,5369
-25,5368
83,5366
-51,5362
-99,5361
52,5360
92,5358
67,5357
42,5356
44,5355
16,5354
91,5352
44,5351
23,5346
-69,5345
-54,5344
-54,5342
-28,5340
-26,5337
-42,5336
64,5335
57,5334
11,5333
91,5332
-16,5331
-65,5330
-9,5327
-100,5326
32,5324
-1,5323
-41,5320
67,5317
34,5316
-80,5314
-62,5313
-62,5309
-87,5308
44,5305
13,5304
12,5303
-78,5301
49,5300
12,5299
-80,5297
-80,5296
91,5294
47,5293
55,5292
-20,5291
59,5289
-47,5288
-23,5287
29,5286
30,5284
29,5283
55,5282
-86,5281
-55,5280
-15,5279
79,5278
65,5277
12,5276
53,5275
-16,5274
-11,5273
23,5272
2,5271
53,5270
-77,5269
-38,5268
-54,5267
56,5265
34,5264
30,5263
-44,5262
-11,5261
72,5260
4,5259
-86,5256
-88,5255
0,5253
-98,5251
63,5250
-61,5249
16,5248
73,5247
22,5245
-10,5243
-69,5242
4,5240
-12,5239
85,5237
-21,5235
-90,5234
-67,5232
-95,5231
-20,5230
79,5229
-42,5228
-1,5227
-40,5226
-88,5223
-47,5222
42,5221
-41,5220
41,5219
-62,5217
35,5216
71,5215
-32,5213
16,5212
47,5211
-12,5210
-64,5207
-58,5206
-63,5205
37,5203
-61,5202
-90,5200
-7,5199
-27,5198
-54,5197
86,5196
11,5194
4,5193
74,5192
-71,5191
46,5190
-19,5189
53,5188
-48,5184
-95,5183
-33,5182
-17,5181
-16,5180
-67,5179
4,5175
-81,5174
59,5173
-95,5172
-33,5171
-56,5170
-20,5168
-18,5167
-2,5166
26,5165
-69,5164
-85,5162
62,5161
-51,5160
2,5159
3,5158
49,5157
-61,5156
79,5155
-22,5153
45,5151
-90,5150
85,5149
43,5148
-83,5147
38,5145
-69,5142
74,5141
77,5139
-34,5137
-6,5136
-66,5135
-6,5134
-40,5133
59,5132
46,5131
-96,5130
-56,5129
59,5128
54,5127
-35,5126
-36,5125
25,5124
60,5123
1,5120
-39,5119
-59,5117
72,5116
-8,5115
14,5114
64,5113
-25,5111
-94,5108
37,5106
69,5105
12,5103
-89,5102
16,5101
-15,5100
18,5099
45,5098
49,5096
-56,5095
-15,5094
-99,5093
92,5092
-94,5091
74,5090
74,5089
-87,5087
-45,5086
98,5084
31,5082
51,5079
-51,5078
-19,5076
36,5075
-90,5074
-80,5073
-81,5072
-82,5070
14,5069
-48,5068
-60,5067
75,5066
39,5064
-81,5063
-55,5062
94,5061
77,5060
-49,5058
2,5055
72,5054
83,5053
0,5052
-69,5050
59,5049
98,5044
-34,5043
-31,5042
-5,5041
82,5040
46,5039
-13,5037
66,5036
87,5035
-42,5034
54,5033
85,5032
-31,5031
67,5029
81,5028
-2,5027
-22,5026
56,5024
64,5023
54,5021
-57,5020
-15,5019
-18,5018
-62,5017
16,5016
3,5015
-96,5014
48,5013
-32,5012
-99,5011
99,5010
-73,5006
70,5005
35,5004
26,5003
-89,5002
73,5001
-92,5000
-14,4999
-12,4998
-51,4996
6,4995
-43,4993
80,4992
43,4991
16,4990
-16,4989
-37,4988
-24,4987
19,4985
-98,4984
-23,4983
29,4981
32,4980
-10,4979
20,4977
-82,4976
-82,4975
40,4974
-55,4973
-91,4972
-58,4969
14,4968
94,4967
-78,4966
-16,4965
-8,4964
-66,4962
-5,4961
-27,4960
-46,4959
50,4957
-95,4956
-92,4954
-67,4953
-84,4952
-36,4951
23,4950
-56,4949
67,4948
9,4947
-18,4946
-90,4944
82,4943
89,4942
73,4940
-58,4937
76,4936
1,4934
81,4933
-43,4932
11,4931
40,4930
-14,4928
-84,4927
95,4926
-50,4925
48,4924
24,4923
67,4922
-47,4920
-18,4919
-62,4917
39,4916
-47,4915
8,4913
15,4912
-32,4911
-64,4910
-37,4908
-7,4906
-32,4903
96,4902
59,4901
-18,4900
70,4899
66,4898
-20,4897
-5,4896
-43,4894
-95,4892
82,4891
77,4890
62,4889
-82,4888
36,4887
-43,4886
-89,4885
76,4884
94,4881
86,4880
57,4878
85,4877
32,4876
-84,4874
-75,4872
66,4870
-42,4869
-12,4868
-83,4864
-71,4863
-17,4862
-58,4860
-88,4858
-74,4857
-7,4856
29,4855
-40,4854
82,4853
82,4852
-14,4851
52,4850
-26,4849
-12,4848
93,4847
26,4846
37,4845
39,4843
-65,4842
70,4840
-28,4839
60,4838
24,4837
-42,4835
-15,4834
19,4833
39,4832
78,4831
69,4830
43,4828
80,4827
-66,4826
60,4825
-89,4824
-88,4823
-28,4822
-33,4821
-100,4819
-15,4818
22,4816
2,4815
-42,4814
-46,4813
-60,4812
84,4810
23,4809
66,4807
97,4806
57,4804
-68,4803
59,4802
43,4798
-50,4792
-86,4790
-42,4789
-9,4788
49,4786
27,4784
66,4782
99,4778
54,4777
-50,4775
97,4774
-24,4773
47,4772
-11,4771
-5,4770
-61,4768
51,4767
-49,4766
-81,4765
78,4764
-63,4763
19,4762
33,4761
-98,4760
77,4759
-77,4755
-26,4753
9,4752
-41,4746
-45,4743
74,4742
13,4740
32,4738
56,4737
-79,4736
-99,4735
-10,4734
50,4733
27,4732
-38,4730
-44,4729
-43,4727
62,4726
-33,4725
40,4724
36,4723
30,4722
-43,4720
1,4719
100,4718
-52,4717
90,4716
68,4715
-13,4713
98,4712
-3,4711
-45,4710
100,4709
73,4708
-5,4707
-10,4705
63,4704
28,4703
-24,4702
-47,4701
72,4700
19,4699
-48,4698
-79,4697
-69,4696
-27,4693
-12,4692
69,4691
32,4690
-25,4688
-34,4687
-16,4686
-46,4685
92,4684
-25,4683
-19,4682
33,4681
2,4680
-45,4679
-42,4678
89,4677
55,4676
-42,4674
-36,4672
15,4671
-86,4670
57,4669
100,4668
-22,4666
4,4665
26,4664
-46,4663
94,4661
-18,4660
-44,4659
9,4658
-63,4657
58,4656
56,4655
55,4653
-46,4650
25,4649
-42,4648
51,4647
-9,4645
-57,4644
22,4643
65,4642
-74,4639
56,4638
97,4637
-88,4636
-100,4635
-93,4633
17,4632
-43,4630
82,4629
62,4627
-84,4626
86,4625
-10,4624
-46,4623
55,4622
31,4621
84,4620
-85,4619
48,4618
67,4615
21,4614
-67,4613
-56,4612
12,4611
4,4610
69,4609
24,4606
68,4605
-16,4604
68,4602
-88,4601
-79,4600
90,4598
95,4597
28,4596
-6,4595
-23,4594
-34,4593
-10,4592
90,4591
10,4588
36,4587
-13,4586
-73,4585
17,4581
94,4580
-80,4578
30,4577
-38,4576
24,4575
-75,4572
-97,4571
-29,4570
8,4569
-2,4567
-27,4565
-62,4563
45,4561
73,4560
30,4558
-2,4557
45,4556
-39,4555
-40,4554
-47,4553
-94,4551
78,4549
93,4548
43,4547
-17,4546
-28,4544
45,4542
-99,4540
-77,4539
-99,4538
33,4535
-83,4534
-20,4533
94,4531
-96,4530
-33,4529
22,4528
18,4525
-44,4524
-4,4523
-15,4522
-81,4521
-82,4520
60,4519
59,4517
84,4516
-77,4515
60,4514
83,4513
-84,4512
-3,4511
0,4507
-74,4506
-2,4505
19,4504
-66,4503
69,4502
12,4500
-99,4499
98,4498
-94,4497
-51,4494
76,4493
22,4492
-91,4491
50,4490
-88,4486
-19,4485
-19,4484
-41,4483
-78,4481
44,4479
-24,4478
-51,4476
-39,4474
-76,4473
87,4472
-32,4469
42,4467
45,4466
-42,4465
-47,4464
-95,4463
39,4462
-3,4461
49,4460
-94,4458
-74,4456
42,4455
1,4452
17,4451
69,4450
-11,4448
-43,4447
-78,4446
-46,4444
77,4441
-45,4440
-77,4439
-65,4437
-66,4435
78,4432
92,4431
-98,4428
45,4427
-79,4425
3,4423
11,4422
4,4421
-70,4420
-50,4419
19,4418
-61,4417
30,4416
-51,4414
-70,4413
4,4412
-41,4411
8,4410
44,4409
-72,4407
84,4406
60,4404
51,4403
-25,4402
61,4401
-6,4400
-94,4399
-15,4397
50,4395
34,4394
92,4393
79,4392
45,4391
23,4389
89,4388
13,4387
12,4386
-22,4385
-82,4384
46,4383
-33,4380
15,4379
13,4377
-89,4376
-90,4375
-74,4374
-1,4372
66,4371
-21,4370
20,4368
-68,4365
0,4364
-99,4362
56,4361
49,4359
33,4358
52,4357
54,4356
-58,4355
-42,4354
-85,4353
-72,4352
-12,4351
14,4350
18,4348
49,4347
93,4345
-6,4344
39,4343
60,4342
91,4341
65,4340
100,4339
-95,4334
-5,4332
-66,4331
-25,4330
48,4329
63,4328
-39,4327
60,4325
-95,4324
-20,4323
14,4322
52,4321
-53,4320
49,4319
3,4318
95,4317
-59,4315
-59,4313
-85,4312
96,4311
-84,4310
-59,4309
4,4308
70,4307
-1,4306
19,4304
-51,4303
-18,4302
78,4300
-14,4299
-18,4297
-6,4296
5,4295
94,4294
13,4292
-75,4291
99,4290
78,4289
75,4287
-92,4286
-75,4285
21,4282
30,4280
67,4278
90,4277
-89,4276
-60,4275
57,4273
91,4272
89,4271
19,4270
-22,4268
82,4267
-43,4266
31,4265
16,4263
94,4262
-99,4260
7,4259
-5,4257
97,4256
100,4255
-61,4254
94,4253
-100,4252
-29,4251
92,4250
47,4249
-87,4248
-41,4247
-33,4246
-17,4245
15,4244
65,4242
81,4240
92,4239
59,4238
-12,4237
-51,4236
71,4235
-87,4234
-66,4229
-75,4228
-85,4227
14,4226
-63,4225
-22,4224
26,4223
-45,4222
-95,4219
-74,4218
6,4217
92,4216
-48,4215
5,4214
-69,4213
81,4212
-61,4211
-5,4210
31,4209
21,4208
92,4207
58,4206
-63,4205
7,4204
-95,4203
78,4201
-5,4200
-19,4199
85,4197
-63,4196
-69,4195
70,4194
-98,4192
63,4191
-91,4188
-65,4187
32,4185
-93,4184
82,4183
5,4182
-6,4181
91,4180
-79,4178
-27,4177
-29,4176
54,4175
41,4174
12,4172
35,4171
-81,4170
27,4169
37,4168
-84,4166
52,4165
50,4164
94,4163
53,4161
60,4160
-40,4159
-57,4158
96,4157
18,4156
-45,4154
1,4152
-47,4151
41,4150
-90,4149
67,4147
-60,4145
62,4144
-55,4143
70,4142
84,4140
52,4139
-96,4138
-17,4136
-93,4135
-41,4133
-81,4132
-62,4131
6,4130
-27,4129
-36,4128
-9,4127
94,4126
-86,4125
-30,4119
18,4118
59,4117
-86,4115
80,4114
-35,4113
-55,4112
16,4110
-83,4109
-74,4107
-75,4106
4,4105
-3,4104
74,4102
-44,4101
-38,4098
-24,4097
-78,4096
64,4095
-91,4094
-64,4092
5,4090
82,4089
21,4087
25,4086
-90,4085
7,4084
-36,4083
-20,4081
6,4080
-49,4079
-34,4078
-3,4076
37,4075
-11,4073
-86,4072
-41,4071
3,4070
-72,4069
-42,4068
39,4066
14,4065
92,4062
-14,4061
-82,4058
50,4057
-79,4055
-59,4054
-15,4052
53,4051
-93,4050
-73,4049
-16,4048
-87,4046
51,4045
-29,4044
16,4043
19,4042
-3,4040
29,4038
-94,4037
-30,4035
-98,4034
-49,4033
33,4032
-57,4030
-99,4027
19,4026
-42,4025
-52,4024
28,4023
15,4022
-37,4021
-97,4020
46,4019
52,4018
-39,4017
60,4016
47,4015
-83,4013
39,4009
-69,4008
86,4007
2,4006
8,4004
47,4002
54,4001
78,3998
63,3997
57,3996
-52,3995
53,3994
31,3993
-43,3992
-12,3990
14,3989
52,3988
-69,3987
-28,3986
-40,3985
-39,3984
-42,3983
-30,3982
-16,3981
21,3979
-26,3977
-33,3976
21,3975
20,3973
7,3971
-73,3970
12,3969
58,3968
33,3966
98,3965
88,3964
39,3963
-63,3961
-92,3960
-24,3959
-19,3958
25,3957
100,3956
-38,3953
-43,3951
-85,3950
54,3949
-40,3948
28,3947
75,3946
-37,3945
-86,3940
-30,3939
-88,3937
3,3936
55,3934
-82,3933
-86,3932
3,3931
-38,3930
55,3928
-37,3927
-42,3925
-67,3923
-42,3920
-62,3919
-29,3918
91,3917
-34,3916
-8,3915
27,3913
-96,3912
66,3911
71,3905
69,3904
19,3903
-43,3900
-68,3899
-51,3898
41,3897
6,3896
-66,3895
-30,3894
59,3893
75,3892
43,3890
-67,3888
-52,3887
88,3886
10,3885
-55,3883
94,3881
100,3880
-94,3878
-73,3877
80,3874
70,3873
57,3872
-50,3871
-43,3868
59,3867
60,3866
43,3865
-64,3863
14,3862
84,3860
-7,3858
-82,3857
-68,3856
-79,3855
-67,3854
49,3853
59,3852
-69,3851
-64,3848
24,3847
11,3846
16,3845
77,3844
36,3843
50,3842
-96,3841
-57,3840
38,3839
51,3835
64,3834
15,3833
-91,3831
-5,3830
97,3828
-79,3826
100,3825
-92,3824
-64,3823
-90,3822
31,3821
-62,3820
-22,3819
-6,3817
26,3816
41,3815
-43,3814
-93,3812
-51,3811
45,3809
-45,3808
53,3807
60,3806
-31,3804
23,3803
26,3799
3,3798
39,3796
28,3795
61,3794
12,3793
-64,3792
-11,3791
75,3789
41,3788
-94,3785
10,3784
-97,3783
29,3782
34,3780
-16,3779
63,3778
-8,3777
-91,3776
-94,3775
-22,3774
-38,3773
33,3772
-49,3771
-94,3770
-3,3769
-76,3768
67,3765
-1,3763
-48,3761
33,3760
65,3757
-68,3755
-67,3753
-66,3752
47,3749
33,3748
12,3747
59,3746
94,3745
-16,3743
100,3742
70,3741
-82,3740
50,3739
40,3738
33,3736
21,3735
-32,3733
33,3732
-82,3731
-9,3730
92,3729
-49,3728
-56,3727
28,3726
29,3725
18,3724
69,3721
36,3720
-67,3718
-34,3716
97,3715
-57,3714
39,3713
-5,3711
60,3710
60,3709
-44,3708
-22,3707
93,3705
-44,3704
68,3702
21,3700
-74,3699
-58,3698
-86,3697
-35,3695
-45,3694
24,3690
31,3689
92,3688
98,3687
-99,3686
19,3685
-13,3684
-44,3682
-29,3681
35,3680
-51,3678
38,3677
-56,3675
-83,3674
-27,3673
-85,3672
-81,3670
-57,3668
80,3667
-22,3666
-45,3664
64,3663
70,3662
-8,3661
-48,3660
-32,3659
-76,3658
44,3657
55,3655
-15,3654
92,3653
-36,3652
-27,3651
-51,3650
52,3649
-85,3647
-85,3646
-15,3645
-88,3644
28,3643
18,3642
-33,3641
67,3640
-60,3638
-43,3637
35,3636
-13,3635
8,3634
-82,3633
-79,3632
92,3631
-74,3630
29,3626
15,3625
-46,3623
-19,3622
-92,3621
66,3619
60,3618
-18,3617
3,3616
10,3615
67,3612
-99,3611
90,3610
-70,3609
67,3608
-87,3607
20,3606
55,3605
68,3604
-36,3603
-94,3601
-92,3600
-52,3599
-96,3598
-27,3597
-13,3596
-42,3595
-63,3593
15,3592
48,3591
-32,3590
25,3589
10,3587
-21,3586
-38,3584
-69,3583
78,3582
65,3581
34,3579
-11,3578
-25,3576
40,3575
40,3572
-3,3571
-78,3570
38,3569
64,3568
21,3567
53,3566
-10,3565
50,3564
-25,3563
-75,3561
-15,3560
10,3559
-54,3558
93,3557
-24,3556
-10,3555
-31,3554
-24,3553
-31,3552
50,3546
57,3545
92,3544
65,3543
-35,3542
-44,3539
4,3538
-73,3537
17,3536
36,3535
6,3534
84,3532
42,3531
42,3530
-11,3529
-50,3528
1,3527
19,3526
35,3525
-94,3524
47,3522
50,3519
33,3518
-77,3516
-88,3515
91,3514
43,3513
99,3512
19,3511
-24,3510
11,3506
80,3504
23,3503
80,3502
-43,3501
56,3500
61,3499
4,3497
34,3496
9,3494
13,3493
11,3491
-83,3489
31,3488
45,3487
-5,3484
81,3483
-100,3482
84,3481
-45,3480
96,3478
25,3477
36,3476
-73,3475
99,3474
36,3473
33,3470
-19,3469
95,3468
79,3467
-76,3466
-84,3465
-58,3463
80,3462
55,3461
-3,3460
-35,3459
-56,3458
69,3457
-96,3456
74,3455
14,3454
59,3452
-33,3451
-7,3450
-71,3449
5,3448
-21,3446
-100,3445
-57,3444
57,3443
91,3441
77,3440
92,3438
-75,3437
-36,3436
71,3435
-22,3432
-13,3431
-83,3430
-65,3428
83,3427
-69,3425
6,3424
9,3423
-68,3422
-82,3421
-13,3420
65,3419
-84,3418
61,3416
15,3415
71,3414
15,3413
95,3412
-30,3411
-5,3409
-35,3408
-97,3407
-19,3406
-57,3405
-2,3404
-43,3403
47,3402
-41,3400
40,3399
93,3398
31,3397
-84,3395
-27,3393
72,3392
-42,3391
-90,3389
8,3387
-29,3386
15,3384
67,3382
66,3380
-23,3379
-40,3377
81,3376
24,3375
-90,3373
-79,3370
-64,3369
-43,3368
-53,3366
9,3365
13,3364
-95,3363
-84,3362
61,3361
93,3360
80,3359
-12,3358
-99,3356
44,3355
-71,3354
19,3353
-70,3348
-100,3347
78,3345
-20,3344
-42,3342
-5,3341
-23,3340
-6,3335
-84,3334
-85,3332
-1,3331
68,3330
-17,3329
19,3328
25,3327
-56,3326
58,3323
83,3322
79,3321
94,3320
23,3319
-88,3318
78,3317
8,3316
-30,3315
-27,3314
93,3313
-48,3311
-74,3310
-95,3309
-62,3308
-57,3304
-38,3303
-72,3302
6,3301
19,3299
46,3297
-66,3296
-85,3293
-88,3292
23,3291
49,3289
-40,3288
-32,3287
-66,3286
28,3285
15,3284
84,3283
-52,3282
13,3281
85,3280
22,3279
-41,3278
-15,3277
18,3276
63,3275
-53,3274
67,3273
47,3272
-11,3270
-82,3269
-78,3268
95,3267
-45,3265
30,3264
67,3262
22,3261
97,3260
63,3258
-75,3257
-59,3256
4,3255
69,3254
69,3253
-2,3252
88,3250
74,3249
-6,3248
-30,3247
55,3246
22,3245
-35,3244
23,3242
-12,3241
28,3240
-16,3239
-20,3238
12,3237
-46,3236
47,3235
-15,3233
-36,3232
38,3231
-59,3228
-49,3226
33,3225
74,3224
100,3223
81,3222
-12,3221
-58,3220
-62,3219
59,3217
56,3215
67,3214
75,3213
-60,3212
37,3211
61,3208
32,3207
-31,3206
37,3205
-95,3204
-63,3203
-52,3201
-88,3200
-52,3199
-49,3198
68,3197
49,3196
-33,3195
1,3193
62,3192
-96,3191
88,3190
-80,3189
-79,3188
34,3187
-18,3185
-78,3184
82,3183
-2,3181
71,3179
-39,3176
-47,3174
9,3172
-38,3171
-82,3170
-48,3169
-45,3167
-2,3166
62,3165
31,3164
12,3162
-25,3161
-94,3158
-71,3157
-8,3156
52,3155
8,3154
43,3153
21,3152
64,3151
23,3150
79,3149
41,3148
-77,3147
52,3146
5,3145
-35,3144
-11,3143
-55,3142
0,3141
-18,3140
-66,3139
3,3137
-2,3136
-35,3135
-88,3134
-55,3133
46,3132
89,3131
85,3130
-95,3128
46,3127
77,3126
52,3124
-43,3123
-55,3122
86,3120
-37,3118
63,3116
-53,3115
48,3114
-29,3113
-95,3112
91,3111
-14,3110
-16,3109
95,3108
17,3107
27,3105
51,3103
95,3102
64,3101
-54,3100
-84,3098
56,3097
63,3096
-3,3095
-44,3093
4,3091
-58,3090
21,3089
-22,3088
-72,3087
-11,3084
-29,3083
-85,3082
48,3081
-90,3080
-55,3079
-86,3076
-36,3075
47,3074
-17,3073
31,3072
-72,3071
62,3070
77,3069
-7,3067
-98,3066
-44,3063
43,3062
92,3061
85,3060
53,3058
-32,3057
-2,3056
-63,3055
19,3054
-99,3053
25,3052
-43,3048
49,3047
10,3046
-21,3045
26,3044
42,3043
-95,3042
-91,3041
-43,3040
-46,3039
13,3037
29,3036
-10,3034
57,3033
12,3032
97,3030
-21,3029
-10,3028
77,3027
75,3026
64,3025
-7,3023
-60,3022
54,3021
20,3020
-18,3017
-93,3016
12,3015
-86,3014
-93,3012
-10,3011
20,3010
-10,3008
85,3007
90,3006
-38,3003
61,3002
-89,3001
9,2999
18,2998
52,2997
24,2996
-4,2995
-81,2993
98,2990
73,2989
-12,2988
-34,2986
13,2985
78,2984
74,2983
16,2982
68,2981
-56,2980
-41,2979
74,2978
-44,2976
70,2975
-82,2974
46,2972
0,2971
-93,2970
-53,2969
52,2968
-91,2966
-36,2965
-59,2964
-93,2963
-98,2962
2,2961
72,2959
41,2958
64,2957
76,2956
-36,2955
99,2954
-71,2953
-49,2951
-4,2948
-46,2947
87,2946
-35,2945
-85,2943
-1,2942
86,2940
-38,2939
-1,2938
-91,2936
-39,2935
-64,2933
-18,2932
1,2931
82,2930
98,2929
63,2928
95,2927
-10,2926
-62,2924
-39,2923
-56,2920
72,2919
-38,2917
22,2916
62,2915
-39,2914
45,2912
0,2911
-10,2910
38,2909
-17,2908
-59,2907
30,2906
-5,2905
42,2903
-18,2902
-54,2901
26,2898
-31,2897
-80,2895
14,2894
-7,2893
71,2892
-1,2891
78,2890
-85,2889
-44,2888
-17,2886
69,2885
-66,2883
18,2882
-54,2881
17,2880
-14,2879
76,2878
94,2877
-54,2876
5,2875
54,2874
37,2873
77,2872
-69,2870
-94,2869
19,2868
12,2867
-50,2866
-24,2865
61,2864
55,2863
-80,2862
86,2860
-83,2859
-14,2858
-58,2857
23,2856
85,2855
89,2854
-38,2853
40,2852
-96,2851
22,2850
66,2849
-52,2848
62,2847
-64,2846
-98,2843
-58,2841
-6,2840
-71,2838
-5,2837
-77,2835
-99,2833
86,2832
-44,2831
-58,2830
86,2829
29,2828
59,2827
82,2826
25,2825
17,2824
55,2823
34,2822
-49,2821
82,2820
-2,2817
22,2816
97,2815
-86,2813
-8,2812
2,2811
40,2809
81,2808
2,2807
-75,2806
6,2805
-97,2804
-31,2802
-57,2800
-58,2799
-55,2798
31,2796
-63,2795
-35,2794
-9,2793
89,2792
78,2791
16,2789
-24,2788
-95,2787
-90,2785
10,2784
-76,2783
-82,2782
-9,2780
1,2778
-93,2777
-39,2776
-88,2775
69,2774
20,2773
-20,2772
-99,2771
45,2770
7,2767
-13,2764
55,2763
-95,2762
-80,2761
13,2759
-85,2758
-57,2757
80,2755
55,2754
-87,2752
-88,2751
56,2749
65,2747
-47,2745
71,2743
49,2742
28,2741
-62,2740
37,2739
-22,2738
-19,2737
100,2736
72,2735
10,2734
72,2733
59,2731
8,2728
-93,2726
20,2725
-88,2724
-76,2723
-13,2721
-42,2720
18,2719
-79,2716
-48,2715
-18,2714
90,2713
-15,2712
-47,2710
36,2709
11,2706
-83,2705
37,2704
57,2703
75,2702
32,2701
-84,2700
-12,2698
88,2697
-42,2696
-45,2695
65,2694
34,2693
-100,2692
-7,2689
16,2688
-19,2685
-62,2684
87,2683
-36,2681
-62,2680
-51,2679
-8,2677
-54,2676
40,2672
-42,2671
-6,2669
68,2666
49,2665
-19,2664
58,2660
13,2659
-70,2657
-8,2655
-77,2654
-30,2653
39,2652
-93,2650
71,2649
-1,2648
-29,2647
-68,2646
-43,2645
-49,2643
53,2642
72,2640
-42,2639
73,2638
-46,2636
-3,2634
-23,2633
67,2631
-32,2630
-64,2629
46,2628
-99,2627
-42,2626
22,2624
-21,2623
33,2622
-75,2621
76,2618
18,2616
-87,2613
99,2612
8,2610
59,2609
-83,2608
-18,2607
27,2606
76,2604
-17,2603
-86,2602
19,2601
22,2600
-69,2598
97,2597
20,2596
-46,2595
22,2594
87,2593
-15,2591
-76,2590
39,2589
-18,2587
-77,2586
30,2585
44,2583
-79,2582
-16,2579
-19,2577
-47,2575
62,2574
-72,2573
-7,2572
-27,2571
10,2565
97,2564
-26,2563
-73,2561
-13,2560
62,2559
-29,2558
91,2556
30,2555
-79,2554
78,2552
4,2551
64,2550
84,2549
-38,2548
98,2542
16,2541
-98,2540
50,2539
-73,2538
28,2537
-29,2536
-41,2535
-63,2534
9,2533
13,2532
-75,2531
63,2530
-14,2529
58,2528
-6,2527
-5,2526
88,2525
-62,2524
-65,2523
-10,2522
11,2521
85,2520
4,2519
-34,2518
22,2517
-59,2516
-71,2515
-99,2513
-43,2512
-27,2509
-35,2506
38,2505
23,2504
-73,2503
60,2502
83,2501
-5,2499
74,2496
56,2495
57,2493
-28,2492
53,2490
-39,2489
-1,2488
50,2486
-43,2485
-62,2480
-9,2479
5,2478
45,2477
53,2476
-58,2475
18,2473
-32,2470
45,2469
-2,2468
36,2467
96,2466
-48,2465
15,2462
-63,2459
78,2458
-41,2457
0,2454
16,2452
-70,2451
-58,2449
-49,2448
-72,2447
25,2446
18,2445
-88,2444
35,2443
-60,2442
-24,2441
24,2440
-16,2439
-62,2438
-3,2437
46,2436
71,2435
-24,2434
58,2433
-72,2432
-35,2431
4,2430
-75,2429
58,2426
57,2425
22,2424
50,2423
-79,2422
-87,2421
-62,2419
89,2418
33,2417
-30,2415
-58,2413
58,2412
21,2411
-76,2410
-48,2409
32,2408
-69,2407
4,2406
-16,2405
32,2403
-80,2402
-45,2401
-95,2400
-51,2399
14,2398
52,2397
-60,2396
-87,2395
-55,2394
-77,2392
-58,2391
-62,2388
40,2387
23,2386
-66,2385
77,2383
-50,2382
-74,2381
76,2378
61,2377
-10,2376
32,2373
-28,2371
-1,2370
17,2369
-80,2368
-46,2367
-25,2366
-28,2365
1,2362
-42,2361
-88,2360
6,2358
82,2357
50,2355
29,2354
48,2352
22,2350
33,2349
-81,2348
-4,2347
-85,2346
35,2345
18,2344
77,2342
27,2341
60,2340
-90,2339
-31,2338
23,2337
19,2336
-28,2334
-51,2333
61,2332
42,2330
32,2329
-36,2328
-65,2327
-73,2325
13,2324
3,2323
47,2322
-62,2321
42,2320
42,2319
-22,2318
8,2317
-57,2314
25,2313
-39,2312
91,2311
-61,2310
87,2309
-47,2306
41,2305
86,2304
32,2303
-88,2301
12,2299
-81,2297
2,2296
51,2294
-23,2292
-86,2291
-90,2287
-41,2286
-63,2284
-67,2283
-66,2282
30,2281
-21,2280
88,2279
54,2278
25,2277
37,2276
-83,2274
-50,2273
-52,2272
-33,2271
51,2269
-27,2268
23,2267
69,2266
-4,2265
21,2264
-12,2263
-77,2262
-48,2261
92,2260
-28,2259
-67,2258
-25,2256
40,2255
-75,2254
-71,2253
-67,2252
-74,2249
-77,2247
-47,2246
-81,2245
-40,2244
85,2242
10,2240
-3,2239
-50,2238
42,2235
5,2234
42,2233
-24,2231
59,2230
30,2229
-61,2228
39,2227
-85,2226
75,2223
63,2220
90,2219
35,2218
9,2216
57,2215
-54,2214
-18,2213
-86,2212
25,2211
-18,2210
48,2209
-44,2208
64,2206
84,2205
-41,2204
58,2203
33,2202
72,2201
-23,2199
-96,2197
43,2196
-79,2194
-67,2193
-41,2192
49,2188
72,2187
96,2186
5,2184
27,2183
-38,2182
-48,2181
40,2180
-5,2179
79,2178
97,2177
62,2174
11,2172
8,2171
23,2165
29,2164
99,2163
31,2162
42,2161
-82,2160
52,2159
30,2158
-49,2157
-76,2156
-78,2155
55,2153
13,2152
81,2151
-28,2146
-88,2145
61,2144
78,2143
-35,2142
-70,2141
-87,2140
-2,2139
-32,2138
-70,2135
97,2134
77,2133
-13,2132
-87,2131
-36,2130
-1,2128
15,2126
-32,2125
48,2124
-64,2123
-99,2122
66,2121
17,2120
10,2119
-12,2117
97,2116
85,2114
24,2113
-43,2112
-6,2109
-100,2108
-13,2107
33,2106
-10,2105
-64,2101
-52,2099
76,2098
-78,2095
52,2093
26,2092
-50,2091
57,2090
-80,2088
83,2087
-82,2086
13,2085
-7,2084
-83,2083
-84,2082
-24,2081
85,2080
62,2079
-16,2077
-43,2076
-15,2075
61,2074
30,2073
89,2071
79,2069
69,2066
55,2065
3,2064
90,2063
26,2062
85,2060
60,2058
-24,2056
80,2054
98,2053
-47,2052
-37,2051
-40,2050
50,2047
80,2044
-7,2043
7,2041
-13,2040
32,2037
-33,2035
37,2034
40,2032
90,2031
-46,2030
41,2029
-92,2025
-56,2024
-69,2023
-54,2022
9,2020
31,2019
82,2017
-77,2014
48,2013
-15,2012
-69,2011
11,2010
35,2009
45,2008
6,2007
-70,2006
-49,2005
-80,2004
76,2003
-71,2002
-36,2001
-84,2000
-2,1999
43,1996
-51,1995
-99,1994
-77,1993
-28,1992
-31,1991
23,1990
-6,1989
60,1988
-25,1986
94,1985
97,1984
92,1983
-29,1982
72,1981
-76,1979
40,1978
79,1977
-72,1976
51,1975
-57,1974
3,1973
34,1971
-54,1970
56,1969
22,1968
95,1967
53,1966
67,1965
78,1964
-44,1962
100,1961
-15,1960
96,1959
-64,1958
-95,1957
-12,1956
9,1955
86,1953
-41,1952
97,1951
-41,1950
-86,1948
-78,1947
9,1946
86,1944
-56,1943
11,1942
-95,1941
-47,1940
-39,1939
58,1938
-2,1937
98,1936
-50,1934
-14,1933
-97,1932
62,1931
-4,1930
70,1928
38,1927
-34,1926
-60,1925
-80,1923
66,1921
28,1919
22,1918
-66,1917
-96,1916
39,1915
-24,1914
-52,1909
-88,1908
-70,1906
-8,1905
79,1904
47,1902
30,1901
-55,1900
43,1899
-5,1898
14,1897
-73,1892
50,1891
-86,1890
-10,1887
17,1886
-57,1885
80,1882
-58,1881
27,1880
-36,1877
-52,1876
-40,1875
-65,1874
33,1873
17,1872
-93,1871
14,1870
-84,1868
76,1867
-5,1866
-12,1865
85,1863
-44,1862
-46,1861
59,1860
94,1859
79,1858
-47,1856
39,1854
29,1850
39,1848
-27,1846
82,1845
-18,1843
80,1842
-5,1841
31,1840
46,1839
-98,1838
89,1837
-52,1836
-13,1835
-67,1832
31,1830
11,1828
61,1827
-56,1826
-6,1825
-85,1824
98,1823
19,1821
59,1819
51,1818
-56,1817
-49,1816
-14,1815
-11,1814
82,1813
68,1812
-95,1811
40,1810
-39,1808
30,1807
51,1805
34,1804
79,1803
-54,1802
-30,1801
99,1800
37,1799
-47,1797
-13,1796
-42,1793
-46,1792
-69,1790
73,1789
27,1788
15,1787
16,1786
94,1785
-47,1784
-54,1783
-25,1782
17,1781
38,1780
61,1779
88,1778
58,1777
6,1776
32,1774
23,1773
19,1772
-97,1771
-21,1770
-53,1769
-77,1767
61,1765
-16,1764
-8,1763
-16,1762
75,1761
4,1760
-14,1759
52,1758
-19,1757
14,1755
-16,1754
40,1753
63,1750
77,1749
13,1747
90,1746
-47,1745
-34,1744
59,1743
-12,1741
-23,1740
-89,1739
-55,1738
-96,1737
88,1735
-62,1734
-59,1733
-55,1732
89,1731
-49,1729
-27,1727
-52,1724
-17,1723
-19,1722
56,1720
-48,1717
-83,1716
-96,1714
100,1713
-46,1712
-17,1710
46,1709
32,1707
-26,1706
-96,1705
-75,1703
-47,1702
-46,1701
-16,1700
93,1699
97,1698
-94,1697
18,1696
-46,1692
18,1691
-38,1690
34,1689
-54,1688
-5,1686
54,1684
12,1683
-51,1682
55,1681
-43,1679
48,1678
-2,1676
-3,1675
-77,1674
59,1673
39,1672
51,1671
-21,1669
-37,1668
-94,1666
-11,1665
79,1663
21,1662
-77,1661
85,1660
-9,1659
70,1658
-82,1657
33,1655
57,1654
-4,1653
12,1652
7,1651
-94,1650
-25,1648
55,1647
20,1645
-98,1644
2,1643
-65,1642
-77,1641
94,1640
46,1638
-92,1637
-95,1636
1,1635
-67,1634
33,1632
-99,1631
-3,1628
22,1627
62,1626
-96,1625
-71,1623
66,1622
-23,1620
-52,1619
-82,1618
34,1617
15,1616
-69,1615
67,1614
-98,1611
-20,1609
21,1608
-1,1607
-40,1606
16,1605
21,1604
-41,1603
87,1602
-12,1601
80,1600
-8,1599
57,1598
0,1596
-21,1595
50,1593
95,1592
30,1590
-38,1588
-23,1584
42,1583
65,1581
-88,1580
42,1579
-68,1577
4,1575
85,1573
-15,1572
-85,1571
-77,1570
19,1569
77,1568
53,1567
-47,1566
80,1563
27,1562
-13,1561
-83,1559
-64,1558
-85,1557
21,1556
37,1555
87,1553
-69,1552
67,1551
-22,1550
-15,1547
50,1546
95,1545
-88,1544
30,1542
92,1541
-26,1540
34,1538
82,1536
-48,1535
-24,1534
34,1533
83,1532
-34,1531
1,1530
4,1529
-22,1528
-59,1527
14,1526
28,1525
-2,1523
-70,1521
13,1519
6,1518
55,1517
68,1516
1,1513
48,1512
9,1511
31,1509
97,1508
8,1507
-84,1506
47,1504
82,1503
-61,1502
13,1500
-12,1498
-97,1497
-71,1496
-46,1494
-38,1493
62,1492
-64,1491
-78,1490
23,1489
15,1488
46,1487
-9,1483
-55,1482
-81,1481
-60,1478
96,1477
33,1474
1,1472
-82,1471
-71,1469
-36,1468
24,1467
28,1466
34,1464
-27,1463
57,1462
-16,1461
-54,1458
-19,1457
-14,1456
38,1455
-90,1453
-74,1452
-9,1451
74,1450
40,1449
96,1447
-89,1446
46,1445
50,1444
-57,1443
33,1442
33,1441
93,1440
-63,1439
63,1438
-90,1437
-26,1436
-85,1434
12,1433
-79,1431
-53,1430
-62,1429
85,1428
25,1426
-24,1425
-40,1423
55,1422
48,1421
13,1420
93,1419
-100,1418
4,1417
-44,1416
-99,1415
-62,1414
68,1413
67,1412
55,1411
13,1410
81,1409
88,1408
-84,1407
18,1405
-22,1402
24,1401
-17,1399
14,1398
-33,1397
96,1396
-46,1395
64,1394
80,1393
39,1392
80,1391
-97,1390
-22,1389
84,1388
39,1387
48,1386
83,1385
-27,1384
-98,1383
-28,1382
56,1381
35,1380
-99,1378
-66,1377
76,1376
44,1374
-4,1373
62,1372
56,1370
35,1369
-20,1367
-65,1366
75,1365
64,1364
30,1363
-59,1362
41,1360
55,1359
-53,1358
82,1357
67,1356
70,1355
19,1353
-75,1352
-62,1351
8,1350
-42,1349
-66,1348
35,1347
2,1344
69,1343
-75,1342
-1,1341
-37,1340
90,1339
-16,1338
68,1337
91,1336
66,1335
-50,1334
-14,1333
-67,1331
-19,1330
17,1329
7,1328
9,1326
38,1323
-49,1322
83,1319
-68,1318
70,1316
-34,1314
-73,1313
87,1312
-26,1311
6,1310
-38,1309
38,1308
-7,1307
-73,1306
30,1305
39,1304
-39,1303
-36,1302
-31,1301
39,1300
73,1299
-70,1298
3,1297
-67,1296
64,1294
-100,1293
-11,1292
-58,1291
80,1290
18,1289
71,1288
-20,1286
-83,1285
-17,1284
11,1283
-53,1282
-32,1280
-62,1279
-22,1278
68,1277
-77,1276
-100,1275
1,1274
-96,1273
95,1271
10,1270
43,1269
-43,1267
54,1266
-10,1264
37,1263
-13,1262
-72,1261
1,1260
-98,1259
-44,1258
55,1256
-34,1255
-27,1254
-100,1253
-77,1252
5,1251
-27,1249
-71,1248
33,1246
38,1244
29,1242
-61,1241
22,1238
19,1237
70,1236
84,1235
65,1234
70,1233
-91,1231
-39,1228
35,1227
70,1226
-9,1225
11,1224
-59,1221
15,1220
22,1219
-8,1218
-44,1216
-90,1215
45,1213
19,1211
-71,1210
-67,1209
-25,1208
-84,1207
5,1206
-85,1205
-83,1201
10,1200
53,1199
-37,1198
41,1197
-91,1194
14,1192
45,1191
-70,1188
11,1184
18,1182
-99,1180
40,1179
-7,1177
93,1176
83,1175
-98,1174
-18,1172
92,1170
100,1169
100,1168
88,1167
-54,1166
61,1165
35,1162
-91,1160
-81,1159
-3,1158
69,1157
-52,1156
73,1155
-44,1154
-36,1153
-38,1152
100,1151
97,1149
-55,1148
-92,1147
41,1146
-83,1145
-9,1144
81,1143
-75,1142
-98,1141
35,1140
-90,1139
-9,1136
-20,1135
-50,1134
50,1133
-95,1132
83,1131
15,1130
23,1128
42,1126
65,1124
-4,1123
-68,1122
-40,1121
-88,1120
78,1119
-28,1118
-17,1117
-57,1116
-46,1115
-77,1112
-86,1111
-67,1110
87,1109
10,1108
2,1106
12,1105
26,1104
-8,1101
-13,1098
-6,1096
7,1095
68,1094
32,1093
30,1092
-48,1091
11,1090
-32,1089
59,1086
97,1085
-98,1081
-49,1080
-79,1079
-42,1078
-84,1077
-5,1076
3,1072
96,1071
-100,1070
-4,1068
56,1065
-40,1064
-44,1063
66,1062
-1,1061
77,1060
56,1059
-97,1058
-83,1057
-33,1055
80,1054
-83,1053
-49,1052
81,1051
11,1050
-19,1049
61,1048
97,1047
-76,1046
-23,1045
68,1044
-94,1043
46,1042
25,1040
-9,1039
66,1038
-40,1037
-36,1036
70,1035
-11,1034
-92,1033
-14,1032
3,1030
62,1029
32,1027
-10,1026
-41,1025
10,1024
51,1023
-100,1022
-77,1021
38,1018
25,1017
-50,1015
-90,1014
-90,1011
70,1009
-25,1008
86,1007
25,1006
78,1005
30,1004
-76,1000
-36,999
-46,998
-49,995
-23,993
-60,992
-12,991
-42,990
39,989
-90,987
-25,986
-47,985
18,983
18,982
-97,981
-4,980
72,979
-43,978
69,977
10,976
-2,974
77,973
18,972
60,970
91,969
14,968
90,967
83,965
62,963
-23,960
-66,959
-38,958
57,954
43,952
60,951
-15,950
-43,947
7,946
-12,944
66,943
-31,942
-89,941
-56,939
-61,938
-80,937
-34,936
6,935
99,934
46,932
73,931
-48,930
-26,929
-76,928
57,927
88,925
100,924
10,923
70,922
-7,919
-24,918
42,917
91,916
85,915
100,914
5,912
45,909
48,908
-90,907
32,906
-77,905
29,904
-88,903
64,901
69,900
-88,899
-81,898
-68,897
24,894
50,892
91,891
68,890
73,889
67,887
-66,886
-80,885
-48,884
88,882
-71,881
-93,880
11,879
-83,878
-43,875
79,872
-4,869
-83,868
60,867
-93,865
-9,864
-45,863
-4,862
-3,861
-10,859
16,858
-14,857
2,856
44,855
4,854
58,853
-83,852
-45,850
87,849
-36,848
-47,847
-28,845
-56,844
-10,842
90,841
-69,839
-17,838
-48,836
-83,835
-41,833
22,832
90,831
58,830
22,829
33,828
68,824
-64,823
18,822
-44,821
-20,819
-8,818
76,817
-44,816
-96,815
64,814
-96,813
-18,812
0,810
-54,809
-6,807
-17,805
-53,804
-23,803
60,802
-99,801
23,800
-23,799
-100,798
-94,797
67,795
-8,793
14,792
-41,791
47,790
-60,789
-79,788
-50,786
-62,785
71,784
34,783
88,782
-74,781
-12,778
59,777
8,774
-60,773
7,772
12,770
-87,768
84,767
84,764
0,763
-17,762
-42,760
-62,755
-19,754
46,753
-27,750
-57,749
-11,748
73,747
-96,744
-63,743
94,742
30,740
-3,739
-93,737
-60,736
71,735
85,733
-55,732
-25,731
97,730
5,729
20,727
-41,726
-31,725
12,724
0,723
87,722
-87,721
58,719
-5,718
-94,717
-56,716
49,715
-12,712
20,710
20,708
100,707
18,706
-84,704
-63,703
-4,702
53,701
-40,700
-10,699
-69,698
-63,697
54,694
40,693
62,692
-11,690
-6,689
-49,687
33,686
17,685
-50,684
-86,681
-22,680
93,679
-83,678
-84,677
60,676
27,673
-5,672
-33,671
-42,670
59,669
-50,668
-27,667
84,666
-61,664
-81,663
51,662
-74,661
7,660
-54,659
-59,658
-70,657
-63,656
-73,655
-9,654
-33,653
55,652
7,651
-43,650
11,649
58,645
29,643
-84,642
-82,641
31,640
-40,638
35,636
95,635
63,632
20,630
-32,629
91,628
85,627
5,626
-62,625
82,624
-46,622
-37,621
92,620
53,619
-18,618
-55,615
33,613
-72,611
94,609
-28,608
50,607
9,606
70,605
-31,604
-37,602
-37,601
84,600
-76,599
-41,597
-16,595
89,594
42,593
61,591
75,590
-58,589
-29,588
-68,584
-95,583
68,582
-67,580
-37,576
47,575
-86,574
-96,573
-29,572
22,571
70,569
-8,568
-51,567
0,566
-38,564
98,563
-62,561
47,560
2,558
-15,556
-95,555
29,554
37,553
34,552
6,551
79,549
-50,548
-17,547
-98,546
-96,545
34,543
53,540
-93,539
95,538
-19,537
88,536
11,535
83,534
-95,532
73,529
27,528
40,527
89,525
-14,524
66,523
78,522
55,521
-67,520
-39,519
-17,518
12,516
-47,515
89,514
-49,513
71,512
33,509
-71,506
-57,505
43,504
5,503
-63,501
-44,500
69,499
-29,498
49,497
71,496
-90,495
-31,493
92,492
-70,491
-5,490
95,489
35,488
93,485
54,484
30,483
32,482
-32,480
98,479
-70,478
64,477
53,476
58,474
30,472
-48,471
-60,470
15,469
39,468
81,466
21,465
-68,464
-8,461
-77,460
-59,459
-43,458
45,457
-22,455
-14,454
-9,453
8,451
4,450
-77,449
93,448
1,447
-50,446
-4,445
2,443
69,441
-37,440
-83,436
14,435
86,434
-38,433
-76,432
74,431
-92,430
-1,428
-10,427
-8,426
-42,424
-55,423
20,421
-59,420
79,419
92,417
-6,416
-88,415
43,414
14,411
-35,410
-61,409
-51,408
-86,407
93,406
72,405
-98,403
77,402
86,400
-86,399
-19,398
-23,397
-83,396
45,395
-5,393
-79,390
-100,389
65,388
64,387
-40,385
15,384
22,382
-55,381
53,380
-85,379
-24,378
-33,377
-7,376
-97,374
35,373
-88,372
-69,371
-22,370
89,369
52,367
-98,366
76,365
63,364
-54,363
100,362
-37,361
-43,359
-24,358
-58,356
-71,355
80,354
-48,351
-62,350
68,349
-38,348
58,347
5,343
16,341
-16,340
11,339
16,338
-18,337
-44,336
56,334
-34,333
85,332
-16,330
25,328
83,327
15,326
17,324
-2,323
-90,322
83,321
33,319
31,317
61,316
1,315
-20,313
-93,311
44,310
-51,308
-77,305
7,304
-62,303
26,301
-84,300
-72,299
-85,298
29,297
68,295
86,294
-73,293
51,291
-32,290
90,288
66,287
94,286
22,285
-14,284
74,282
11,280
-33,279
-4,277
50,276
-75,275
99,273
21,272
94,271
-28,270
99,269
42,268
66,267
86,266
57,264
70,263
51,262
-73,261
-1,258
48,257
-24,256
67,255
-47,254
46,252
-94,249
-32,248
85,247
-19,246
-38,245
-85,242
4,240
-96,239
-72,238
-46,237
-9,236
24,235
92,234
67,233
51,231
23,230
29,229
86,228
73,223
-63,222
-10,221
-57,219
50,218
82,216
2,215
-50,214
93,213
90,211
75,210
71,206
76,205
-28,204
21,203
-99,200
50,198
-6,197
-30,196
-43,194
52,193
94,192
-56,191
-46,190
59,188
85,187
-46,186
-83,185
86,184
72,183
-72,181
15,180
61,178
36,177
10,176
-81,174
-12,173
56,172
-11,171
100,170
-23,169
-34,168
33,165
-50,164
93,162
48,161
13,160
-48,157
79,156
48,155
-70,153
54,151
35,150
56,148
71,146
-97,145
-84,144
-61,143
61,142
48,141
46,140
85,139
38,138
38,137
-5,136
19,135
-3,133
100,132
-13,131
30,130
31,129
100,128
-91,127
95,126
52,125
78,124
28,122
96,121
-78,118
-72,117
66,116
-23,114
61,113
-68,112
94,111
40,110
-70,109
-8,108
55,107
-62,106
8,105
100,104
-43,101
14,98
19,97
21,96
49,94
29,93
-32,91
68,87
-14,86
-14,85
-96,83
-68,82
-41,81
-77,80
-2,78
-84,77
-71,76
85,75
-6,74
-51,73
91,72
67,71
44,70
36,69
40,68
-49,66
36,65
58,64
-13,63
-44,62
-61,61
-72,60
8,59
27,58
-61,57
23,56
74,55
-95,54
96,51
-72,50
93,49
-100,48
-83,47
-83,46
-77,45
11,44
-13,43
43,42
-33,40
40,39
-50,38
-61,37
-22,36
-35,35
-13,34
14,33
-72,32
68,30
-98,29
-68,27
-64,26
77,21
-21,18
50,17
-100,16
-88,15
-82,14
84,11
67,10
-74,8
-16,7
-47,6
-20,5
91,4
65,3
-26,2
-83,1
-55,0
