-36,10000
91,9999
-46,9997
95,9996
80,9995
99,9994
23,9993
-34,9992
-95,9991
49,9990
-80,9988
13,9987
-5,9986
12,9985
-20,9984
56,9983
-26,9982
-68,9981
-3,9980
74,9979
-1,9978
90,9977
-78,9973
92,9971
54,9970
-98,9969
38,9967
55,9966
43,9965
-22,9964
85,9963
-66,9962
64,9958
21,9957
56,9956
18,9955
53,9954
-94,9953
-19,9951
53,9948
-28,9946
47,9945
-61,9944
-69,9943
76,9942
-19,9941
67,9939
18,9938
-4,9935
-79,9934
87,9933
-54,9930
78,9929
70,9928
85,9927
-22,9925
-16,9924
71,9921
-70,9920
74,9918
67,9917
0,9916
31,9914
46,9912
71,9911
-13,9910
92,9909
72,9908
-90,9906
60,9904
89,9903
-25,9902
4,9901
55,9899
34,9898
72,9897
91,9896
99,9895
52,9892
-16,9889
66,9888
-42,9884
-26,9883
73,9882
70,9881
22,9880
81,9878
32,9877
56,9876
-85,9873
82,9872
-97,9871
-54,9869
57,9868
31,9867
-21,9866
-18,9865
62,9863
86,9862
-75,9861
-53,9860
-16,9858
-59,9857
62,9856
-4,9855
-40,9854
-58,9853
-91,9851
96,9850
100,9848
-92,9847
69,9846
-68,9845
-22,9844
-59,9843
-85,9841
-16,9838
-51,9837
-16,9836
81,9835
17,9834
-11,9833
65,9832
42,9830
27,9829
58,9827
-100,9826
-50,9825
-13,9823
-43,9822
37,9821
-38,9820
-22,9818
15,9816
1,9815
35,9814
-90,9812
54,9811
-31,9810
71,9808
73,9807
-26,9806
74,9805
83,9804
25,9803
99,9799
-62,9796
61,9795
14,9789
73,9788
0,9787
-98,9785
51,9784
-89,9783
77,9782
-4,9780
-8,9776
-69,9773
60,9772
56,9769
65,9766
-80,9765
-82,9763
-54,9762
51,9760
7,9759
9,9758
-28,9757
-55,9756
-26,9755
-88,9754
23,9753
68,9751
-54,9750
21,9749
13,9748
-17,9745
55,9744
100,9743
40,9741
65,9740
96,9739
95,9738
-52,9737
-67,9735
-4,9734
-51,9733
36,9732
100,9731
69,9730
79,9729
65,9728
-99,9727
94,9726
98,9725
-67,9724
-18,9723
-28,9722
-98,9721
-9,9720
-16,9719
19,9718
10,9717
55,9716
47,9713
11,9712
-72,9711
24,9710
-51,9709
-81,9708
-70,9707
-31,9706
-13,9703
46,9702
95,9701
39,9700
18,9699
-87,9698
38,9697
-27,9696
54,9695
55,9693
86,9692
29,9691
-1,9688
-71,9687
37,9685
38,9684
-77,9683
5,9682
100,9680
-31,9679
84,9677
86,9674
-10,9673
-38,9672
-45,9671
-19,9670
-3,9669
89,9668
69,9667
-2,9666
-49,9665
-39,9659
60,9658
-53,9657
43,9654
87,9653
51,9651
93,9650
29,9649
-57,9647
-93,9646
70,9645
76,9644
-51,9642
64,9641
99,9640
69,9638
36,9637
86,9635
-25,9634
-51,9633
81,9632
-53,9630
-83,9629
65,9628
11,9625
-10,9624
-42,9623
5,9621
69,9620
6,9619
45,9618
-97,9617
-25,9616
58,9615
-36,9611
57,9609
-17,9608
90,9605
54,9604
-7,9603
-8,9602
66,9601
70,9600
39,9599
-1,9597
-13,9596
-89,9595
-68,9594
-93,9593
-30,9592
57,9591
86,9590
26,9589
-53,9588
75,9587
-28,9585
57,9584
-28,9583
94,9581
-62,9579
-62,9578
61,9577
-25,9575
-77,9573
-7,9572
17,9571
74,9570
-41,9569
-34,9568
-6,9567
87,9565
-67,9564
25,9563
-9,9561
-31,9560
-57,9558
-32,9557
51,9556
-28,9555
33,9554
24,9552
-35,9551
88,9550
60,9548
-84,9547
-47,9546
-23,9545
-70,9544
87,9543
26,9542
83,9541
-72,9539
30,9538
-38,9537
37,9535
13,9534
20,9532
22,9530
79,9529
83,9528
51,9526
-61,9523
35,9522
-10,9521
-70,9520
12,9519
29,9518
-32,9517
-56,9515
-9,9514
-91,9513
-29,9512
48,9510
18,9509
-16,9508
11,9507
-25,9506
22,9505
61,9503
77,9502
72,9501
50,9500
-32,9499
70,9498
96,9497
58,9496
-87,9494
87,9493
55,9492
-33,9491
-25,9490
-32,9489
-33,9487
8,9486
68,9484
-98,9481
71,9480
63,9479
96,9478
-69,9477
-17,9475
-95,9474
43,9473
-14,9472
16,9471
-69,9470
8,9469
18,9468
-27,9466
93,9465
20,9464
-90,9463
-86,9462
30,9461
-29,9460
5,9459
-36,9458
-47,9456
52,9454
71,9453
11,9452
1,9451
-71,9450
45,9449
-9,9447
-90,9445
-25,9444
90,9443
14,9442
78,9441
53,9440
58,9439
-72,9438
-64,9437
-56,9436
-94,9435
52,9434
-26,9433
80,9432
44,9431
-26,9430
82,9428
52,9427
-95,9426
-24,9425
6,9423
-18,9422
-95,9421
-9,9420
-51,9419
100,9418
54,9417
-42,9415
-88,9412
69,9410
-77,9408
9,9407
61,9406
60,9405
-54,9403
-21,9402
81,9401
-4,9400
91,9399
-29,9397
-22,9395
-54,9391
-91,9390
-75,9389
37,9388
-75,9387
-36,9385
73,9384
18,9383
-99,9382
-98,9381
-19,9378
-52,9376
28,9375
-39,9374
47,9373
48,9369
62,9368
74,9366
24,9365
-4,9364
-34,9363
-11,9361
-68,9359
70,9358
-58,9356
-44,9355
-57,9354
-2,9353
13,9352
-7,9351
-39,9350
-27,9349
25,9348
74,9347
-11,9344
-71,9343
-33,9338
-61,9337
98,9335
-100,9334
-30,9333
-4,9332
27,9331
-87,9329
52,9328
-80,9327
53,9326
-55,9325
69,9323
26,9322
-41,9320
14,9319
-54,9318
74,9317
-24,9314
-62,9313
-32,9312
-49,9310
100,9308
-60,9307
34,9305
82,9304
-62,9303
46,9302
28,9301
52,9300
7,9298
3,9297
89,9296
-65,9295
78,9294
-49,9293
96,9292
-63,9291
-37,9290
23,9289
21,9288
66,9287
-94,9286
19,9285
-89,9284
-88,9283
4,9282
30,9280
4,9279
-75,9278
7,9276
38,9275
-8,9273
5,9272
-75,9271
86,9268
42,9267
47,9266
43,9264
-85,9262
49,9258
49,9257
-54,9255
-90,9254
46,9251
-38,9250
60,9249
52,9248
-61,9247
-23,9243
-8,9242
-7,9240
-87,9239
54,9238
-73,9236
-91,9235
-88,9234
78,9232
54,9231
-28,9230
-39,9229
37,9228
87,9226
-53,9225
-96,9224
93,9223
-95,9220
-93,9219
-95,9218
-98,9215
30,9214
-88,9213
-88,9212
52,9209
41,9207
-91,9206
38,9205
19,9204
-77,9203
-30,9202
-30,9201
-39,9200
-27,9199
20,9196
24,9195
-19,9194
-89,9193
24,9192
28,9191
-82,9190
30,9189
-12,9188
62,9187
99,9186
-30,9184
1,9182
14,9181
-62,9180
77,9179
-11,9178
-59,9177
86,9175
85,9174
58,9172
65,9171
-19,9170
-59,9169
-10,9167
-4,9165
-98,9162
56,9161
96,9160
66,9159
86,9158
-18,9157
46,9155
-3,9154
-97,9153
40,9152
16,9151
46,9150
-31,9149
26,9148
-58,9147
77,9146
-95,9145
-15,9144
-90,9143
-89,9142
-98,9141
11,9140
-85,9139
80,9138
-13,9137
48,9136
-17,9135
-16,9134
-2,9133
36,9132
39,9130
-78,9129
89,9128
23,9127
-95,9126
15,9125
14,9124
-64,9121
-20,9120
-53,9119
-18,9118
45,9117
-59,9115
-17,9114
-65,9112
6,9111
-5,9109
-97,9108
76,9106
-48,9104
0,9103
-25,9102
-42,9101
-78,9100
-2,9099
54,9098
94,9097
26,9096
-41,9095
-11,9094
-43,9093
2,9092
88,9090
-52,9089
2,9088
-38,9087
61,9086
-14,9085
11,9082
-100,9080
-50,9079
84,9078
-82,9077
17,9075
-14,9074
-88,9073
-96,9072
-90,9071
-18,9070
-2,9069
23,9068
69,9067
10,9064
-58,9063
-65,9062
-100,9061
77,9060
-80,9059
-80,9058
47,9057
-10,9056
-47,9055
45,9054
69,9053
-60,9051
29,9049
-2,9048
92,9047
-63,9046
44,9045
-93,9043
-28,9042
1,9041
81,9040
65,9039
-72,9038
-50,9036
-70,9034
-19,9032
83,9027
-48,9026
-60,9024
54,9022
73,9020
66,9019
-68,9018
67,9017
65,9016
18,9014
-38,9013
97,9011
51,9010
-48,9009
97,9007
-29,9004
-42,9003
29,9001
-84,9000
-15,8999
6,8998
94,8997
-49,8996
95,8995
-54,8994
-31,8993
21,8989
67,8984
62,8983
-57,8982
-8,8981
8,8980
100,8979
11,8978
32,8977
88,8976
-74,8975
-79,8972
-1,8970
40,8969
19,8968
-91,8967
-48,8965
-27,8962
17,8961
-10,8960
-82,8958
-47,8956
-37,8954
80,8953
27,8951
-8,8947
-49,8946
65,8945
-70,8944
74,8943
99,8942
-45,8941
-49,8940
68,8939
11,8938
42,8936
-100,8935
-30,8934
-76,8933
81,8932
72,8928
-59,8927
-34,8926
50,8925
-29,8924
69,8923
60,8922
94,8921
-17,8918
82,8916
32,8915
40,8914
57,8912
-51,8910
57,8909
78,8908
76,8907
-7,8906
46,8905
64,8902
81,8901
78,8900
-57,8899
69,8898
-10,8896
37,8895
-64,8894
2,8893
40,8892
66,8890
88,8889
58,8888
-28,8886
89,8884
32,8882
-29,8881
68,8878
51,8877
40,8876
88,8875
42,8874
36,8873
70,8871
-25,8869
78,8867
-65,8866
53,8865
-10,8864
38,8862
99,8861
-95,8860
-36,8859
31,8858
49,8857
34,8856
100,8855
38,8852
-36,8851
-11,8850
0,8849
9,8848
39,8847
-44,8846
-8,8843
78,8842
90,8841
95,8840
-63,8839
-20,8838
-42,8837
-61,8836
-16,8835
12,8833
-81,8832
50,8830
-14,8829
57,8828
-52,8827
96,8826
41,8825
-88,8823
89,8820
-37,8819
95,8818
7,8817
7,8816
-78,8814
14,8813
-42,8812
81,8811
-94,8810
60,8808
-3,8807
28,8806
56,8805
-59,8804
56,8803
-56,8802
74,8801
-36,8800
82,8799
-3,8796
44,8795
-91,8794
64,8793
-33,8792
87,8791
-64,8790
90,8789
-52,8788
-69,8787
-91,8785
63,8784
-81,8783
51,8782
53,8781
56,8780
87,8779
-31,8778
28,8777
-42,8776
-9,8775
66,8774
-63,8773
-24,8772
-30,8771
-90,8770
-69,8769
-90,8768
4,8767
23,8766
62,8765
-6,8764
79,8763
-32,8762
-13,8761
-13,8759
68,8753
-54,8752
11,8751
-77,8750
87,8749
-67,8748
-2,8747
12,8744
58,8741
-56,8740
-54,8737
56,8735
53,8734
-77,8733
-90,8729
27,8726
51,8725
62,8724
45,8723
38,8722
48,8721
71,8720
-22,8718
74,8717
54,8716
-47,8713
-71,8712
96,8711
-13,8710
-94,8709
-46,8708
-98,8707
-91,8706
30,8705
64,8704
-18,8703
-48,8702
72,8700
-24,8699
-25,8698
-16,8696
-98,8695
-43,8692
36,8688
92,8687
-56,8686
10,8685
86,8684
-1,8683
-97,8682
-58,8680
-34,8679
6,8678
37,8677
-21,8676
-2,8675
38,8673
-74,8672
-45,8671
14,8670
-22,8669
13,8668
56,8665
7,8664
51,8663
-36,8662
-29,8661
92,8658
82,8657
-62,8656
-27,8655
-98,8654
33,8653
76,8652
86,8650
31,8649
-65,8648
-87,8646
-62,8645
82,8644
85,8643
43,8641
-34,8639
-42,8638
-96,8637
-67,8636
-99,8635
-22,8634
46,8633
8,8632
-29,8631
-87,8630
-41,8628
54,8627
40,8626
92,8625
-100,8624
-98,8623
16,8622
41,8621
-8,8619
99,8618
-94,8617
2,8615
81,8614
62,8613
55,8612
-2,8611
13,8610
57,8609
52,8606
-72,8605
-40,8604
31,8603
-93,8602
-1,8600
62,8599
64,8598
-46,8597
-31,8596
79,8595
47,8593
-55,8592
-4,8590
54,8589
83,8588
-98,8587
-33,8586
40,8585
32,8584
-9,8583
47,8582
-71,8580
-9,8579
52,8578
-16,8576
35,8574
-65,8573
-86,8571
50,8570
56,8569
-45,8568
-15,8567
-34,8565
92,8563
-99,8562
34,8559
-80,8557
-10,8554
9,8552
-99,8551
-72,8550
-4,8548
-87,8547
-26,8546
-13,8545
8,8544
-37,8540
-61,8539
-14,8538
5,8537
32,8536
88,8534
-6,8533
10,8532
96,8531
-16,8530
30,8529
83,8528
31,8527
6,8524
26,8523
-83,8522
-78,8521
39,8520
70,8519
28,8518
68,8515
-1,8514
40,8512
5,8511
-14,8509
-15,8508
77,8507
82,8506
-70,8505
-73,8504
-65,8503
95,8501
33,8499
-24,8498
8,8496
-76,8495
-30,8494
10,8492
-25,8491
26,8490
61,8489
73,8487
88,8486
-52,8485
66,8484
28,8483
-20,8482
-30,8480
67,8478
-50,8477
100,8476
13,8473
36,8472
60,8471
-93,8470
-52,8469
88,8468
2,8467
43,8466
71,8463
28,8461
98,8459
-10,8458
69,8456
8,8455
-33,8454
44,8453
84,8452
-51,8451
53,8450
22,8448
-1,8447
7,8446
-99,8444
98,8443
-84,8442
-81,8440
42,8439
-43,8437
32,8435
-94,8434
21,8433
59,8432
-33,8431
-8,8430
88,8429
16,8428
-61,8427
-45,8426
98,8425
-65,8424
70,8423
-90,8422
-68,8421
15,8420
24,8419
-40,8418
92,8416
-69,8415
20,8413
23,8412
33,8411
-31,8410
89,8409
-98,8408
39,8405
-30,8404
3,8403
19,8402
49,8401
51,8399
-40,8398
21,8397
-14,8396
74,8394
16,8393
66,8392
-55,8391
92,8390
-99,8389
-42,8387
-22,8386
71,8385
51,8384
14,8383
-85,8382
6,8381
-56,8380
23,8379
-51,8378
-83,8376
87,8375
11,8373
-14,8372
20,8369
93,8365
-42,8364
41,8363
43,8362
70,8361
-17,8360
64,8359
76,8358
33,8357
61,8356
6,8354
-57,8353
-36,8352
9,8350
28,8348
42,8347
54,8345
-20,8344
97,8343
61,8342
-89,8341
-23,8340
-12,8338
100,8337
-89,8334
-20,8333
69,8331
-85,8330
-83,8328
77,8327
77,8326
-4,8325
-67,8323
-19,8322
34,8321
28,8320
98,8319
-90,8318
-88,8317
77,8316
-80,8315
-61,8314
-49,8313
81,8312
-56,8311
-33,8310
-21,8309
31,8308
7,8307
58,8306
-58,8305
-31,8303
-56,8302
28,8301
-40,8299
-64,8298
56,8296
41,8295
74,8294
-38,8293
3,8290
-19,8289
31,8288
-44,8287
0,8286
-83,8284
32,8283
-58,8282
90,8281
12,8280
-70,8279
-61,8278
95,8277
58,8275
77,8274
-70,8273
30,8272
-62,8271
-80,8270
28,8269
60,8262
10,8261
28,8259
36,8257
81,8256
-54,8254
-5,8253
78,8252
36,8251
74,8250
-33,8249
15,8248
38,8247
-81,8246
19,8245
55,8244
-50,8243
69,8242
-47,8241
77,8239
59,8238
64,8237
-71,8236
51,8234
-26,8233
56,8232
19,8231
36,8230
-57,8229
-69,8228
49,8226
91,8225
-43,8224
-70,8223
0,8222
-98,8221
27,8220
70,8219
40,8218
-54,8217
76,8216
44,8215
-26,8214
-42,8213
79,8212
32,8210
-7,8209
75,8208
-41,8205
-70,8204
54,8203
-11,8202
-97,8201
-59,8200
-74,8198
-2,8196
86,8194
12,8193
63,8192
-65,8191
59,8189
36,8188
-54,8187
-87,8185
45,8184
-7,8183
-50,8182
13,8181
-47,8180
-44,8179
-42,8178
32,8177
87,8176
-13,8173
-5,8170
-11,8169
-95,8168
-39,8167
79,8166
-65,8165
-31,8162
-49,8161
7,8159
26,8157
-37,8156
-4,8154
-17,8150
97,8149
-51,8148
36,8147
-42,8146
-57,8145
93,8144
48,8141
-13,8140
60,8139
70,8137
-57,8135
64,8134
-77,8133
-96,8132
3,8130
-62,8129
71,8128
-65,8126
-95,8125
85,8124
-79,8122
-51,8121
11,8120
25,8119
65,8118
69,8117
30,8116
-43,8115
-81,8114
2,8113
-95,8111
-83,8110
90,8107
-85,8106
47,8105
-88,8103
-97,8102
-57,8101
-14,8099
78,8098
32,8097
-28,8096
-97,8094
79,8092
-15,8091
-70,8090
54,8088
71,8086
-85,8085
19,8084
9,8083
-65,8082
39,8081
87,8080
8,8079
83,8078
-5,8077
-64,8076
78,8075
71,8074
-55,8070
54,8068
65,8067
6,8066
40,8065
-50,8063
-13,8062
-78,8061
89,8060
-6,8056
81,8055
-99,8054
3,8053
20,8051
59,8049
80,8047
-58,8046
-16,8045
-79,8044
3,8043
82,8042
-32,8039
25,8038
74,8037
-35,8036
-84,8034
-79,8032
-59,8030
-43,8028
-64,8027
47,8026
26,8025
-62,8024
-27,8023
36,8022
-24,8021
61,8020
-4,8019
-88,8018
0,8017
67,8016
77,8015
-59,8013
33,8011
-57,8010
-37,8009
-81,8007
90,8005
-66,8004
99,8003
63,8000
60,7998
12,7997
53,7996
76,7995
-44,7992
-16,7990
-59,7989
-78,7985
9,7984
46,7983
-11,7982
-83,7980
6,7979
-85,7978
71,7977
55,7976
-47,7975
84,7974
59,7973
60,7972
54,7970
25,7969
86,7968
51,7967
33,7966
15,7965
-65,7964
3,7962
43,7961
86,7960
-58,7959
93,7958
78,7957
46,7956
96,7955
-99,7953
-8,7951
31,7950
-28,7949
-25,7948
9,7947
26,7946
-92,7945
64,7943
14,7942
17,7940
-71,7939
54,7938
-3,7934
30,7932
52,7931
-9,7929
-85,7928
35,7927
21,7926
55,7924
-94,7923
54,7922
87,7920
-15,7919
37,7917
15,7916
-91,7915
35,7914
-44,7913
-100,7912
50,7911
-96,7909
-20,7908
-2,7906
-39,7905
66,7904
-55,7903
75,7902
-86,7901
-55,7899
-50,7898
-94,7897
90,7896
37,7895
64,7894
-88,7893
-49,7892
59,7889
-40,7888
35,7887
-64,7884
82,7882
15,7881
10,7880
32,7878
-61,7877
5,7876
-67,7875
50,7874
52,7872
64,7871
-93,7870
-41,7869
-57,7868
59,7866
-97,7865
-74,7864
-82,7863
4,7861
71,7860
9,7859
-20,7857
-56,7856
-67,7855
28,7854
99,7853
-72,7852
48,7851
48,7849
73,7848
-53,7846
-22,7845
84,7844
-50,7843
-87,7841
-9,7840
-1,7839
35,7837
-72,7835
69,7833
-50,7832
98,7831
80,7830
4,7829
-54,7828
88,7827
76,7826
5,7825
-64,7824
-32,7822
-79,7821
59,7820
16,7819
-40,7817
56,7815
-18,7814
82,7813
-6,7812
-20,7811
-76,7810
-24,7808
1,7806
60,7805
-52,7804
-19,7803
-8,7802
-80,7800
6,7799
90,7798
-26,7797
-100,7796
43,7795
-34,7794
30,7793
38,7791
100,7790
30,7789
-61,7788
9,7787
-90,7786
43,7784
-47,7783
-19,7782
56,7781
-61,7779
-58,7778
-6,7777
-63,7776
-94,7775
40,7774
-43,7773
-93,7772
26,7771
-4,7769
-60,7768
43,7767
87,7766
-41,7765
-50,7764
-79,7760
-81,7759
1,7758
-65,7756
-51,7755
61,7753
0,7752
-42,7751
-52,7750
56,7749
-45,7748
99,7746
23,7745
100,7743
54,7742
-51,7741
75,7740
41,7739
-77,7738
-32,7735
-69,7733
5,7732
23,7729
24,7728
67,7726
66,7725
-39,7724
-26,7723
-63,7722
-14,7721
-90,7718
-9,7717
-34,7716
77,7715
37,7714
-39,7713
64,7712
-12,7710
10,7709
-83,7708
15,7707
-72,7705
100,7702
43,7700
-73,7698
75,7695
-77,7694
74,7693
-93,7692
-66,7688
-33,7687
82,7686
90,7685
19,7683
96,7680
-64,7677
87,7676
-75,7675
37,7674
4,7673
-4,7670
-64,7669
-96,7667
-86,7665
-98,7663
-91,7661
-21,7660
90,7659
28,7658
-36,7657
-27,7656
-70,7655
-77,7653
1,7652
-15,7651
-35,7650
69,7649
2,7648
-43,7646
56,7644
13,7643
-66,7642
3,7640
15,7639
32,7636
-40,7634
93,7632
-25,7631
-5,7629
-36,7628
-59,7626
-23,7625
94,7624
29,7622
6,7619
-28,7618
-100,7615
74,7613
24,7611
8,7610
15,7609
58,7605
61,7604
70,7603
-20,7601
33,7600
-40,7599
-2,7597
82,7596
83,7595
-9,7594
-17,7593
69,7592
-96,7590
-81,7587
-91,7585
45,7584
-58,7583
-40,7582
-100,7581
64,7580
4,7579
-53,7578
7,7577
90,7576
98,7575
-80,7574
-58,7573
91,7572
-26,7571
52,7570
16,7568
17,7567
-17,7565
9,7564
-13,7563
-20,7562
-63,7561
-70,7560
-58,7559
83,7556
41,7555
47,7553
23,7551
-77,7550
61,7549
86,7548
5,7546
-33,7545
-41,7544
-89,7543
97,7542
84,7541
69,7540
-90,7538
-29,7536
-86,7535
-56,7533
-42,7532
-81,7531
70,7530
-10,7529
0,7528
-14,7526
31,7525
59,7524
13,7523
14,7522
68,7520
79,7519
-77,7518
0,7516
85,7515
-2,7514
23,7513
-69,7511
50,7509
4,7508
-85,7507
66,7506
-52,7505
-12,7504
-86,7503
19,7502
-33,7501
16,7497
-7,7496
-59,7495
22,7494
72,7492
-78,7491
94,7490
-54,7489
-81,7488
63,7487
-58,7486
83,7485
-10,7484
-14,7483
61,7482
78,7481
73,7479
28,7477
-19,7476
-69,7475
-3,7473
-16,7472
-48,7469
-65,7467
-25,7465
94,7463
-7,7462
73,7461
62,7459
79,7458
-23,7457
-84,7456
-50,7455
14,7454
93,7451
62,7449
38,7446
73,7444
13,7442
89,7441
-21,7440
-70,7439
-7,7434
-10,7433
77,7432
-76,7431
96,7429
-97,7428
16,7426
-10,7425
19,7424
3,7423
61,7421
55,7419
11,7418
86,7417
36,7415
-68,7414
86,7413
99,7411
9,7409
16,7408
17,7407
78,7406
-12,7404
-97,7403
-66,7401
54,7400
-23,7398
96,7397
-6,7396
-46,7395
-34,7394
-58,7393
-2,7391
-35,7390
77,7389
-51,7388
14,7387
-22,7385
-46,7383
-73,7382
3,7381
-78,7379
12,7378
55,7377
-62,7373
-6,7372
-18,7371
77,7370
84,7369
78,7367
92,7366
86,7365
65,7363
-84,7362
75,7361
95,7360
-87,7359
-77,7357
15,7356
-20,7355
46,7353
7,7352
28,7351
-37,7350
0,7349
59,7348
-68,7347
73,7346
35,7345
-76,7344
-55,7343
-88,7342
80,7341
-68,7339
-24,7338
97,7337
-63,7336
57,7335
-93,7334
-4,7333
-20,7332
0,7330
-62,7326
69,7325
36,7322
4,7320
95,7319
45,7318
-91,7316
-39,7315
-20,7314
73,7313
71,7312
80,7311
41,7310
8,7309
-100,7308
-40,7307
91,7306
1,7304
-73,7302
8,7301
-98,7300
85,7298
2,7297
-65,7296
-76,7295
-68,7292
86,7291
75,7290
-57,7289
61,7288
94,7287
-19,7286
40,7285
-57,7284
69,7281
-60,7280
-17,7279
70,7278
20,7276
-32,7274
59,7273
-67,7272
17,7270
-84,7269
23,7268
-88,7267
-55,7266
-85,7265
-20,7264
-23,7262
94,7260
37,7259
69,7258
98,7257
26,7256
-90,7255
82,7254
-28,7253
-31,7252
38,7251
74,7250
-89,7249
11,7248
-35,7247
31,7246
41,7245
-31,7244
97,7243
18,7242
37,7240
-13,7238
-30,7237
68,7236
24,7235
-6,7233
-93,7232
-32,7231
-65,7230
-3,7229
-50,7228
-11,7227
21,7226
5,7224
8,7223
64,7220
-1,7219
80,7217
79,7214
-32,7213
-77,7210
92,7208
-83,7207
98,7206
53,7203
-87,7202
96,7201
68,7200
-36,7199
70,7198
75,7197
42,7196
-44,7195
80,7194
-53,7193
83,7192
97,7191
98,7189
46,7187
-54,7185
55,7184
-79,7182
22,7181
81,7180
2,7179
-78,7178
-56,7177
9,7176
58,7175
4,7173
72,7171
-28,7170
51,7169
21,7168
-51,7167
76,7166
-74,7165
-85,7164
-8,7163
-6,7162
-68,7160
-94,7158
-32,7156
-26,7155
64,7154
80,7153
-12,7152
-45,7151
-89,7150
98,7149
-88,7148
-48,7147
80,7146
60,7145
-95,7144
29,7143
-67,7142
90,7141
-61,7140
-27,7139
25,7138
-34,7137
54,7135
-17,7134
-2,7133
44,7132
45,7130
-100,7129
-84,7128
-65,7127
-48,7126
6,7125
-11,7124
16,7123
73,7122
96,7121
57,7120
-28,7119
-25,7117
-96,7116
-11,7115
61,7114
-25,7113
23,7112
-29,7111
-66,7109
-5,7108
84,7106
3,7105
53,7102
-43,7101
33,7100
21,7099
12,7097
-20,7096
-20,7095
-21,7094
-81,7093
-96,7092
-10,7091
88,7089
98,7088
97,7086
21,7084
-78,7083
-92,7082
-60,7081
6,7080
-69,7079
-35,7078
82,7077
99,7076
-82,7075
90,7074
-15,7073
2,7072
-40,7070
17,7069
-44,7068
89,7067
-15,7066
-55,7065
39,7064
-38,7063
85,7062
-58,7060
54,7059
-58,7058
-87,7056
85,7055
-76,7054
13,7052
-4,7051
-14,7048
35,7047
-45,7046
81,7045
-64,7042
-43,7041
-18,7040
5,7039
27,7038
48,7036
43,7035
52,7034
66,7033
5,7032
87,7031
-31,7030
-32,7029
-76,7028
-68,7025
-92,7024
46,7023
95,7022
37,7021
98,7020
74,7019
42,7018
-47,7013
83,7012
-46,7011
80,7010
85,7009
-2,7008
28,7007
0,7006
-82,7005
31,7004
-13,7002
19,7001
82,7000
58,6999
-24,6998
-71,6997
-100,6995
-84,6994
-88,6992
66,6990
97,6989
-70,6987
95,6984
51,6981
52,6980
-65,6979
-42,6978
-49,6977
-29,6976
-28,6975
12,6974
3,6972
-75,6971
-27,6970
50,6969
-51,6968
96,6967
57,6966
15,6965
50,6964
82,6963
35,6962
6,6961
11,6960
-90,6959
51,6958
-43,6957
-12,6956
65,6955
-93,6954
-84,6952
-45,6951
65,6950
63,6949
84,6947
31,6946
-53,6945
81,6944
82,6943
35,6942
-99,6940
89,6937
-7,6936
22,6935
94,6933
-67,6932
-38,6931
77,6930
-29,6929
27,6927
-49,6926
-73,6925
42,6924
66,6923
27,6922
-32,6920
-38,6917
55,6916
60,6915
-32,6914
2,6913
-46,6912
79,6911
53,6910
-73,6909
-78,6908
-6,6907
21,6905
-65,6902
-61,6901
-39,6900
45,6898
33,6897
12,6896
27,6894
-5,6892
-29,6891
9,6890
58,6889
-94,6888
41,6887
-89,6886
84,6885
-80,6884
-77,6883
33,6882
73,6881
58,6879
-49,6878
8,6877
-79,6876
9,6875
52,6874
-42,6873
-96,6872
-24,6871
52,6870
-6,6869
-95,6867
29,6866
80,6865
-64,6864
76,6863
-17,6861
-69,6860
-32,6858
51,6855
49,6854
-57,6853
-63,6852
-70,6851
27,6850
-100,6847
-32,6846
76,6845
-86,6844
17,6843
-37,6840
59,6839
-90,6838
-27,6837
-59,6836
-23,6835
34,6834
-14,6833
-51,6832
-13,6831
-9,6829
-83,6828
34,6827
79,6826
93,6825
67,6824
48,6823
72,6822
-8,6821
76,6820
2,6819
-27,6816
-39,6814
-98,6813
12,6811
88,6810
-46,6809
-50,6808
89,6807
-34,6806
5,6804
-90,6803
-91,6802
27,6801
-47,6800
27,6798
90,6797
100,6796
-54,6792
-96,6791
68,6790
87,6789
-39,6788
32,6787
9,6786
78,6785
-76,6783
-8,6782
47,6780
33,6779
30,6778
65,6777
23,6775
3,6774
71,6770
34,6768
82,6767
100,6766
21,6765
17,6761
39,6760
-87,6758
-78,6757
-39,6756
-85,6755
56,6753
-80,6752
73,6751
-42,6750
42,6749
-52,6748
48,6747
-78,6746
-86,6745
-97,6744
-87,6743
14,6741
75,6739
81,6738
80,6737
88,6735
-2,6734
-61,6731
-77,6730
-3,6729
31,6728
-51,6727
71,6726
14,6725
42,6724
1,6723
72,6722
-32,6721
-20,6720
-41,6718
-21,6716
86,6715
85,6714
-7,6712
-23,6711
-85,6710
-55,6709
2,6708
-83,6706
-64,6705
26,6703
-73,6702
37,6700
67,6699
-84,6698
97,6697
-50,6696
61,6695
-50,6694
62,6693
-50,6691
47,6690
86,6689
12,6688
-36,6687
-28,6686
60,6685
12,6684
-52,6683
20,6682
87,6680
-87,6677
-87,6676
-84,6675
-65,6671
15,6669
-41,6668
26,6667
37,6665
82,6664
97,6663
-52,6662
97,6661
-82,6660
-32,6659
-61,6657
71,6656
-31,6655
24,6654
72,6652
22,6650
2,6647
17,6645
5,6644
-3,6643
80,6642
54,6640
-37,6639
-72,6638
-77,6637
-1,6636
-51,6635
-14,6634
-95,6633
96,6632
-95,6631
4,6630
66,6628
-7,6627
42,6626
-32,6625
33,6624
70,6623
65,6622
20,6621
-85,6620
-48,6618
-89,6617
53,6613
30,6612
92,6611
-64,6610
-44,6608
-4,6607
-91,6606
-9,6605
-51,6604
81,6602
-34,6601
-6,6599
-82,6597
-12,6594
58,6590
35,6589
-98,6585
23,6584
-25,6583
-59,6582
17,6581
92,6580
-49,6579
49,6577
-67,6574
81,6573
-94,6572
-20,6571
44,6567
-92,6565
-11,6563
-39,6562
93,6560
83,6559
81,6558
-77,6557
14,6556
-56,6554
31,6553
-77,6552
-9,6551
67,6550
-60,6549
-30,6548
-67,6547
55,6546
98,6545
-44,6544
-21,6542
21,6541
87,6540
-15,6538
-73,6536
47,6534
19,6533
-3,6531
47,6530
6,6528
-91,6527
52,6523
93,6522
-67,6521
-82,6520
-76,6519
72,6518
-90,6517
-27,6516
-55,6515
45,6514
74,6513
-27,6512
-96,6511
57,6510
-81,6509
-28,6508
93,6506
-90,6505
2,6504
82,6503
-81,6502
50,6501
87,6500
-3,6498
43,6497
85,6496
-4,6493
-41,6492
-90,6490
-34,6489
-55,6488
-95,6487
45,6485
-74,6484
-36,6482
-48,6481
-90,6480
57,6479
-93,6477
-41,6476
32,6475
13,6473
-43,6472
-95,6471
-21,6468
41,6467
-25,6466
53,6461
52,6460
-85,6459
-29,6458
62,6457
-12,6456
77,6454
-88,6453
0,6452
-57,6451
3,6447
51,6446
24,6444
-42,6443
-29,6442
-54,6440
-1,6439
49,6438
12,6437
97,6436
43,6435
-9,6431
29,6430
-40,6429
-17,6428
-17,6427
-30,6426
-18,6425
0,6424
30,6421
-83,6420
-30,6418
-18,6417
-2,6416
-66,6415
24,6414
-84,6413
59,6412
-83,6410
7,6409
-79,6407
34,6406
42,6405
43,6400
-56,6398
38,6397
33,6396
-53,6394
-78,6393
-59,6392
72,6391
-46,6390
-51,6388
6,6387
54,6386
-34,6385
-95,6384
-17,6383
88,6382
8,6380
-63,6379
-1,6375
35,6374
-53,6373
-52,6372
-28,6370
-46,6369
-74,6368
-2,6367
-29,6366
-71,6364
-26,6363
-91,6362
56,6361
70,6360
-45,6358
-26,6357
-5,6356
-38,6355
1,6354
-22,6353
-62,6352
54,6351
-44,6350
71,6349
-43,6348
-8,6347
-91,6346
16,6345
-18,6344
100,6343
-45,6341
-71,6340
-64,6339
-10,6338
-100,6337
-94,6336
85,6335
-62,6334
-20,6333
40,6332
37,6331
66,6329
-83,6328
-11,6327
-68,6326
-79,6325
96,6324
67,6320
5,6316
-19,6315
55,6314
-58,6313
80,6310
-13,6309
91,6308
-85,6305
54,6301
88,6300
82,6298
55,6297
54,6295
-26,6294
52,6293
-86,6291
98,6290
39,6289
-18,6288
20,6287
13,6286
28,6285
-27,6284
67,6283
-12,6282
-89,6281
60,6280
-72,6279
-98,6278
34,6277
77,6275
-45,6274
-79,6273
98,6272
-17,6271
38,6270
-46,6267
-35,6266
-2,6265
-14,6264
-64,6263
97,6262
-12,6261
12,6260
-97,6259
10,6257
-13,6256
60,6255
-5,6254
14,6253
78,6251
-63,6250
-30,6249
-42,6248
-81,6246
-59,6245
4,6244
26,6243
38,6242
-10,6240
-40,6239
-40,6238
-24,6236
83,6235
-34,6234
98,6233
-37,6232
35,6231
14,6229
-87,6228
90,6227
-49,6226
-28,6225
12,6224
58,6222
35,6221
25,6220
-37,6219
-59,6218
-65,6216
85,6215
-65,6213
83,6212
88,6211
65,6210
-21,6209
-44,6207
-13,6206
-63,6205
46,6204
92,6201
29,6200
52,6199
-28,6198
29,6197
-92,6196
67,6194
-30,6190
-33,6188
53,6186
-14,6184
-99,6183
-59,6181
42,6180
25,6179
-52,6178
-58,6177
-29,6175
7,6174
-59,6173
15,6172
52,6171
83,6170
43,6169
-49,6168
-38,6167
-82,6166
-1,6164
-95,6163
3,6161
55,6160
36,6159
-45,6158
18,6157
-38,6156
80,6155
83,6154
-30,6153
-44,6151
56,6150
-9,6149
-29,6147
24,6146
-11,6144
69,6142
98,6140
-60,6139
23,6138
97,6137
35,6136
-57,6135
-95,6133
41,6132
-20,6131
-51,6128
-76,6126
-51,6125
20,6124
-67,6121
27,6119
-59,6118
68,6116
-5,6115
-53,6113
89,6112
78,6111
-80,6110
-52,6106
-90,6105
-50,6104
-22,6103
46,6102
57,6101
-20,6100
47,6099
-47,6098
-30,6097
-69,6096
-49,6094
1,6093
-74,6092
10,6091
19,6089
60,6088
46,6087
0,6085
-79,6084
-58,6082
31,6081
-75,6080
100,6079
21,6078
-99,6077
-92,6076
-7,6075
73,6073
23,6072
38,6070
9,6069
84,6067
0,6066
-2,6064
34,6063
-100,6060
65,6058
57,6057
51,6056
100,6055
74,6053
-70,6051
30,6050
-47,6048
34,6047
-85,6046
-54,6045
-14,6044
64,6043
87,6042
-45,6041
-10,6040
70,6039
46,6036
-22,6035
45,6034
37,6033
-3,6031
-5,6030
14,6029
89,6028
-33,6026
-17,6025
-80,6024
-64,6022
100,6021
-91,6020
79,6019
-38,6018
-9,6017
4,6016
-9,6015
-58,6014
-100,6013
-21,6011
-18,6010
7,6009
7,6008
27,6007
73,6005
-90,6004
86,6003
-23,6002
-28,6001
-3,6000
-30,5999
24,5998
-6,5997
98,5996
83,5995
6,5994
45,5993
-43,5990
7,5989
-63,5987
13,5986
76,5984
-99,5983
-84,5981
-52,5980
-73,5979
-1,5978
27,5977
23,5976
10,5974
52,5973
-66,5972
33,5971
61,5968
-53,5967
17,5964
35,5962
-66,5961
-60,5960
-89,5959
73,5958
-80,5957
22,5955
78,5954
92,5951
-100,5950
52,5949
-4,5948
-12,5947
-14,5945
38,5944
22,5941
82,5940
-28,5938
9,5937
-54,5936
93,5935
-80,5934
84,5932
-84,5931
40,5930
-6,5929
75,5928
-39,5927
-42,5926
-80,5924
55,5923
-59,5922
-64,5921
-23,5920
-52,5918
15,5916
93,5915
-6,5914
51,5913
20,5912
100,5911
37,5910
-2,5909
57,5907
27,5906
-50,5903
56,5901
-82,5900
56,5899
96,5897
99,5896
63,5895
3,5894
-4,5892
45,5891
-27,5890
0,5889
96,5888
-70,5887
53,5886
83,5885
-46,5884
-41,5882
68,5881
50,5880
36,5878
-39,5876
19,5875
-3,5874
56,5872
-88,5871
-77,5870
93,5869
-12,5868
42,5867
-40,5864
-46,5862
-61,5859
69,5857
-15,5852
61,5848
-24,5846
-95,5845
73,5843
8,5842
49,5841
83,5840
46,5836
17,5835
-30,5834
41,5833
-43,5832
14,5831
64,5829
-6,5828
66,5825
49,5822
-87,5821
47,5819
73,5818
-44,5816
72,5815
-21,5813
5,5812
87,5808
-11,5807
-1,5805
-47,5804
0,5803
-22,5802
31,5801
-25,5800
30,5799
19,5795
98,5794
4,5792
-24,5791
94,5789
-39,5788
-41,5787
-25,5786
-33,5783
-48,5781
-34,5780
40,5779
-85,5778
-29,5777
43,5775
48,5774
84,5773
-31,5772
31,5771
49,5768
56,5767
42,5766
-37,5765
44,5764
-44,5762
-79,5761
-44,5760
-87,5759
-15,5758
-10,5757
45,5756
70,5755
-81,5754
-38,5752
2,5751
55,5750
23,5748
35,5747
22,5745
-86,5744
41,5741
8,5740
85,5739
3,5738
81,5737
-20,5736
-84,5735
75,5734
-8,5732
74,5731
55,5730
-19,5728
32,5727
-17,5726
68,5725
-11,5724
-46,5723
-78,5722
33,5721
-72,5720
-60,5719
48,5718
-1,5717
-39,5716
-6,5715
-46,5714
82,5713
23,5712
-43,5711
3,5709
-85,5708
1,5706
92,5705
49,5704
-31,5702
-43,5701
-66,5700
-38,5699
-30,5697
-21,5696
25,5695
-25,5694
73,5693
-46,5692
7,5691
-3,5690
28,5689
80,5688
-61,5687
95,5686
81,5684
33,5682
-77,5681
23,5680
-54,5678
35,5677
28,5676
-39,5674
-1,5673
22,5672
21,5671
-8,5670
7,5669
22,5668
-43,5667
-43,5665
-80,5664
69,5663
-99,5662
-10,5661
67,5658
-33,5656
44,5655
35,5654
18,5653
71,5649
50,5648
-25,5647
-75,5646
6,5644
66,5643
-25,5642
-72,5640
-71,5639
10,5636
14,5634
-99,5633
77,5630
62,5629
20,5628
25,5627
-20,5626
40,5625
-22,5624
44,5623
-96,5621
-60,5618
27,5616
-84,5615
36,5614
43,5613
24,5612
2,5610
91,5608
71,5607
11,5606
-12,5604
-40,5602
-22,5600
-90,5599
97,5598
-59,5597
16,5596
-82,5595
-19,5594
-90,5593
-66,5592
97,5589
-45,5586
28,5584
-45,5583
-46,5582
35,5581
-96,5580
44,5579
12,5577
-52,5576
30,5575
94,5574
-33,5572
-59,5571
6,5570
81,5569
-98,5568
-90,5566
8,5565
14,5564
16,5563
-73,5562
57,5561
-35,5560
-40,5559
62,5558
-97,5557
87,5555
-10,5554
-27,5553
34,5552
-47,5551
70,5550
67,5549
-41,5548
53,5547
19,5546
-18,5545
-45,5544
-4,5543
-37,5542
33,5541
87,5540
43,5539
-30,5538
-41,5535
-23,5533
-12,5532
83,5527
-39,5525
-80,5523
-39,5522
-43,5521
-26,5520
96,5519
61,5518
72,5517
100,5516
69,5515
36,5514
85,5512
34,5511
7,5510
65,5509
78,5508
2,5507
28,5506
-71,5504
51,5501
78,5499
88,5498
42,5497
-61,5496
-63,5495
42,5492
-94,5490
-18,5489
12,5488
-53,5487
63,5486
-41,5485
96,5484
-62,5483
98,5481
-9,5479
100,5478
-35,5476
15,5475
-71,5473
-65,5472
91,5471
2,5470
25,5469
-87,5468
-18,5467
16,5465
-66,5464
-48,5463
36,5460
-17,5459
11,5458
-66,5457
15,5456
60,5454
99,5453
-12,5452
-79,5450
-34,5449
-53,5448
52,5447
58,5445
35,5444
80,5442
-13,5439
-96,5438
99,5437
-13,5436
63,5434
24,5433
-38,5431
88,5430
46,5429
-94,5427
73,5426
14,5422
-67,5421
-54,5420
-49,5419
68,5418
-1,5417
-2,5416
67,5415
95,5414
-95,5413
-40,5412
-23,5409
-25,5408
26,5407
4,5406
-58,5405
-36,5404
-84,5403
7,5402
-51,5401
73,5400
74,5399
59,5398
20,5397
48,5396
-38,5395
91,5394
-3,5392
56,5391
74,5390
74,5388
-43,5387
4,5386
92,5385
-71,5384
67,5381
-16,5380
27,5379
23,5377
-82,5376
-81,5375
78,5374
-89,5373
20,5372
61,5370
92,5369
-70,5366
-75,5363
-44,5362
82,5361
-16,5360
6,5359
-55,5358
71,5357
-24,5355
74,5354
-23,5353
-4,5352
76,5351
-17,5350
-11,5349
-97,5348
-100,5347
-4,5346
-6,5345
97,5344
-29,5342
-73,5341
80,5340
1,5339
5,5338
13,5337
78,5335
60,5334
73,5333
-18,5332
22,5331
-100,5330
-14,5329
42,5326
-68,5325
77,5324
6,5322
48,5321
-34,5320
29,5319
32,5318
77,5317
-34,5316
62,5315
-73,5314
52,5313
-13,5312
-6,5310
35,5309
27,5308
97,5307
-68,5306
15,5305
4,5304
67,5303
-81,5300
66,5299
93,5298
-11,5297
18,5296
65,5293
-33,5292
95,5291
-41,5288
39,5287
-40,5286
70,5284
48,5282
41,5279
-46,5278
69,5277
-83,5276
-61,5275
-52,5274
-8,5273
78,5271
-82,5270
-98,5269
-16,5268
98,5267
-4,5266
63,5265
28,5264
95,5263
-72,5261
52,5260
99,5259
-11,5258
60,5256
-46,5255
86,5254
-93,5253
-71,5251
30,5250
-51,5249
67,5248
-77,5247
-55,5244
4,5243
-45,5242
-58,5241
-26,5240
-19,5239
53,5238
-34,5234
73,5233
19,5232
-49,5230
22,5229
4,5228
-77,5227
29,5226
95,5225
19,5224
24,5222
-1,5221
-67,5220
-63,5219
50,5218
-100,5216
9,5215
-31,5214
-89,5212
-91,5211
75,5210
26,5208
-85,5207
-67,5206
99,5205
-6,5204
25,5203
11,5202
-47,5200
37,5199
39,5198
76,5197
24,5196
1,5195
-62,5194
48,5193
-60,5192
-2,5191
-78,5189
33,5187
19,5185
64,5183
65,5182
16,5181
82,5180
-21,5179
-25,5178
79,5177
63,5176
29,5175
36,5174
60,5173
32,5172
0,5171
77,5170
92,5168
-45,5166
-46,5164
41,5162
47,5161
-74,5160
68,5159
87,5157
25,5156
38,5155
77,5154
92,5153
9,5148
97,5147
-64,5146
47,5145
-94,5144
43,5143
-30,5142
19,5141
-63,5140
88,5138
-78,5137
-9,5135
-62,5133
-59,5131
27,5130
64,5129
-39,5128
24,5127
-20,5126
-10,5124
-55,5123
-68,5122
-32,5121
-10,5120
-88,5118
-62,5117
54,5116
55,5114
-72,5112
43,5110
-51,5109
51,5108
-42,5107
-23,5105
8,5102
-90,5101
0,5100
97,5099
13,5098
-75,5097
-42,5095
81,5094
50,5092
45,5091
-61,5089
55,5088
82,5087
-25,5086
41,5085
6,5084
-5,5083
-16,5082
-28,5081
-71,5080
100,5079
71,5078
7,5074
83,5073
-29,5072
-5,5071
3,5070
30,5068
77,5066
56,5065
7,5064
57,5063
-100,5061
59,5058
-52,5057
19,5056
48,5053
86,5052
-44,5050
33,5049
79,5048
94,5047
37,5046
65,5044
74,5043
-97,5041
-34,5040
-26,5039
35,5038
-59,5036
73,5035
66,5034
62,5033
-14,5032
-52,5031
100,5030
-1,5029
89,5028
-80,5027
24,5026
-98,5025
99,5023
-42,5022
-79,5021
-18,5019
-55,5018
27,5017
-28,5015
-86,5013
-42,5012
64,5010
-15,5008
19,5007
-75,5006
-18,5005
-71,5004
87,5002
-57,5001
20,4998
76,4997
69,4996
-24,4993
86,4992
10,4989
-47,4988
-26,4987
-95,4986
-48,4985
-31,4984
63,4983
-72,4982
-72,4981
-99,4980
81,4978
61,4977
-39,4975
-52,4972
-5,4971
77,4970
-44,4968
-96,4966
64,4965
12,4964
8,4963
-87,4961
-91,4960
91,4959
-7,4958
25,4956
-86,4955
-24,4954
20,4953
-22,4950
61,4949
-83,4948
26,4947
-95,4945
-5,4944
8,4943
72,4942
-24,4941
-55,4940
-1,4938
-42,4937
-61,4936
97,4933
-14,4932
-7,4931
-12,4930
-36,4929
-76,4927
-1,4926
34,4925
41,4924
-59,4922
-49,4920
3,4919
18,4916
-33,4914
-96,4911
72,4909
-76,4908
-39,4906
89,4903
88,4902
48,4901
13,4899
-95,4898
-100,4897
60,4895
40,4894
45,4893
-37,4892
-32,4891
-4,4890
68,4887
-100,4886
4,4885
5,4884
8,4883
-32,4882
10,4881
49,4880
-84,4879
42,4878
53,4877
-60,4876
51,4875
45,4874
-46,4873
-79,4872
6,4870
82,4866
99,4865
-11,4863
-69,4862
-2,4860
0,4859
94,4858
-94,4857
-64,4856
25,4855
37,4854
-28,4852
-15,4850
26,4849
43,4846
92,4844
76,4842
34,4841
-72,4839
89,4838
-34,4837
15,4835
58,4834
66,4833
-4,4831
-43,4829
-9,4828
67,4827
-48,4826
7,4825
-10,4824
37,4823
86,4822
45,4821
8,4820
64,4819
-49,4818
-88,4816
57,4815
-19,4812
65,4811
7,4810
-84,4809
-31,4808
98,4806
-5,4805
-13,4804
80,4803
62,4799
46,4796
94,4795
-18,4791
29,4790
32,4789
-57,4788
-44,4787
88,4785
-100,4783
-15,4782
53,4781
50,4780
-35,4779
19,4778
79,4777
35,4775
7,4774
-53,4773
-85,4771
15,4770
41,4769
99,4768
11,4766
-3,4765
-90,4764
-59,4763
45,4762
-68,4761
2,4760
99,4759
-5,4758
-57,4757
-68,4756
57,4755
87,4754
60,4753
-4,4752
88,4751
78,4750
-77,4749
-69,4748
-54,4747
55,4746
2,4744
18,4743
45,4742
-29,4741
-28,4740
39,4739
15,4738
17,4737
-43,4735
-22,4734
70,4733
56,4731
-39,4730
91,4729
-82,4728
-20,4727
46,4725
-39,4724
-76,4723
58,4722
90,4721
-1,4720
71,4719
-7,4718
-3,4717
-7,4715
-30,4714
-44,4713
55,4711
-17,4710
44,4709
-9,4707
61,4706
78,4705
-71,4704
21,4703
14,4701
-36,4700
-17,4699
24,4698
-82,4697
48,4695
20,4693
50,4692
11,4691
-92,4689
-97,4688
82,4687
-12,4685
-71,4684
-48,4683
-16,4682
34,4681
-60,4680
18,4679
-25,4678
-81,4677
89,4676
-23,4675
43,4674
36,4673
8,4671
68,4670
-48,4669
54,4668
29,4667
74,4665
-34,4663
69,4662
31,4660
-75,4658
-82,4657
98,4656
55,4652
31,4651
12,4649
-17,4646
-29,4645
-68,4644
72,4643
23,4642
-65,4641
15,4640
-74,4639
-81,4637
87,4635
-13,4634
5,4633
62,4632
99,4630
-74,4628
-77,4627
-6,4626
42,4623
-45,4622
88,4621
-69,4620
78,4619
-42,4616
-81,4615
-63,4614
18,4613
-98,4611
-46,4610
-31,4609
-47,4608
-16,4607
-65,4606
9,4605
99,4603
29,4600
54,4598
-60,4597
98,4596
78,4593
-68,4591
-53,4590
-66,4589
-35,4588
91,4585
76,4583
-33,4581
-82,4578
-88,4576
40,4575
-98,4574
-48,4573
38,4570
-22,4569
-99,4568
-75,4567
-44,4566
57,4564
97,4563
-1,4562
54,4561
-85,4560
-87,4559
18,4558
47,4557
16,4556
-65,4555
-15,4554
-44,4553
74,4552
-62,4551
-27,4550
-79,4549
-50,4547
-89,4546
-90,4545
-67,4544
-64,4543
67,4542
11,4541
-31,4540
-99,4539
4,4538
69,4536
94,4534
-35,4533
-44,4532
-62,4529
85,4528
-57,4527
80,4526
-70,4525
96,4524
28,4522
8,4521
31,4520
91,4519
33,4518
-3,4517
-69,4516
19,4514
85,4513
-22,4512
56,4511
-95,4509
-17,4508
-14,4507
-70,4506
-21,4505
57,4503
40,4501
-11,4500
6,4499
-68,4498
-18,4497
74,4495
-40,4494
61,4492
-81,4491
21,4488
-9,4486
18,4483
-60,4482
-76,4481
-70,4480
-97,4478
6,4475
-31,4474
-27,4473
26,4472
-71,4471
-97,4469
-67,4468
70,4466
49,4464
-90,4460
38,4459
-71,4458
93,4457
78,4456
13,4455
17,4454
-75,4452
-90,4450
-83,4446
-88,4445
-55,4444
-88,4443
-55,4442
97,4441
42,4440
-7,4439
-54,4437
-39,4436
84,4435
-59,4434
88,4433
82,4432
19,4431
-36,4430
-73,4429
-22,4428
79,4427
61,4426
-39,4425
18,4424
-44,4423
-95,4422
94,4420
42,4415
15,4414
26,4413
7,4411
26,4410
-90,4409
-57,4407
-55,4406
1,4405
-76,4404
-62,4403
27,4400
80,4399
82,4398
97,4396
48,4395
-48,4394
-46,4393
66,4392
47,4391
-56,4390
11,4389
12,4388
-39,4383
-8,4382
-13,4381
-100,4380
25,4379
-58,4378
97,4376
-37,4374
-6,4372
43,4371
31,4370
32,4368
-3,4365
7,4364
-68,4363
-92,4362
21,4359
66,4358
60,4357
81,4355
15,4354
-32,4353
27,4352
-43,4351
81,4349
52,4348
56,4347
43,4346
-97,4345
62,4344
21,4341
77,4340
-65,4339
-99,4337
61,4336
-41,4335
92,4334
99,4333
-98,4332
-31,4330
-7,4329
-8,4328
12,4327
-66,4326
60,4325
-58,4324
-91,4323
-66,4321
91,4320
50,4319
-39,4318
56,4316
-91,4315
-65,4314
69,4313
36,4311
39,4310
-58,4309
7,4308
-93,4307
16,4306
-41,4304
-68,4302
51,4301
81,4299
-64,4298
-60,4297
-42,4296
-48,4293
-33,4291
-30,4289
74,4287
-67,4286
10,4284
-35,4283
19,4282
26,4281
52,4279
-27,4278
-85,4277
-27,4275
43,4274
72,4273
50,4271
-7,4270
-8,4268
32,4267
-15,4266
19,4265
94,4264
54,4263
58,4262
92,4261
45,4260
50,4259
-93,4257
-42,4256
70,4254
4,4253
-7,4252
42,4250
83,4248
87,4247
33,4246
34,4245
11,4244
-78,4243
-1,4241
67,4240
21,4239
92,4238
10,4237
-70,4235
-51,4233
56,4232
36,4231
17,4230
100,4229
-60,4228
-21,4227
82,4226
16,4224
82,4222
73,4221
17,4220
77,4216
-24,4213
-39,4212
81,4211
50,4210
-86,4209
-96,4208
54,4207
-98,4206
-54,4205
-48,4204
-75,4203
-13,4202
-46,4201
30,4200
29,4199
-92,4197
-30,4195
23,4194
100,4192
6,4190
58,4189
60,4186
-32,4185
-94,4182
59,4181
6,4180
-28,4178
18,4176
52,4174
77,4173
-7,4172
-22,4171
-54,4169
-77,4168
-41,4167
-63,4166
24,4165
-33,4163
11,4162
-39,4161
-66,4160
84,4159
26,4158
-96,4157
3,4156
63,4155
-85,4154
63,4153
61,4152
74,4150
-63,4149
-94,4147
-80,4146
-30,4145
-43,4144
-60,4143
99,4142
97,4141
41,4140
0,4139
95,4134
-64,4133
24,4132
-53,4131
29,4130
9,4128
71,4125
-11,4124
22,4123
21,4122
-41,4121
42,4120
36,4119
-65,4118
-33,4117
-15,4116
32,4115
82,4112
89,4111
-55,4110
11,4109
17,4108
-50,4107
96,4106
-6,4105
6,4103
-86,4102
58,4101
-54,4099
92,4098
82,4096
-18,4094
-52,4093
-65,4092
50,4091
79,4090
-66,4088
47,4087
-36,4086
-81,4083
-73,4081
39,4080
28,4079
26,4078
75,4077
-7,4076
92,4075
-53,4074
66,4073
-90,4072
-50,4071
-78,4070
70,4069
-72,4068
79,4066
47,4065
46,4064
44,4063
38,4062
-82,4061
-27,4060
-98,4059
74,4058
79,4057
24,4055
40,4054
10,4052
37,4050
82,4045
7,4044
33,4042
-97,4041
-28,4040
-25,4039
71,4038
-36,4037
-86,4036
97,4034
-82,4033
-84,4032
53,4031
-83,4029
-18,4028
82,4027
72,4026
68,4025
16,4024
-16,4022
58,4021
-94,4020
-23,4019
7,4018
65,4017
49,4016
-53,4015
-95,4011
-30,4010
-94,4008
0,4007
52,4006
2,4005
-6,4004
27,4003
6,4002
-12,4000
35,3997
-7,3995
91,3993
-26,3992
-66,3991
90,3989
-16,3988
-59,3987
61,3986
59,3980
33,3979
61,3978
7,3977
-93,3976
49,3975
-59,3974
27,3972
-78,3971
-18,3970
44,3969
50,3966
-9,3965
99,3962
54,3961
-96,3960
-30,3959
-55,3957
-76,3955
-83,3954
0,3953
-70,3952
43,3950
64,3948
-12,3947
-54,3946
-63,3945
41,3944
67,3943
90,3942
18,3939
-65,3938
63,3937
68,3936
77,3935
-34,3934
96,3933
43,3932
21,3931
59,3930
-13,3929
63,3928
-84,3927
88,3926
-35,3923
62,3921
85,3919
-85,3918
46,3917
35,3915
-84,3914
18,3913
23,3912
-34,3911
-29,3909
-50,3907
82,3906
-69,3905
16,3904
46,3903
-70,3902
33,3901
11,3900
2,3899
-67,3897
-71,3895
-70,3894
-19,3889
-82,3888
29,3886
55,3885
30,3882
59,3881
-61,3880
26,3879
91,3878
-90,3877
84,3875
15,3874
88,3869
-71,3867
42,3866
56,3864
20,3863
-67,3861
-61,3860
41,3859
-28,3857
92,3856
-5,3855
4,3854
26,3853
-45,3850
87,3849
-3,3848
-1,3847
17,3846
-58,3844
-52,3843
57,3841
-66,3840
26,3839
-45,3838
21,3837
-7,3836
-27,3835
13,3832
-97,3831
31,3830
80,3828
-99,3826
92,3825
-87,3824
81,3823
-1,3820
-66,3819
-91,3818
10,3817
64,3816
11,3815
-28,3814
100,3812
-77,3811
-27,3810
63,3809
-98,3808
-58,3807
-48,3806
35,3804
-84,3803
-40,3801
-1,3800
-85,3799
-62,3797
30,3796
89,3793
77,3792
44,3791
-16,3790
57,3786
-18,3782
-49,3781
50,3779
73,3778
43,3777
-72,3775
-45,3773
-47,3772
-12,3771
-34,3769
71,3768
-23,3766
87,3765
-7,3764
-17,3763
62,3761
-67,3760
-83,3759
70,3758
43,3756
-88,3753
85,3752
-56,3751
-79,3748
-70,3747
-50,3745
31,3744
-13,3743
48,3742
32,3741
97,3740
-29,3739
-3,3738
13,3737
59,3736
85,3735
-91,3734
99,3733
75,3732
86,3731
35,3729
39,3728
83,3727
84,3726
-47,3725
82,3724
92,3722
96,3720
-68,3719
-88,3718
-21,3717
-80,3716
-83,3715
-26,3714
47,3713
95,3710
-88,3709
-63,3708
-82,3707
-61,3706
62,3704
-18,3703
13,3702
27,3701
79,3700
28,3699
21,3697
-92,3696
78,3694
45,3693
83,3691
-31,3690
78,3689
93,3688
25,3687
-81,3686
-95,3684
-15,3683
-42,3682
-39,3680
-60,3678
-15,3676
-2,3674
62,3672
78,3669
77,3668
-20,3667
77,3665
-18,3664
44,3662
95,3661
-4,3660
69,3659
-82,3657
88,3655
41,3653
92,3652
-40,3651
-80,3650
13,3648
73,3647
-70,3646
9,3645
-36,3644
-13,3643
-62,3642
37,3641
8,3639
57,3637
76,3632
-49,3629
-79,3628
17,3626
-78,3623
-19,3622
14,3620
-72,3619
-80,3618
82,3617
71,3616
-63,3615
40,3614
-56,3613
-21,3612
-52,3611
10,3610
52,3609
11,3608
12,3607
2,3606
-65,3605
-10,3604
16,3603
-100,3602
21,3601
57,3600
51,3599
65,3598
-14,3596
7,3595
-86,3592
40,3591
-25,3590
-51,3589
-25,3588
33,3587
-7,3586
89,3584
77,3583
100,3582
35,3580
84,3579
-26,3575
-40,3574
-16,3573
26,3572
-69,3571
-51,3570
-46,3569
68,3566
90,3565
-20,3563
79,3562
90,3561
7,3560
-11,3559
15,3557
63,3556
7,3555
-7,3554
35,3553
-86,3552
27,3551
60,3550
-99,3548
20,3545
-33,3544
-93,3543
91,3541
54,3540
-80,3539
92,3538
-50,3537
70,3536
-41,3534
8,3533
40,3531
45,3529
43,3527
-88,3526
-45,3525
48,3524
-25,3523
-73,3522
33,3521
-29,3520
-91,3519
-12,3517
-54,3516
-50,3515
71,3513
82,3511
-5,3510
53,3509
21,3506
-28,3505
-70,3504
35,3502
-79,3501
-57,3499
26,3497
89,3496
-74,3494
-28,3492
-71,3491
-42,3490
50,3489
80,3488
56,3485
35,3484
57,3483
-39,3482
-25,3480
59,3476
61,3475
-64,3473
-32,3472
-78,3470
43,3468
36,3467
-52,3466
-97,3465
-33,3464
-17,3463
67,3462
-19,3460
-26,3459
-53,3458
63,3457
-13,3456
13,3455
-25,3454
-39,3453
-95,3452
-73,3451
34,3449
94,3448
56,3447
-16,3446
-2,3445
-13,3444
-68,3443
-2,3442
-29,3441
32,3440
84,3439
23,3437
-52,3433
94,3432
-46,3431
65,3429
-55,3428
42,3427
26,3426
14,3425
0,3424
54,3422
9,3419
-79,3417
-49,3416
18,3415
84,3414
-63,3412
-84,3411
45,3410
-75,3409
25,3408
47,3407
70,3405
-61,3403
70,3402
86,3401
-71,3400
-79,3399
21,3398
8,3397
-31,3396
-62,3394
-5,3393
78,3390
-38,3389
17,3388
91,3387
-97,3386
-44,3384
10,3383
-90,3382
-14,3380
55,3379
-34,3378
-27,3377
64,3376
-29,3375
52,3374
65,3373
-84,3372
36,3371
-53,3370
94,3368
19,3367
-91,3366
-58,3365
-61,3361
35,3359
-81,3358
70,3357
-23,3354
-19,3352
99,3351
-54,3350
10,3349
-82,3347
32,3345
-71,3344
-18,3343
18,3342
-68,3341
35,3340
-33,3339
78,3336
-51,3334
30,3332
38,3331
-4,3329
-2,3328
30,3327
45,3326
63,3325
-25,3324
71,3323
9,3322
-3,3321
4,3319
15,3318
21,3317
-96,3314
82,3313
-9,3312
-55,3311
20,3310
-91,3308
-42,3307
8,3306
97,3305
-97,3304
-72,3303
74,3302
-18,3301
-6,3300
-18,3299
67,3298
18,3297
-69,3296
60,3294
-54,3293
-22,3292
-96,3290
10,3289
6,3288
53,3285
-12,3283
57,3282
-86,3280
31,3278
-24,3273
58,3272
90,3271
92,3270
63,3268
-54,3267
-79,3266
65,3265
-66,3264
-56,3263
-50,3262
-63,3261
67,3260
95,3259
-55,3258
-97,3257
50,3252
-28,3250
-9,3249
-83,3248
52,3247
28,3246
71,3245
-54,3243
-44,3241
0,3239
95,3238
-50,3237
99,3236
72,3235
29,3233
88,3230
-36,3228
-3,3225
61,3222
-54,3221
33,3220
-22,3216
-37,3215
42,3214
-23,3212
-79,3211
31,3210
-10,3209
-88,3208
33,3207
-99,3206
-21,3205
97,3204
43,3202
-60,3200
-17,3199
-87,3197
-84,3196
-6,3194
83,3193
-58,3191
-80,3190
61,3189
55,3187
-11,3186
83,3185
-96,3184
21,3183
-16,3182
-35,3179
-28,3178
88,3177
44,3175
-67,3174
-96,3172
-79,3170
-31,3169
71,3168
37,3167
19,3166
71,3165
14,3164
-67,3163
-46,3162
89,3161
-99,3159
98,3157
-73,3156
6,3155
-95,3154
-69,3153
-20,3151
-7,3150
-4,3149
-70,3148
63,3147
-32,3146
-72,3145
53,3144
61,3143
-82,3142
-49,3140
-86,3138
99,3136
87,3135
57,3134
-85,3132
11,3127
78,3125
37,3124
-77,3123
-35,3122
-19,3121
-16,3119
-35,3118
-93,3117
53,3116
80,3115
86,3114
-69,3113
-43,3112
95,3110
33,3108
25,3107
-75,3105
-28,3104
66,3102
95,3101
-91,3100
57,3098
-91,3097
-96,3096
-76,3095
39,3094
4,3093
-38,3092
-13,3090
-71,3088
20,3087
44,3085
5,3084
-61,3083
-29,3079
44,3078
-69,3077
-74,3076
-50,3075
-57,3074
52,3072
-36,3071
-43,3070
-88,3069
-95,3068
57,3067
-96,3066
39,3065
-2,3063
16,3062
-83,3060
-96,3059
57,3058
39,3057
16,3055
-75,3054
89,3053
86,3050
-24,3048
77,3047
-2,3046
75,3045
-22,3044
84,3043
-99,3042
0,3041
70,3039
-76,3038
-51,3036
46,3035
57,3034
5,3033
-20,3032
-69,3031
-60,3030
6,3029
-98,3028
-42,3027
0,3026
-46,3025
31,3024
-44,3023
-19,3021
1,3020
17,3019
54,3018
35,3017
29,3016
-86,3015
49,3013
-10,3011
-67,3010
-78,3009
29,3007
24,3005
67,3003
12,3002
-92,3001
-2,2997
85,2996
65,2995
-43,2993
63,2991
-44,2988
-47,2987
-5,2986
60,2984
98,2983
-80,2982
49,2981
99,2980
-54,2979
14,2978
13,2977
52,2976
-44,2975
-73,2974
94,2973
4,2972
-33,2971
-27,2970
-32,2969
17,2968
36,2967
-88,2965
-46,2964
58,2963
32,2962
-67,2961
99,2960
-65,2959
94,2958
-26,2957
95,2956
15,2954
-85,2953
-94,2950
-70,2949
-14,2948
16,2947
26,2946
18,2945
48,2942
53,2941
79,2938
-65,2937
19,2936
62,2935
-16,2933
78,2932
88,2931
66,2930
-52,2928
-85,2925
-65,2924
-28,2923
-19,2921
55,2920
88,2916
51,2915
79,2914
9,2910
-13,2909
-84,2907
67,2906
-57,2905
-8,2904
-90,2902
96,2901
1,2900
-1,2899
-36,2898
35,2896
3,2895
92,2893
62,2892
-27,2891
-67,2890
-22,2889
-90,2888
-93,2887
-13,2883
74,2882
11,2881
-7,2879
8,2878
-32,2877
-84,2875
12,2874
-55,2873
94,2872
81,2871
-89,2868
100,2867
-10,2863
34,2862
-24,2861
92,2860
-67,2858
-27,2857
-35,2856
-85,2855
-61,2854
97,2853
96,2852
-22,2850
39,2849
-70,2847
-25,2846
-8,2844
-9,2842
89,2840
5,2839
95,2838
-21,2837
78,2835
-9,2834
-58,2833
42,2832
74,2830
15,2827
39,2826
-91,2825
-23,2823
-71,2822
-40,2821
43,2820
-68,2819
15,2818
-69,2817
-18,2816
-14,2815
-92,2814
42,2813
1,2812
-89,2811
-76,2810
20,2808
97,2806
64,2804
95,2803
-69,2802
-55,2801
-100,2800
-26,2799
65,2798
100,2797
7,2796
82,2794
10,2793
-51,2791
18,2789
97,2788
-49,2787
54,2785
11,2784
-1,2780
-79,2779
86,2778
92,2777
23,2775
35,2772
-80,2771
-44,2770
9,2769
-46,2768
67,2767
88,2766
91,2764
-32,2763
85,2762
-89,2761
-56,2760
-41,2759
23,2758
89,2757
95,2755
33,2754
-86,2752
-88,2751
-98,2750
-43,2749
-35,2747
-20,2746
10,2745
-47,2744
65,2743
-59,2742
-12,2741
-75,2740
-16,2739
-21,2738
-27,2737
90,2736
57,2735
46,2734
-82,2733
-47,2732
-45,2731
-61,2730
88,2729
-27,2728
-64,2727
-65,2726
45,2725
38,2724
-42,2722
-96,2720
45,2719
-76,2717
-47,2716
-63,2715
-24,2714
-79,2713
14,2711
-13,2710
-98,2709
-90,2708
59,2707
-77,2706
-68,2705
-83,2704
95,2703
91,2701
-62,2700
-79,2699
45,2698
-77,2697
-42,2695
60,2694
12,2693
-94,2692
-19,2691
29,2688
7,2686
-100,2685
14,2684
-31,2683
100,2682
-23,2681
-19,2680
89,2679
82,2678
-57,2677
41,2676
-46,2675
2,2674
33,2673
-72,2672
-41,2670
-41,2667
8,2665
-4,2664
78,2663
1,2662
-73,2661
-6,2659
-6,2658
33,2657
-40,2656
31,2655
11,2652
59,2651
91,2649
8,2648
54,2644
14,2643
22,2642
19,2641
11,2640
-83,2636
-6,2634
100,2633
-42,2632
71,2631
10,2630
11,2629
-56,2628
53,2627
-24,2626
-4,2625
-24,2623
63,2621
71,2619
6,2618
52,2617
-36,2616
13,2615
-1,2614
-89,2613
-6,2612
-34,2611
-31,2609
-91,2608
-65,2607
-82,2605
-30,2604
24,2603
59,2602
48,2601
21,2600
45,2599
18,2598
5,2596
-31,2595
-26,2594
-24,2593
80,2592
-91,2591
15,2590
-33,2589
10,2588
79,2585
-65,2584
-33,2583
60,2582
8,2581
48,2580
-4,2579
96,2575
49,2574
-88,2572
61,2571
-45,2570
80,2569
-80,2568
-80,2565
-24,2564
-62,2563
82,2562
-42,2561
-69,2560
-55,2559
-44,2558
-80,2557
-36,2556
-79,2555
82,2554
9,2552
-1,2551
-65,2550
96,2548
-56,2547
69,2546
54,2543
-1,2541
-20,2540
-8,2539
82,2538
45,2536
62,2535
-34,2534
-70,2533
79,2532
-7,2531
-39,2530
80,2529
42,2528
-36,2527
39,2526
-42,2525
-46,2524
-47,2523
18,2522
98,2521
-17,2520
-2,2519
-87,2518
-68,2517
-14,2516
69,2515
9,2514
-19,2512
-66,2511
-41,2510
90,2509
45,2508
-17,2507
-3,2506
-76,2505
-96,2504
16,2503
5,2502
-62,2501
-34,2500
80,2498
-72,2497
-77,2496
-30,2494
21,2493
-87,2492
-98,2491
2,2490
-61,2489
-15,2488
-51,2486
0,2485
-32,2484
6,2483
7,2481
40,2480
92,2479
-73,2477
91,2476
-9,2475
-29,2473
52,2472
35,2470
52,2469
31,2468
2,2467
57,2466
-61,2464
36,2463
50,2462
-71,2460
23,2459
94,2458
71,2457
91,2456
-80,2454
7,2453
77,2452
-62,2451
-69,2450
-47,2449
-59,2448
96,2447
86,2446
-61,2445
40,2443
97,2442
24,2441
-49,2440
57,2438
98,2437
-40,2436
-19,2435
75,2433
20,2432
17,2431
47,2430
98,2429
-30,2428
26,2427
15,2426
12,2425
99,2424
26,2423
71,2422
64,2421
5,2420
-12,2419
53,2418
66,2417
14,2416
-17,2414
-20,2413
10,2412
90,2411
4,2409
62,2408
-43,2406
77,2401
-65,2400
-98,2399
-43,2398
42,2397
-36,2396
18,2395
-85,2394
73,2393
-44,2392
-4,2391
36,2389
-90,2388
91,2386
-20,2383
29,2382
17,2381
83,2380
79,2379
68,2378
-73,2377
-84,2376
-78,2375
63,2374
-50,2372
-61,2369
-60,2368
-79,2365
78,2364
-55,2363
99,2362
-30,2361
49,2360
61,2359
-57,2356
-74,2355
-67,2353
97,2352
79,2350
10,2349
37,2347
10,2345
-31,2343
-14,2342
-7,2341
23,2339
44,2338
55,2337
77,2336
-6,2335
73,2334
-87,2333
-52,2332
-8,2331
-86,2330
88,2329
-90,2328
47,2327
12,2326
22,2325
61,2324
-76,2323
-54,2321
-49,2319
67,2318
-6,2317
-56,2316
95,2315
54,2314
15,2312
76,2308
-42,2306
-15,2305
-21,2304
-13,2302
-14,2300
-92,2299
-30,2298
-54,2296
60,2295
47,2293
-45,2292
-37,2291
-91,2290
-51,2289
92,2288
98,2287
76,2286
-74,2285
40,2282
-92,2281
83,2280
-28,2279
-24,2278
-10,2277
93,2276
-12,2275
88,2274
36,2273
-64,2272
77,2271
83,2270
-79,2269
-86,2266
-100,2265
-60,2264
-82,2263
-15,2262
-64,2261
-87,2259
-2,2257
28,2256
59,2255
-2,2254
-92,2252
69,2251
26,2250
-7,2249
24,2248
21,2246
-21,2245
44,2244
-54,2243
-74,2242
-10,2241
95,2240
-92,2239
71,2238
5,2237
39,2236
22,2235
55,2234
46,2233
-73,2232
38,2231
-22,2229
11,2228
51,2226
53,2225
94,2223
-58,2220
-50,2219
68,2216
-99,2215
58,2214
-65,2212
-94,2211
-83,2208
-86,2207
46,2205
26,2203
58,2202
-83,2201
-45,2199
-80,2197
92,2196
31,2195
-1,2194
63,2193
26,2191
-15,2190
-87,2187
-85,2185
-32,2184
-32,2183
88,2181
12,2179
10,2177
62,2175
88,2174
-69,2173
48,2172
43,2170
84,2169
-84,2168
-24,2166
3,2165
-61,2164
-62,2163
36,2162
-53,2161
-70,2160
-67,2158
95,2157
-64,2156
-82,2155
67,2154
34,2153
-33,2151
-45,2150
25,2149
45,2148
-41,2147
54,2146
100,2145
95,2144
-77,2143
-88,2140
66,2139
-59,2138
4,2135
48,2134
-54,2133
25,2132
-82,2131
-50,2130
97,2129
5,2127
37,2125
-83,2123
24,2121
0,2119
-56,2118
76,2117
-85,2116
-21,2115
-80,2114
54,2113
-40,2111
-100,2107
91,2106
59,2105
15,2104
28,2103
-81,2102
-25,2101
-20,2100
-53,2099
-30,2098
13,2097
-70,2096
-25,2094
-16,2093
-63,2092
-7,2091
-78,2088
-26,2087
-32,2086
-83,2085
75,2084
73,2083
95,2082
-54,2081
12,2080
72,2079
-77,2078
89,2077
-55,2076
-39,2074
-69,2073
17,2072
83,2071
-57,2070
8,2069
-46,2068
-18,2067
74,2065
-21,2064
37,2063
-45,2061
53,2060
10,2059
-58,2058
-60,2057
-30,2055
56,2053
-64,2052
-65,2051
40,2049
44,2047
1,2046
11,2045
66,2044
-37,2043
2,2042
-25,2041
-75,2040
22,2039
34,2037
-33,2035
-3,2034
-47,2031
95,2030
77,2029
45,2027
-90,2026
-63,2024
85,2023
-59,2021
-19,2019
34,2018
73,2017
-30,2016
27,2015
-71,2014
29,2013
-79,2012
-23,2011
23,2010
-97,2009
-41,2007
75,2006
-92,2005
-54,2004
-47,2002
-63,2000
63,1999
-33,1998
41,1997
71,1995
52,1993
32,1992
2,1991
5,1990
96,1988
59,1986
-82,1984
-96,1983
-11,1980
58,1979
14,1978
69,1977
-87,1976
52,1975
79,1974
35,1973
-8,1972
-39,1971
60,1970
36,1969
35,1968
18,1967
-35,1966
-66,1965
27,1964
-66,1963
27,1961
15,1959
-56,1957
-47,1956
17,1955
-70,1954
44,1953
-36,1952
-49,1951
47,1950
48,1949
81,1948
12,1947
53,1946
-46,1945
57,1944
2,1943
-37,1941
98,1940
-31,1939
3,1938
-3,1937
-13,1935
37,1933
81,1932
20,1931
28,1930
64,1929
84,1928
28,1926
60,1924
-18,1923
63,1922
77,1921
-75,1920
70,1919
64,1917
-53,1916
-18,1915
-36,1914
-44,1913
23,1912
87,1910
72,1908
-58,1907
-8,1906
56,1903
26,1902
-23,1901
59,1900
-30,1899
-64,1897
100,1896
42,1895
89,1894
77,1893
35,1892
66,1891
22,1889
34,1888
-42,1887
49,1886
42,1883
81,1881
16,1880
-77,1879
25,1878
12,1877
23,1876
50,1875
2,1874
-5,1873
31,1872
-14,1871
27,1870
-15,1869
-45,1868
-81,1867
32,1866
-58,1865
-47,1863
65,1862
24,1861
-48,1859
1,1858
-44,1857
87,1856
-1,1855
-25,1854
67,1853
-4,1852
-59,1851
7,1850
-81,1848
85,1846
-64,1845
-81,1842
47,1841
-42,1839
-41,1838
-80,1836
58,1835
-85,1833
76,1832
-27,1831
-40,1828
-71,1827
-95,1825
-97,1823
15,1821
-96,1820
-6,1817
6,1816
55,1815
96,1814
37,1813
-31,1812
32,1810
5,1808
-25,1806
51,1805
-44,1804
19,1803
21,1802
-5,1800
-54,1799
-88,1798
-20,1796
-27,1795
16,1793
66,1792
58,1791
-87,1790
-15,1788
-66,1787
41,1786
-55,1785
-13,1783
-91,1782
-38,1781
98,1779
93,1778
-98,1777
-39,1776
71,1775
-57,1774
48,1773
30,1772
-99,1770
98,1769
30,1766
-50,1765
-3,1764
23,1763
64,1761
-11,1760
-14,1759
22,1758
81,1757
-5,1756
-48,1754
83,1753
28,1752
16,1751
36,1750
-33,1749
-6,1748
-75,1747
-23,1746
-99,1745
-39,1744
-2,1743
-10,1742
-46,1740
-56,1739
-20,1738
2,1737
-94,1736
-58,1735
86,1734
-93,1733
-100,1732
31,1729
-15,1728
14,1727
17,1726
-41,1725
24,1724
-81,1723
84,1722
90,1721
34,1720
-13,1719
12,1718
-65,1717
-69,1716
61,1715
-36,1714
98,1713
-8,1712
19,1707
-12,1706
-84,1704
28,1703
91,1702
-26,1701
59,1700
82,1697
30,1696
-70,1695
-59,1694
5,1693
-17,1692
56,1690
-91,1689
55,1688
-58,1687
33,1686
-47,1685
14,1682
-68,1681
5,1680
84,1679
-62,1678
68,1676
-14,1675
-90,1674
-90,1672
-45,1671
-18,1670
-84,1669
20,1667
68,1666
-10,1665
-49,1664
-3,1663
60,1661
84,1660
6,1659
88,1658
16,1657
85,1656
72,1655
16,1654
-44,1653
-38,1652
-10,1651
57,1650
46,1649
-98,1648
-97,1646
32,1645
-95,1644
63,1643
75,1641
-61,1640
17,1638
23,1637
88,1636
-2,1635
5,1634
42,1632
45,1631
14,1630
-28,1629
-29,1628
-98,1627
-15,1626
-58,1625
-87,1624
-78,1622
-31,1621
-58,1620
38,1619
-81,1618
-87,1617
-72,1615
57,1614
-50,1613
-97,1612
-46,1610
66,1607
45,1606
-31,1605
54,1604
-79,1603
-17,1600
-8,1598
-11,1597
-25,1596
61,1595
-94,1594
-38,1593
-22,1591
-79,1586
-46,1585
-91,1584
-43,1583
-14,1581
74,1580
20,1579
46,1578
71,1577
-84,1575
31,1574
57,1572
-4,1571
29,1570
-97,1569
-31,1568
-37,1567
-6,1566
32,1564
11,1563
95,1561
67,1560
94,1559
61,1558
-13,1557
92,1556
23,1555
-23,1554
12,1552
5,1551
-44,1550
25,1549
62,1548
15,1547
-68,1546
43,1545
-70,1543
-88,1542
-95,1541
99,1539
-15,1537
9,1536
63,1535
-35,1534
57,1532
-40,1531
-93,1529
84,1528
-53,1527
12,1526
93,1525
81,1523
-32,1522
97,1520
62,1519
59,1518
-10,1517
-24,1512
41,1511
-96,1510
75,1508
-52,1507
60,1506
-31,1504
-35,1502
28,1500
10,1499
63,1498
12,1497
64,1495
-44,1493
34,1490
-55,1489
47,1488
46,1487
17,1486
55,1485
-19,1484
83,1483
-48,1482
-10,1481
-76,1480
43,1479
17,1478
54,1477
53,1476
-88,1475
-46,1474
94,1473
79,1471
-19,1470
-86,1469
-64,1468
93,1466
-56,1464
29,1463
-23,1462
40,1461
29,1460
-42,1459
68,1458
-59,1455
-52,1453
64,1452
55,1450
-38,1449
-36,1447
-65,1446
66,1444
55,1443
86,1442
-42,1441
89,1438
14,1437
-88,1436
-31,1435
-42,1434
-15,1433
-54,1431
-65,1429
73,1428
5,1427
50,1426
-90,1425
-17,1424
-86,1423
-90,1422
-97,1421
16,1419
-71,1418
-84,1416
-45,1415
43,1413
72,1412
58,1410
80,1409
77,1407
-40,1405
-66,1404
47,1403
-58,1402
-2,1400
62,1399
40,1398
-67,1397
0,1395
-58,1393
-70,1392
-35,1391
-85,1389
-76,1388
83,1387
28,1385
48,1384
23,1383
19,1380
-62,1379
87,1378
3,1377
-8,1375
-62,1373
3,1372
18,1370
48,1369
-15,1368
23,1367
98,1366
-17,1365
-57,1363
-90,1360
-48,1358
-79,1357
-41,1356
29,1355
-76,1353
-40,1352
-10,1350
56,1349
6,1347
46,1346
80,1345
30,1344
-64,1343
74,1342
62,1341
55,1339
65,1338
14,1336
36,1335
75,1334
-10,1333
-59,1332
50,1331
-2,1330
-87,1329
32,1328
-97,1327
37,1326
85,1325
-6,1324
30,1323
-81,1322
-41,1319
-42,1317
-34,1316
-69,1315
40,1314
-61,1313
-62,1312
71,1311
90,1310
77,1308
21,1307
77,1305
-66,1300
-60,1299
-13,1298
-13,1297
-90,1295
19,1294
-77,1292
-25,1291
-26,1290
90,1289
33,1288
-17,1287
15,1286
-81,1284
-8,1283
-85,1278
20,1277
-5,1275
-90,1274
-38,1272
-34,1270
23,1269
81,1268
-100,1267
-81,1266
61,1265
20,1264
39,1263
-26,1262
52,1261
-81,1258
-8,1257
53,1256
0,1255
-41,1254
82,1253
-37,1252
-72,1251
83,1250
59,1249
65,1248
-60,1247
68,1246
82,1245
93,1244
-13,1242
73,1241
-68,1239
-64,1238
80,1237
-82,1236
57,1235
71,1234
73,1233
4,1232
88,1231
36,1229
23,1228
-19,1227
-30,1226
-35,1225
-54,1224
63,1223
20,1221
10,1220
99,1219
95,1218
2,1217
-76,1216
-77,1214
-7,1210
-47,1209
-44,1208
-11,1207
23,1206
14,1205
-97,1203
-78,1201
-38,1200
65,1199
65,1198
4,1197
72,1196
1,1195
48,1194
5,1192
-17,1191
-77,1189
-35,1188
86,1187
-78,1186
-25,1184
29,1183
-57,1181
-49,1180
42,1179
-46,1177
20,1176
66,1175
-23,1172
-49,1170
16,1169
-96,1167
-9,1166
62,1165
-61,1162
55,1160
39,1159
59,1158
-2,1157
-22,1154
-12,1152
-51,1151
-62,1149
-11,1148
-33,1147
-26,1145
14,1144
93,1143
80,1142
58,1141
27,1140
21,1139
-98,1136
52,1135
-14,1134
-70,1133
-99,1132
-25,1131
81,1130
-53,1129
-57,1128
-2,1127
-99,1126
-59,1125
-81,1124
-19,1123
-36,1122
-68,1121
-4,1120
73,1119
85,1118
-74,1114
-89,1111
18,1110
30,1109
64,1108
7,1107
31,1106
3,1105
15,1104
-18,1103
32,1102
-32,1101
-42,1100
28,1099
-36,1097
-36,1095
38,1094
91,1093
59,1092
-17,1090
1,1089
-4,1088
-59,1087
94,1083
-33,1082
-85,1081
-4,1080
80,1079
68,1078
-97,1077
1,1076
83,1075
73,1074
-18,1073
37,1072
-68,1071
6,1070
-91,1068
4,1066
-87,1065
-7,1063
-20,1062
11,1061
3,1059
-10,1058
-46,1056
41,1055
-96,1054
-28,1053
-58,1052
58,1051
79,1049
69,1047
-94,1046
63,1045
-77,1044
-4,1039
-59,1038
-69,1035
53,1034
40,1033
-62,1032
-85,1031
55,1030
-32,1029
46,1028
17,1026
0,1025
82,1023
-62,1022
-67,1020
44,1019
-11,1018
-18,1017
74,1015
30,1011
-41,1010
-72,1009
23,1008
77,1007
64,1006
90,1005
-54,1003
18,1002
52,1001
5,1000
28,999
47,998
33,997
96,995
-59,994
-40,993
-100,987
-93,986
35,984
65,983
24,981
38,979
-9,977
-26,975
-71,974
24,972
79,971
72,970
74,968
21,967
76,965
68,963
80,961
-95,960
-96,959
-29,958
64,957
99,955
-63,953
94,952
-12,950
41,948
-74,947
89,946
-89,944
50,943
14,942
3,941
94,940
-31,939
50,938
94,937
-64,935
9,934
-27,933
-23,932
14,931
90,929
-53,928
-64,927
13,926
-74,924
13,923
97,922
34,921
-33,919
-99,916
42,915
-27,914
24,912
12,910
24,908
44,907
-85,905
93,897
24,895
-60,894
61,892
20,891
-38,889
-21,888
47,887
52,886
83,885
-69,883
22,882
28,880
-64,879
44,878
-73,877
-57,876
-44,875
9,874
-30,873
0,872
4,871
28,870
-73,869
84,868
-51,867
92,865
-3,862
56,861
-61,860
-15,858
3,856
96,855
-73,853
-27,851
95,850
59,849
-35,848
24,847
30,845
-7,844
36,843
-28,842
89,840
-39,839
46,838
78,837
95,836
-31,835
40,834
-18,833
96,832
-18,829
97,825
13,824
-54,823
84,819
2,818
-35,816
55,814
65,813
36,811
-2,810
48,809
-18,808
16,807
-24,806
85,805
11,804
55,802
85,801
60,800
-34,798
-65,797
32,795
-98,794
-3,793
-24,791
71,789
-3,788
17,787
-17,786
-54,785
-30,784
-7,783
35,781
41,780
36,779
-54,778
-81,777
20,776
-15,775
-95,774
89,773
68,772
73,771
16,770
19,767
5,766
-42,765
85,764
-48,763
-87,762
-24,761
74,760
95,755
72,753
1,752
-47,751
-3,750
-94,748
71,747
-24,745
-100,744
-8,743
15,742
-24,741
97,739
16,738
-63,737
-97,736
37,735
-37,733
-20,732
-14,729
63,728
21,727
27,726
-53,724
33,723
4,722
51,721
-44,719
-30,718
86,717
18,716
-86,715
62,714
-21,713
68,711
-43,710
1,708
72,706
-37,704
62,702
13,701
-73,700
-73,699
47,698
19,697
-36,696
-63,695
81,694
-58,693
99,692
-98,688
58,686
-30,685
-4,684
-63,681
28,680
-78,679
-50,678
-88,677
-40,676
50,675
-84,674
-25,672
-15,670
-59,669
-100,668
49,667
-63,666
70,665
-86,663
-75,662
-86,661
77,660
86,659
56,657
73,655
-23,654
10,653
-38,651
-49,650
60,649
64,648
72,647
-78,646
16,645
-56,644
-33,643
88,642
72,641
85,639
-8,638
46,637
-94,636
-49,635
-88,634
41,633
-60,632
-72,631
2,630
33,629
-89,628
-65,627
50,626
70,625
-12,624
91,623
-49,621
87,620
0,618
-11,616
28,615
-100,614
90,613
-6,612
68,611
3,610
92,609
43,608
86,606
24,605
64,604
-95,603
-41,602
91,601
-23,600
-58,598
83,597
42,596
52,595
-87,594
-59,593
31,592
-78,590
-75,589
-23,588
-82,587
-56,586
49,585
38,582
-83,581
-40,580
-33,578
-3,577
-57,574
85,573
11,572
-39,571
35,570
22,568
58,567
25,565
-17,564
0,563
7,562
-14,561
-37,560
-85,559
-76,558
-38,556
-76,555
23,554
78,553
-31,552
74,547
-36,546
-4,545
4,543
99,541
-4,539
-89,537
-68,536
-49,535
-23,533
100,532
-10,531
-66,530
-89,529
-67,528
-72,526
63,525
52,524
0,523
-10,522
-17,520
-49,519
-93,518
38,517
91,516
14,515
71,514
-55,513
-2,512
-96,511
55,510
-36,509
21,508
87,505
78,504
33,502
89,501
30,500
-25,499
18,498
27,497
58,495
-91,494
-6,493
87,492
58,491
71,489
98,488
53,487
-73,484
79,482
27,481
4,480
79,479
-24,478
-28,476
58,474
56,473
-43,472
49,469
-99,468
54,466
4,465
-44,463
-81,461
23,459
5,458
-21,457
58,455
-66,453
-28,452
13,451
39,448
-43,447
-53,444
18,443
-96,442
-49,441
27,440
12,439
-82,438
-66,437
54,436
8,432
-33,431
48,430
-10,428
84,427
-71,426
-22,424
6,420
-1,418
-44,417
20,416
32,415
93,414
-54,413
-69,411
-66,410
8,409
74,408
79,407
31,406
72,405
-80,404
-84,403
51,402
65,400
-43,398
17,397
-61,396
9,395
-39,394
36,393
-30,392
-32,391
45,388
-66,386
-43,384
78,382
23,381
-34,380
38,379
62,378
26,377
76,374
-59,373
39,372
-11,371
-33,370
-85,367
-37,366
40,365
27,364
96,363
-92,362
-17,361
46,360
96,356
24,355
-58,354
60,353
-81,352
-89,351
13,350
3,349
46,347
-37,345
34,344
-74,343
54,342
34,341
-45,340
-88,339
30,338
22,337
-27,336
32,335
27,333
-2,331
95,330
-49,327
-38,325
27,324
65,323
-12,322
-12,321
94,320
44,319
-9,318
39,317
-34,316
81,314
42,313
7,312
-84,311
-46,310
-45,309
-54,307
-75,306
75,305
69,304
36,303
86,301
-61,299
98,297
19,296
-67,295
65,294
-34,293
67,292
-40,290
63,289
-83,288
-5,286
38,282
-86,280
54,279
-85,278
-74,277
79,274
-36,273
50,272
-59,271
91,270
-19,269
50,265
-18,264
-53,263
88,262
63,261
33,260
39,259
-47,257
-50,256
45,253
60,252
-48,251
42,249
62,248
-21,243
-32,241
91,240
-1,239
-39,237
23,236
87,235
-92,234
70,232
-95,229
74,227
-77,226
-88,225
-33,224
96,223
-37,222
-97,221
-97,220
-12,219
11,217
5,216
-46,215
44,214
19,212
-28,211
93,210
62,209
8,208
9,207
23,206
-26,205
41,204
57,203
99,202
-81,201
93,200
18,199
10,198
-23,195
10,194
-95,192
25,191
-48,190
54,189
-89,188
-52,186
-34,185
1,184
62,183
14,182
46,181
-42,179
8,177
99,176
25,175
41,174
70,172
-93,170
-78,169
-85,167
72,166
-1,165
71,164
-94,163
-20,162
87,160
-31,159
-21,157
-40,156
-57,155
74,153
42,150
-78,149
-79,148
24,147
70,146
-17,145
-10,144
89,143
96,142
-62,140
40,139
56,138
38,137
27,136
19,135
31,133
-6,131
-54,130
-15,129
89,128
-89,125
36,124
45,123
-22,122
42,121
-56,119
17,117
-12,116
-79,115
-90,114
-6,112
-96,110
-20,109
-7,108
-5,107
69,106
10,104
-98,103
88,102
-53,101
23,100
88,99
-90,98
-73,97
41,96
-28,95
-54,94
18,93
-22,92
57,91
-17,90
14,88
-41,86
-7,85
78,84
-98,82
-60,81
-46,80
62,79
34,78
-28,77
32,76
44,74
57,73
8,72
-19,71
29,70
38,69
-24,67
-88,65
-16,64
-39,63
-84,61
-89,60
100,59
-69,58
-75,57
94,56
-92,55
-2,54
-97,53
-54,52
-4,49
53,47
64,45
-32,44
-72,43
4,42
70,41
83,40
-29,39
1,38
14,36
-31,35
67,34
32,32
55,31
15,28
-95,26
-79,25
-18,24
-90,23
-92,22
98,21
-82,20
80,19
-72,17
95,16
-100,15
-71,14
-8,12
-17,11
-42,10
32,8
54,6
-58,5
23,4
-48,3
25,1
1,0
