86,9999
82,9998
10,9997
-86,9996
-59,9995
76,9994
6,9993
41,9992
-23,9990
56,9988
-35,9987
-88,9986
-19,9985
87,9984
96,9983
84,9982
-21,9981
-95,9980
-14,9979
0,9978
22,9977
-77,9976
63,9975
-30,9973
100,9972
78,9971
97,9970
94,9968
83,9967
-19,9966
37,9965
-13,9964
-33,9962
-65,9960
80,9959
-73,9958
-68,9957
-12,9956
-40,9955
67,9954
-85,9951
-70,9950
24,9949
56,9948
61,9947
57,9945
-93,9944
-40,9943
96,9942
-24,9941
-45,9939
-24,9938
-78,9936
16,9935
-89,9934
-86,9933
-96,9931
18,9929
-63,9928
50,9927
81,9926
-49,9925
-53,9924
48,9923
16,9921
49,9920
22,9919
-36,9918
10,9917
-53,9916
91,9915
-44,9914
-71,9910
-85,9909
23,9907
30,9906
-44,9905
-5,9904
-6,9903
-82,9902
44,9901
55,9900
58,9898
-1,9896
15,9895
23,9894
-90,9892
-88,9890
-96,9889
-41,9887
-49,9886
14,9885
54,9884
-14,9883
71,9882
7,9881
45,9880
-23,9879
-41,9875
90,9873
-20,9872
2,9871
-41,9870
-16,9868
76,9867
-7,9866
81,9865
-82,9863
-15,9862
89,9860
-61,9859
68,9857
-19,9855
57,9853
-37,9852
59,9851
-22,9850
-51,9849
-67,9847
18,9843
-59,9842
76,9841
-5,9840
-22,9839
85,9838
91,9837
-84,9835
83,9832
88,9831
32,9829
59,9826
-18,9825
67,9824
-87,9821
16,9820
-95,9819
-74,9818
-75,9816
-5,9815
25,9814
75,9813
-37,9812
84,9811
-75,9810
-40,9809
-78,9805
-97,9804
53,9801
-40,9800
10,9799
-24,9798
-16,9796
57,9794
-21,9793
59,9792
15,9791
61,9790
16,9789
-4,9788
-66,9787
76,9785
46,9784
49,9783
-67,9782
44,9780
-10,9777
71,9776
46,9775
-46,9773
-91,9772
77,9771
-42,9770
-80,9769
69,9767
-34,9765
-93,9764
-69,9762
-78,9761
-28,9760
84,9759
6,9758
74,9757
22,9756
-29,9755
-29,9754
-13,9753
22,9752
-30,9751
59,9750
-39,9749
-86,9748
90,9747
-62,9746
-89,9745
-29,9744
-63,9741
-61,9740
-76,9739
99,9738
-8,9737
66,9736
3,9735
-35,9734
-17,9733
-60,9731
-89,9728
-29,9727
66,9726
83,9724
-21,9723
52,9721
94,9720
19,9718
-8,9717
-40,9713
45,9711
-76,9710
9,9709
35,9707
-71,9706
-36,9705
9,9704
-97,9703
-41,9702
-24,9701
38,9699
-46,9698
-72,9697
57,9695
12,9694
-64,9693
47,9692
-99,9691
7,9689
-89,9688
97,9687
-82,9684
-34,9682
52,9678
-19,9677
-75,9676
-15,9675
73,9674
-36,9673
79,9672
-92,9671
58,9668
-3,9666
-40,9665
36,9664
56,9663
12,9662
21,9661
21,9660
61,9659
31,9658
-16,9655
100,9652
-78,9651
39,9649
63,9648
48,9647
88,9646
-36,9645
13,9644
6,9643
-13,9642
-42,9641
-56,9640
44,9636
92,9635
100,9633
-64,9632
19,9630
-11,9629
93,9627
25,9626
34,9625
36,9624
-90,9623
-65,9622
92,9619
13,9618
-77,9617
-77,9615
67,9613
-26,9611
-23,9610
3,9609
44,9608
-5,9607
-19,9606
33,9605
18,9604
18,9603
-92,9601
53,9599
-85,9590
-60,9588
-26,9587
-67,9586
66,9585
-60,9584
-3,9583
10,9582
-89,9581
18,9580
-90,9579
-87,9578
-99,9576
-50,9575
-35,9572
98,9571
2,9569
-9,9568
88,9567
-81,9566
34,9565
52,9564
-13,9562
-79,9561
-32,9560
-61,9559
-74,9558
43,9557
59,9556
-26,9554
70,9553
16,9552
16,9550
-94,9549
-20,9548
84,9547
-60,9546
100,9545
-16,9543
-24,9542
39,9541
-87,9539
-44,9538
-63,9537
82,9536
74,9535
-75,9533
29,9532
55,9531
67,9530
-87,9528
-91,9526
45,9525
-17,9524
99,9523
51,9522
-88,9520
91,9519
-20,9518
-67,9517
8,9516
20,9515
13,9514
36,9513
10,9512
-82,9511
66,9510
79,9509
-61,9508
41,9507
-94,9506
4,9505
83,9504
-54,9503
42,9502
-3,9501
-16,9500
10,9499
60,9498
-90,9497
53,9496
92,9495
-97,9494
-96,9493
19,9492
91,9491
-55,9490
80,9489
-51,9488
16,9487
-26,9486
-21,9482
-11,9481
2,9480
-100,9479
77,9478
59,9477
-13,9476
84,9475
11,9473
37,9472
-32,9471
41,9470
86,9469
-75,9468
-56,9467
-10,9465
77,9464
69,9463
59,9462
20,9460
29,9459
-70,9458
-61,9456
39,9455
-42,9454
-13,9453
-92,9452
-94,9451
17,9450
-55,9448
-53,9447
-36,9444
88,9443
-21,9442
98,9441
14,9440
58,9439
-48,9438
40,9437
65,9434
48,9433
69,9431
81,9430
-20,9428
44,9425
-66,9423
32,9421
-17,9420
15,9419
-86,9418
39,9417
16,9416
2,9415
18,9414
-44,9413
8,9412
84,9411
-96,9408
18,9405
7,9404
52,9403
-16,9402
19,9400
30,9398
-96,9397
-49,9396
78,9395
-49,9394
-6,9392
17,9391
50,9390
-10,9389
-26,9387
-72,9386
-47,9384
79,9383
-73,9381
-26,9380
-24,9379
-76,9378
-77,9377
-71,9375
3,9374
28,9373
58,9372
-47,9371
71,9370
-24,9369
-4,9368
-40,9367
-35,9361
-7,9359
-71,9357
-87,9355
-37,9354
-17,9353
33,9352
-69,9351
-47,9350
79,9349
20,9348
3,9347
-25,9346
33,9345
-68,9344
-57,9343
-83,9342
61,9341
98,9340
-69,9338
-96,9337
-29,9336
2,9335
34,9334
54,9333
-85,9330
4,9329
63,9328
18,9327
-91,9326
73,9325
44,9324
20,9323
-46,9322
86,9321
-53,9320
-43,9318
31,9317
-97,9313
19,9312
45,9311
62,9310
-46,9309
77,9308
7,9307
90,9305
-33,9304
76,9303
57,9302
-94,9301
-87,9297
-69,9296
18,9295
-85,9294
-50,9293
-48,9292
6,9291
84,9290
-35,9289
-41,9288
-7,9287
-19,9286
-77,9285
-91,9284
50,9283
92,9282
31,9281
20,9280
5,9279
10,9278
-32,9277
3,9275
-2,9274
67,9272
95,9271
-19,9269
-15,9268
35,9267
-83,9266
-44,9265
30,9264
19,9263
-69,9262
-21,9261
73,9260
9,9259
-60,9257
-79,9256
13,9255
68,9254
66,9253
80,9252
-82,9251
-65,9249
-6,9247
-95,9246
-21,9245
79,9244
80,9242
0,9241
51,9240
94,9237
33,9233
-15,9232
-68,9230
-80,9229
-63,9228
7,9227
98,9226
-86,9225
-95,9223
-9,9222
25,9221
-20,9220
-68,9219
15,9217
-94,9216
-94,9215
-15,9214
72,9213
57,9212
-79,9211
-15,9210
-56,9209
80,9208
-86,9207
-73,9206
7,9205
-79,9204
-59,9203
90,9202
-52,9201
-55,9200
-44,9197
-49,9196
-36,9195
-4,9194
-29,9193
46,9192
70,9191
72,9190
-36,9189
99,9188
-66,9187
-51,9185
59,9184
-88,9182
48,9181
-99,9180
48,9179
-95,9178
87,9177
52,9174
39,9173
-64,9172
44,9171
68,9169
11,9168
86,9167
38,9166
6,9165
67,9164
-48,9162
-71,9161
51,9160
29,9159
-9,9158
74,9157
-93,9155
62,9154
-62,9153
-53,9152
-1,9151
-10,9150
9,9149
16,9148
23,9147
-14,9145
-93,9144
-20,9143
-74,9141
-56,9138
-86,9137
41,9136
46,9135
-23,9134
84,9133
-60,9132
-45,9131
-27,9130
-56,9129
64,9128
-52,9126
50,9125
92,9124
-78,9123
-14,9122
-35,9121
-47,9118
-27,9117
-89,9113
-68,9112
-31,9110
23,9108
-20,9107
64,9106
18,9105
15,9104
-95,9103
5,9102
-11,9099
-94,9098
77,9097
-95,9096
-74,9095
-98,9094
-60,9093
-26,9092
18,9091
21,9090
0,9088
12,9087
-81,9086
-10,9085
89,9083
-52,9082
98,9080
64,9078
69,9077
-9,9075
-59,9074
36,9072
88,9071
44,9070
61,9069
30,9067
-32,9066
50,9065
63,9064
97,9062
-84,9061
-43,9059
-67,9056
-1,9055
52,9054
59,9053
-76,9051
-43,9050
7,9049
100,9047
77,9046
-55,9044
57,9042
92,9040
-33,9039
-52,9038
5,9034
-29,9033
-36,9032
65,9030
58,9029
59,9027
46,9025
0,9024
60,9023
70,9022
-72,9021
-40,9020
47,9016
29,9015
12,9014
69,9013
1,9012
10,9011
-100,9009
51,9007
2,9006
-93,9005
99,9004
12,9002
39,8999
-85,8996
-73,8994
-61,8991
-84,8990
9,8989
12,8988
66,8986
46,8985
41,8984
-14,8983
-98,8980
100,8979
-19,8978
100,8977
-59,8975
-29,8974
42,8971
-46,8968
-99,8967
-51,8965
94,8963
-85,8962
-74,8961
-39,8958
18,8957
-73,8956
-87,8952
71,8950
-22,8948
42,8946
83,8945
40,8943
48,8942
54,8940
87,8939
8,8938
-3,8937
29,8936
89,8935
1,8934
13,8933
51,8932
-69,8931
19,8930
-52,8929
92,8928
-64,8925
-85,8923
38,8922
-59,8921
-31,8920
-92,8919
-98,8918
7,8917
82,8916
54,8915
-69,8914
-82,8913
-75,8912
20,8911
-70,8910
79,8908
49,8907
33,8905
-25,8904
-80,8903
65,8902
55,8901
77,8900
75,8899
3,8897
-54,8896
34,8895
-24,8894
69,8892
35,8891
-89,8890
-3,8889
-22,8888
16,8887
-3,8886
84,8885
-57,8881
90,8880
48,8879
-42,8878
-69,8877
-37,8876
19,8875
26,8874
-76,8873
42,8869
-75,8868
-69,8867
97,8866
66,8865
33,8863
70,8860
-92,8859
-58,8858
33,8855
85,8854
-85,8853
-49,8852
72,8851
40,8850
48,8849
-1,8847
60,8845
-71,8843
-82,8842
2,8840
86,8839
95,8838
-74,8837
29,8835
-41,8832
-76,8831
-33,8830
-38,8829
97,8828
6,8826
55,8825
52,8824
35,8823
16,8822
-71,8821
-38,8819
-66,8818
33,8816
-67,8815
-78,8814
-62,8813
-90,8812
12,8811
-34,8810
-30,8809
86,8808
-56,8807
30,8805
27,8804
-36,8803
-2,8801
-79,8800
21,8799
92,8798
100,8797
-75,8795
-45,8794
99,8791
-1,8790
98,8789
-98,8787
14,8786
-62,8784
36,8783
19,8781
-32,8780
22,8779
-6,8778
24,8774
21,8773
-26,8772
-93,8771
-70,8770
3,8769
73,8766
-53,8765
21,8764
-43,8763
-44,8762
-55,8761
15,8760
-43,8759
8,8757
20,8756
79,8755
64,8754
99,8753
-83,8752
-99,8751
-100,8750
15,8747
-39,8746
-78,8745
45,8744
96,8742
-22,8740
8,8739
-11,8738
94,8737
7,8736
-26,8735
43,8734
-91,8732
-19,8731
99,8730
40,8729
5,8728
56,8727
-34,8725
73,8724
-51,8723
50,8722
23,8721
77,8720
-26,8719
-42,8718
-12,8716
73,8715
45,8714
-81,8713
59,8712
98,8711
48,8709
61,8708
30,8707
60,8705
-86,8704
-44,8703
95,8701
19,8700
-54,8699
-69,8698
70,8697
84,8696
-49,8695
33,8694
-64,8693
15,8690
57,8689
81,8687
60,8685
-30,8684
23,8683
-71,8682
85,8681
-25,8680
21,8679
94,8678
49,8677
50,8676
-51,8675
32,8674
-88,8673
-4,8672
-35,8671
21,8669
19,8668
-37,8667
-61,8666
30,8665
90,8664
-40,8663
8,8662
18,8660
-11,8658
-99,8657
24,8655
-80,8653
37,8651
45,8649
-25,8648
-7,8645
7,8644
67,8643
-35,8642
-3,8641
-65,8640
53,8639
-70,8637
88,8636
-55,8634
83,8632
97,8631
18,8629
27,8628
28,8627
-80,8626
-39,8625
-38,8623
34,8622
-87,8621
-5,8619
26,8618
84,8617
-91,8616
47,8615
-63,8614
-9,8613
3,8612
58,8611
38,8610
45,8609
86,8608
-13,8607
71,8605
-33,8603
-46,8602
-87,8601
-11,8600
54,8599
47,8598
21,8596
-94,8595
-40,8594
66,8592
62,8590
-39,8589
-89,8588
-49,8587
94,8582
-35,8580
-3,8579
97,8577
-69,8576
-51,8574
-37,8573
72,8572
84,8571
28,8570
-10,8569
-47,8568
99,8567
91,8565
19,8564
76,8563
72,8562
-7,8559
-97,8558
-65,8557
71,8556
29,8555
6,8554
-20,8553
92,8552
-5,8551
18,8549
-29,8548
-42,8547
92,8545
53,8544
16,8542
-61,8541
76,8540
67,8539
-9,8538
-39,8536
49,8535
13,8534
7,8533
13,8532
3,8530
-98,8529
-52,8526
-49,8525
-89,8523
-85,8522
58,8521
-2,8520
68,8519
-57,8518
-58,8517
96,8516
-25,8514
-3,8513
-61,8512
-32,8511
53,8509
-83,8508
-85,8506
-55,8505
11,8501
28,8500
-63,8499
19,8498
-91,8497
-98,8496
-40,8495
-91,8493
54,8492
-52,8490
-81,8489
53,8488
3,8486
-6,8484
32,8483
-29,8482
-31,8480
39,8477
24,8474
-30,8473
-73,8470
-21,8468
-87,8467
14,8466
7,8464
11,8463
-48,8460
-10,8459
70,8458
92,8457
100,8456
10,8455
4,8454
74,8453
-95,8451
65,8450
-87,8449
-36,8448
61,8447
18,8446
76,8445
33,8444
-52,8441
-24,8440
87,8439
-71,8437
65,8436
-23,8435
81,8434
10,8433
-34,8432
-99,8431
-43,8429
-83,8428
41,8427
-76,8426
-96,8425
-29,8424
7,8423
57,8422
-27,8421
64,8420
10,8419
-19,8416
-41,8415
-66,8414
56,8413
-88,8412
-37,8411
-44,8410
-77,8408
-7,8407
47,8406
33,8405
-4,8404
-63,8402
-57,8401
-29,8398
-97,8397
95,8394
30,8391
-39,8390
54,8388
4,8387
16,8385
-80,8383
17,8382
-49,8381
-97,8380
65,8379
-51,8378
-15,8377
-74,8376
-62,8374
27,8373
-71,8372
24,8369
28,8367
64,8366
31,8364
-46,8362
-87,8359
-11,8357
3,8355
70,8353
72,8350
-70,8349
-88,8348
84,8346
-52,8344
-3,8343
-20,8342
40,8341
79,8340
3,8339
-22,8336
-78,8333
-22,8332
-43,8330
-46,8328
-39,8327
34,8324
-65,8323
26,8321
-62,8320
12,8319
-7,8318
-37,8316
-20,8315
-46,8313
7,8312
87,8311
10,8308
34,8307
24,8306
-100,8303
-95,8300
48,8299
-64,8298
-47,8297
5,8296
92,8294
-36,8293
-34,8292
-71,8291
-5,8290
76,8289
27,8288
60,8287
-43,8286
99,8285
-93,8284
3,8283
16,8282
-67,8280
20,8279
-76,8278
-42,8277
11,8276
52,8275
-66,8272
44,8271
-83,8270
29,8269
-42,8268
44,8267
62,8266
-43,8265
-60,8264
-57,8262
-5,8260
-2,8259
47,8257
79,8256
-16,8255
75,8254
69,8250
9,8249
-34,8248
-89,8247
21,8245
-44,8244
-84,8242
-78,8241
-64,8240
39,8239
76,8237
86,8236
28,8232
-77,8231
19,8230
25,8229
73,8228
100,8227
-29,8226
41,8225
73,8224
-70,8222
-47,8221
66,8220
-65,8219
-73,8218
8,8217
-82,8215
61,8213
30,8212
-19,8211
-3,8209
-18,8208
84,8207
-6,8206
-89,8203
-4,8202
-52,8201
-71,8200
-92,8199
-75,8197
-44,8196
-73,8194
-58,8192
86,8190
-65,8189
-57,8187
56,8186
15,8185
95,8183
-87,8182
-79,8181
45,8179
88,8175
69,8173
-65,8172
-39,8171
-34,8169
-73,8168
73,8166
98,8165
2,8164
-66,8162
-38,8160
81,8158
44,8157
9,8156
87,8154
75,8152
66,8151
-15,8149
-96,8148
-73,8145
11,8143
-33,8142
-77,8141
-85,8140
13,8139
-3,8138
-88,8136
17,8135
33,8134
81,8133
84,8132
27,8131
-84,8130
67,8129
45,8128
8,8127
-63,8126
16,8125
92,8123
12,8122
96,8121
85,8119
-27,8116
92,8115
-56,8114
98,8113
-66,8111
67,8110
-58,8109
100,8108
54,8107
84,8105
-41,8104
-20,8103
48,8101
76,8095
33,8094
37,8093
98,8091
49,8090
7,8089
-61,8087
-23,8085
74,8083
-18,8082
-72,8081
-100,8079
-34,8078
97,8076
-68,8075
79,8074
-86,8073
-96,8072
19,8071
-10,8070
-87,8069
-33,8068
-34,8067
45,8066
95,8065
-10,8064
-31,8063
87,8062
67,8060
58,8059
-24,8056
-14,8055
52,8054
-100,8053
-59,8051
64,8050
43,8049
60,8047
19,8046
55,8045
-98,8044
3,8042
31,8041
26,8040
74,8039
-4,8034
-44,8032
80,8030
61,8029
64,8028
88,8027
-59,8026
32,8025
29,8024
-81,8022
32,8020
-30,8019
-71,8018
-22,8017
-66,8016
-3,8015
80,8014
-37,8013
-23,8012
85,8011
68,8009
77,8008
90,8007
-85,8006
55,8005
-75,8004
-80,8003
-95,8002
-3,8001
-60,8000
23,7999
-66,7998
-48,7997
-49,7996
23,7995
44,7994
9,7993
-52,7992
-42,7991
-67,7989
36,7988
79,7987
-7,7986
52,7985
41,7984
-85,7983
34,7980
16,7979
82,7978
32,7976
-30,7975
81,7974
7,7973
65,7972
-36,7971
93,7970
60,7968
87,7967
95,7966
34,7965
9,7964
69,7963
52,7961
-29,7960
32,7959
-16,7958
-34,7957
44,7956
-29,7954
79,7953
32,7952
50,7951
80,7950
-18,7948
-22,7947
-74,7946
1,7944
-17,7942
40,7941
-34,7940
-24,7939
-37,7938
-83,7937
54,7935
-72,7932
-37,7930
-41,7928
-19,7926
6,7923
62,7922
27,7921
-72,7920
99,7919
59,7918
52,7916
-86,7915
62,7914
97,7913
-40,7912
3,7909
-18,7908
74,7907
-53,7906
59,7905
37,7901
-71,7900
-10,7899
-20,7897
-84,7896
-21,7893
-54,7892
-85,7891
78,7890
94,7889
-6,7888
63,7887
-77,7885
72,7884
2,7879
52,7877
96,7876
-74,7874
-70,7873
-42,7872
1,7871
-26,7870
-3,7869
48,7868
-7,7866
74,7865
-84,7864
-21,7863
45,7862
80,7861
-10,7860
4,7859
53,7858
-19,7857
-28,7854
3,7853
-54,7852
-47,7851
62,7849
-7,7848
-75,7847
97,7844
73,7842
28,7840
-17,7839
37,7838
-16,7837
-51,7836
17,7835
56,7833
40,7832
-69,7831
34,7830
-33,7829
-90,7828
98,7827
22,7826
-98,7824
-28,7823
-15,7821
-9,7819
13,7818
-25,7817
-15,7816
-24,7815
74,7814
-25,7813
74,7812
-81,7811
-35,7810
-12,7808
-34,7807
38,7806
66,7805
67,7804
-24,7803
71,7802
76,7801
-42,7800
-51,7799
-10,7798
-66,7797
-97,7794
58,7793
-73,7790
-57,7789
40,7788
61,7786
-95,7785
72,7784
0,7783
3,7779
9,7778
-32,7777
38,7776
-91,7775
31,7774
-61,7773
-24,7772
92,7771
21,7770
-63,7769
-87,7768
-92,7767
-54,7766
-50,7765
-15,7763
82,7762
24,7761
-36,7760
-76,7759
66,7758
50,7756
60,7755
-67,7753
26,7752
-77,7751
-35,7749
81,7748
-87,7747
-100,7746
58,7745
97,7744
64,7742
52,7741
64,7740
9,7737
-73,7733
-80,7730
-61,7729
-71,7727
-49,7726
83,7724
38,7723
25,7722
88,7721
26,7719
-98,7717
-18,7716
84,7715
16,7714
70,7713
44,7712
14,7711
27,7710
8,7709
8,7708
-42,7707
48,7706
-65,7704
-6,7703
46,7702
-36,7700
80,7699
-87,7696
96,7694
-42,7693
-76,7692
-24,7689
-51,7686
57,7685
51,7683
-87,7680
-54,7679
28,7678
73,7677
-61,7676
-78,7675
96,7674
-72,7673
39,7672
66,7671
45,7670
26,7669
67,7668
99,7666
-49,7663
-89,7662
65,7661
-2,7660
-23,7659
-73,7657
16,7656
78,7655
64,7654
-45,7653
65,7652
85,7651
-100,7650
-85,7648
-68,7647
92,7646
89,7644
11,7643
-3,7642
89,7641
5,7640
-50,7639
-37,7637
-86,7636
-89,7635
59,7634
47,7633
8,7631
35,7630
84,7629
-68,7628
43,7627
52,7625
39,7624
92,7622
-46,7621
6,7619
-51,7618
68,7617
-99,7616
-75,7615
-70,7614
-53,7611
-59,7610
96,7609
20,7608
-7,7606
-44,7605
-39,7601
-100,7600
-56,7599
-67,7598
16,7596
-4,7595
27,7594
-30,7593
-4,7591
-81,7589
-30,7588
43,7586
-8,7585
-34,7583
-5,7581
-19,7580
-58,7579
9,7578
-70,7577
3,7576
60,7575
-36,7574
-78,7573
95,7572
97,7571
-29,7570
52,7569
21,7568
-99,7567
-11,7565
-57,7563
61,7562
-61,7561
-99,7560
61,7558
96,7557
0,7555
34,7554
-69,7553
-29,7552
-59,7550
36,7549
5,7548
-77,7547
45,7546
30,7545
-21,7543
80,7542
10,7541
66,7540
54,7536
38,7534
61,7533
79,7532
34,7530
-7,7529
16,7528
40,7527
-20,7526
-56,7524
-93,7522
-85,7521
-17,7520
-28,7519
5,7518
23,7516
-9,7514
-67,7511
-28,7509
-61,7508
35,7507
3,7506
-87,7505
-10,7504
-25,7503
5,7502
22,7501
33,7499
-82,7498
-41,7496
-76,7495
21,7494
-71,7493
-19,7492
-34,7491
-15,7490
-73,7489
-87,7488
4,7487
-72,7486
-6,7485
65,7484
-76,7483
31,7482
-88,7481
-38,7480
93,7478
100,7474
-44,7473
2,7471
-64,7470
79,7469
84,7468
-78,7467
49,7466
-56,7465
-50,7464
-28,7463
-74,7461
59,7460
-2,7458
50,7457
16,7456
-87,7455
-66,7454
67,7453
2,7452
-6,7451
-44,7449
-61,7448
14,7447
17,7446
-63,7445
-58,7444
-8,7443
-98,7442
8,7441
31,7440
29,7438
69,7437
61,7436
-85,7435
43,7434
-29,7431
-76,7430
39,7429
-100,7427
-29,7426
71,7425
67,7424
16,7422
94,7421
-50,7419
-91,7418
-88,7417
55,7416
10,7413
-77,7412
-17,7411
-41,7410
-47,7408
62,7407
67,7405
-14,7404
54,7403
-7,7402
-69,7401
13,7400
-2,7399
-10,7398
92,7396
-32,7395
17,7394
-30,7391
68,7390
-49,7389
82,7385
-34,7384
-29,7383
-43,7378
23,7377
29,7376
85,7375
1,7374
25,7373
24,7372
81,7371
-1,7370
-33,7369
22,7368
-87,7366
35,7365
68,7364
-5,7363
5,7362
-33,7361
-68,7360
-43,7358
43,7356
91,7355
-3,7354
-71,7353
-96,7352
-11,7351
-49,7350
19,7349
-4,7348
-5,7347
-1,7345
-99,7342
-22,7340
74,7339
68,7338
-65,7337
-94,7336
-25,7335
74,7334
-74,7333
30,7332
85,7331
-12,7330
39,7329
83,7325
-77,7323
-11,7322
54,7321
94,7320
61,7319
-71,7318
52,7317
-26,7316
98,7315
21,7313
-46,7312
21,7311
58,7310
-64,7309
18,7308
-82,7306
-61,7305
67,7301
91,7299
47,7298
-8,7296
70,7295
-38,7294
28,7293
74,7292
-46,7290
92,7289
37,7288
-79,7287
57,7286
57,7285
-65,7284
33,7283
62,7282
66,7281
-72,7280
-75,7279
11,7278
-26,7277
-7,7276
56,7274
-15,7273
-65,7272
-54,7271
3,7270
-79,7268
45,7267
88,7266
-97,7264
-86,7262
-1,7261
41,7260
72,7259
90,7258
100,7257
-5,7255
-59,7254
22,7252
79,7251
-21,7250
16,7249
19,7248
-15,7246
4,7245
23,7244
-58,7242
-94,7241
28,7240
-50,7239
94,7238
-81,7237
-16,7236
-4,7235
78,7233
-43,7232
96,7230
13,7229
43,7228
-96,7227
-3,7225
95,7222
0,7221
3,7220
44,7218
12,7217
92,7216
51,7214
40,7213
-42,7212
-5,7209
92,7208
99,7207
21,7205
36,7204
17,7203
-33,7202
86,7201
12,7200
-10,7199
10,7197
76,7196
71,7195
47,7194
85,7193
-92,7192
58,7191
29,7190
84,7189
79,7188
4,7187
-2,7186
-50,7185
20,7184
88,7183
90,7182
17,7181
-32,7180
-71,7178
-35,7177
-32,7176
85,7175
99,7174
-87,7173
-22,7171
79,7169
66,7168
-82,7167
-23,7166
-3,7165
-73,7164
-75,7163
-93,7162
-64,7161
-86,7159
-95,7158
-45,7156
69,7155
-12,7154
35,7152
-72,7151
21,7150
-69,7147
-44,7146
3,7144
19,7143
-52,7140
28,7139
83,7138
-68,7137
56,7133
31,7132
-87,7131
-27,7130
-44,7129
-15,7128
-39,7126
-100,7125
85,7124
68,7123
83,7122
-34,7121
-46,7120
-69,7118
78,7116
-72,7115
-79,7114
-31,7113
-54,7112
80,7111
-60,7109
-10,7108
11,7107
18,7106
-92,7105
82,7104
-10,7103
86,7101
-20,7100
-27,7099
-32,7098
0,7097
-90,7096
-43,7095
85,7094
23,7090
-72,7089
42,7088
39,7087
-18,7084
21,7083
79,7082
30,7081
82,7080
-46,7077
78,7076
64,7075
-13,7073
-14,7072
-59,7071
-32,7070
-33,7069
-20,7068
-63,7067
-38,7065
-85,7064
-72,7063
41,7062
15,7061
-67,7060
85,7057
96,7056
-89,7055
-87,7054
-51,7053
81,7051
14,7050
60,7049
-84,7048
-39,7044
17,7043
35,7041
40,7040
-7,7039
-51,7038
64,7037
-41,7036
-98,7035
38,7034
51,7032
59,7031
30,7030
74,7028
85,7027
71,7026
68,7025
-92,7023
39,7021
86,7020
68,7019
-87,7016
-8,7015
0,7014
32,7013
91,7011
28,7010
-12,7009
2,7007
-80,7005
-74,7003
59,7002
-52,7001
-77,7000
-55,6998
-10,6997
-24,6996
-82,6995
82,6994
80,6993
-34,6992
63,6991
-45,6990
10,6987
-25,6986
65,6985
-6,6984
-4,6983
-55,6982
-25,6981
-1,6980
50,6979
-89,6978
-55,6977
0,6976
82,6975
-45,6974
60,6972
-77,6970
-21,6969
-36,6968
16,6967
46,6966
81,6965
-43,6963
-1,6962
-5,6960
69,6959
4,6958
-15,6957
-96,6955
-24,6954
-89,6953
-88,6952
31,6949
-12,6948
62,6947
-47,6946
60,6944
26,6943
-92,6942
-78,6941
31,6940
78,6939
64,6938
89,6937
-66,6936
72,6935
32,6934
-61,6932
87,6931
37,6930
-4,6928
-37,6926
-26,6925
92,6924
60,6923
41,6922
-47,6921
7,6920
-44,6919
12,6917
88,6916
62,6915
41,6914
-55,6913
29,6912
46,6910
56,6909
-66,6908
90,6907
-9,6906
-50,6905
-47,6904
99,6903
-18,6901
-2,6900
15,6899
62,6898
71,6896
-50,6895
-34,6893
61,6892
42,6891
-82,6890
80,6887
90,6886
67,6884
33,6883
-39,6882
59,6881
46,6880
36,6879
-35,6878
91,6877
63,6876
15,6874
7,6873
-43,6872
34,6871
-83,6870
-77,6869
-86,6868
54,6867
23,6866
-96,6865
-11,6863
-80,6862
-78,6861
-23,6860
24,6859
-95,6858
76,6857
-83,6856
29,6855
-52,6854
75,6853
66,6852
-64,6851
-14,6848
86,6847
-58,6846
53,6843
14,6842
-4,6841
-18,6840
32,6836
-28,6835
-96,6834
77,6833
-50,6832
54,6830
-52,6829
45,6826
-2,6825
-38,6824
5,6822
80,6819
82,6818
-85,6817
86,6816
79,6814
-2,6813
-60,6812
12,6811
31,6810
6,6808
47,6807
-43,6806
80,6805
-91,6804
93,6803
-4,6802
34,6801
31,6800
8,6799
-14,6798
-71,6796
-26,6795
13,6794
35,6792
-33,6791
5,6790
-77,6789
-25,6788
54,6787
-46,6786
-81,6785
83,6784
-45,6783
-43,6781
-8,6780
57,6779
-19,6778
85,6776
-99,6775
-46,6772
-61,6771
66,6770
94,6768
-20,6767
-11,6766
35,6765
11,6764
-72,6763
-41,6762
87,6761
-86,6759
-56,6758
-3,6755
40,6754
88,6753
11,6752
35,6751
33,6750
-97,6749
81,6748
-11,6747
-93,6746
95,6744
43,6741
42,6737
11,6736
77,6734
53,6733
95,6732
-56,6731
-86,6730
-59,6729
-87,6728
96,6727
25,6726
-73,6725
6,6724
42,6723
83,6722
24,6721
28,6720
25,6718
-63,6717
92,6715
27,6714
-47,6713
94,6712
-91,6710
-9,6709
-95,6707
54,6705
-24,6703
-76,6702
-20,6701
98,6699
15,6697
93,6696
-84,6694
72,6693
8,6690
27,6689
57,6688
-99,6686
31,6685
-98,6684
20,6683
22,6682
-62,6681
62,6680
-37,6679
-2,6676
-46,6675
-68,6674
-66,6673
3,6672
-73,6671
92,6670
4,6668
67,6667
48,6665
-88,6664
-4,6663
99,6662
-71,6661
84,6658
76,6655
68,6653
5,6652
10,6651
-54,6650
17,6647
-18,6645
-64,6644
-58,6643
-16,6641
-27,6640
32,6635
-35,6634
72,6633
82,6632
-30,6630
86,6628
-98,6626
-48,6624
-4,6623
-71,6621
71,6619
7,6616
-8,6615
41,6613
52,6612
-64,6610
34,6609
-14,6608
-89,6607
-24,6606
-47,6605
-32,6603
-95,6601
-93,6600
-17,6599
-41,6597
61,6596
-51,6594
5,6593
18,6591
77,6590
-75,6589
-18,6586
-91,6585
-68,6583
13,6581
-23,6579
18,6578
-60,6577
-64,6576
48,6575
51,6574
29,6573
-55,6572
78,6571
83,6570
-87,6569
17,6568
78,6565
36,6563
-92,6562
41,6561
23,6560
90,6558
-98,6557
8,6555
-22,6554
41,6552
-79,6551
78,6550
-32,6548
-69,6547
-25,6546
-23,6545
-63,6544
96,6543
16,6542
-21,6540
54,6539
-62,6538
46,6537
57,6536
32,6533
16,6532
83,6530
6,6529
81,6527
-16,6526
41,6524
-93,6523
-60,6522
99,6521
-90,6520
67,6519
-39,6518
-54,6516
-5,6515
-88,6513
73,6512
-63,6511
12,6509
33,6508
-44,6506
22,6505
-88,6502
-42,6501
62,6500
-96,6499
-59,6498
22,6497
25,6496
-34,6494
-36,6493
-79,6492
-44,6491
18,6490
73,6489
-32,6488
29,6487
20,6486
78,6485
-26,6484
76,6483
-87,6482
66,6480
-96,6479
-29,6478
-55,6477
-48,6476
58,6475
-60,6474
-85,6472
-64,6471
-5,6470
-35,6469
7,6468
80,6467
33,6466
30,6465
52,6464
-77,6462
30,6461
-19,6460
-15,6458
19,6457
25,6456
-82,6455
88,6454
-31,6453
23,6452
94,6451
49,6450
-22,6449
18,6447
-48,6446
58,6445
10,6444
-75,6443
69,6442
45,6441
-62,6440
-64,6439
81,6438
-43,6437
87,6436
-63,6435
77,6434
5,6433
-78,6432
63,6430
90,6429
13,6428
-49,6427
38,6426
-56,6424
-42,6422
55,6420
-94,6419
26,6418
-32,6417
11,6416
14,6415
-11,6414
67,6413
52,6412
3,6411
21,6410
-17,6409
59,6408
60,6406
35,6405
29,6403
51,6402
78,6400
-13,6399
-15,6398
-59,6396
79,6395
81,6394
29,6393
-30,6392
-36,6391
11,6390
-78,6389
-13,6388
-68,6387
-68,6386
19,6385
-48,6384
31,6383
38,6382
-57,6379
32,6376
18,6375
2,6374
-82,6373
77,6372
53,6371
62,6370
69,6369
-59,6368
-38,6367
-70,6366
-78,6365
-28,6364
13,6362
-19,6360
49,6357
93,6355
-91,6354
39,6351
-14,6350
91,6349
12,6348
8,6347
3,6346
79,6344
-52,6343
-26,6342
29,6340
13,6339
83,6338
-18,6337
-59,6336
-48,6335
60,6331
34,6329
-89,6327
0,6326
-96,6324
78,6321
2,6320
-58,6319
60,6318
-9,6317
-96,6316
-30,6315
20,6313
-87,6312
21,6311
73,6310
-43,6308
-87,6307
-75,6306
84,6305
74,6304
24,6303
-4,6302
-18,6299
44,6298
20,6297
-85,6296
-82,6295
-2,6294
-44,6293
53,6292
47,6291
99,6290
92,6289
54,6286
91,6285
83,6284
-14,6283
-3,6282
-59,6281
-85,6279
3,6278
-8,6277
-15,6276
-27,6275
82,6273
-4,6272
-42,6271
-69,6270
-32,6269
83,6268
-34,6267
6,6266
19,6263
34,6262
-71,6260
13,6259
-15,6258
-12,6256
-93,6255
30,6254
2,6250
-82,6249
92,6247
22,6246
-10,6244
-33,6242
65,6241
44,6240
-41,6239
-72,6238
67,6237
-59,6236
-20,6233
18,6232
92,6230
58,6228
-90,6227
-18,6225
-28,6224
-96,6223
61,6222
49,6221
-73,6220
-20,6215
38,6213
28,6212
-74,6211
-83,6210
-63,6209
53,6208
-45,6207
82,6206
-8,6205
-68,6204
-93,6203
28,6200
59,6198
58,6197
77,6195
-91,6194
42,6193
86,6192
57,6191
29,6190
-74,6188
-21,6187
98,6185
39,6184
93,6183
-36,6181
92,6180
61,6179
61,6177
-72,6176
12,6175
-82,6174
17,6173
-27,6172
-78,6171
-75,6169
72,6168
16,6164
43,6163
-73,6162
76,6161
-91,6160
61,6158
81,6155
41,6154
-88,6153
64,6152
4,6151
-19,6150
40,6149
44,6147
-71,6146
-89,6145
-34,6143
39,6142
-46,6140
-35,6139
-15,6138
-58,6137
-80,6136
-57,6135
-59,6134
71,6133
28,6132
-81,6131
-2,6130
77,6128
28,6126
-98,6125
11,6123
-10,6122
-36,6121
100,6119
-52,6118
74,6117
57,6116
8,6115
11,6114
-96,6112
17,6110
44,6108
48,6107
5,6105
18,6103
66,6102
-16,6101
88,6100
-52,6099
-33,6098
-42,6097
-71,6096
-19,6095
-96,6094
-12,6093
-17,6092
-52,6091
84,6090
-61,6089
-71,6088
8,6087
-17,6085
-84,6084
98,6083
-25,6082
-68,6079
-97,6077
-44,6076
-81,6075
-68,6074
-64,6073
74,6072
-79,6070
-18,6067
75,6066
12,6064
94,6063
16,6061
96,6059
66,6058
-59,6057
7,6056
-38,6055
-5,6054
-77,6053
95,6051
-36,6049
66,6048
-91,6047
56,6044
-81,6042
96,6040
-46,6039
-8,6037
-96,6034
18,6033
47,6031
26,6030
-71,6029
19,6027
85,6026
68,6024
97,6023
22,6022
56,6021
-16,6019
-85,6018
-53,6014
29,6013
-99,6012
-14,6011
38,6010
8,6009
98,6008
22,6007
-76,6006
-29,6004
-82,6003
48,6002
-30,6001
19,6000
-28,5999
57,5996
-49,5994
-25,5993
24,5991
15,5990
4,5989
-83,5988
96,5987
-77,5986
78,5985
-85,5984
57,5983
-98,5979
-85,5977
4,5976
17,5975
46,5974
65,5972
33,5971
50,5970
-47,5969
-1,5967
4,5964
10,5963
-13,5962
89,5961
-68,5960
-18,5959
-73,5958
-60,5957
-53,5956
-39,5953
-71,5950
88,5949
10,5945
-39,5944
38,5942
-86,5941
-35,5938
6,5937
45,5936
-91,5934
-33,5931
-83,5930
79,5929
31,5928
77,5927
-99,5926
-5,5925
-28,5923
100,5922
-74,5920
19,5919
-79,5918
-69,5917
-54,5916
-91,5915
-75,5914
-7,5911
-49,5910
63,5909
31,5907
71,5906
99,5905
15,5904
-42,5901
-55,5900
-67,5899
-74,5898
-93,5896
44,5895
71,5894
-19,5893
-59,5892
4,5891
-29,5889
-74,5887
11,5886
18,5885
1,5884
-62,5882
-24,5881
76,5880
43,5879
39,5878
-52,5876
-85,5875
-83,5874
52,5873
5,5872
-93,5871
-25,5870
54,5869
61,5868
33,5867
-59,5866
1,5865
45,5864
-10,5863
-63,5862
100,5861
-14,5860
92,5859
-79,5858
6,5857
-49,5856
5,5855
-50,5854
8,5853
66,5852
71,5851
-30,5850
38,5849
49,5847
-53,5846
-27,5845
28,5843
-91,5842
55,5841
-52,5840
-12,5839
-64,5838
34,5836
0,5835
-52,5834
39,5833
77,5832
32,5831
-23,5830
-21,5828
73,5827
86,5826
40,5824
72,5823
-62,5821
-53,5820
2,5818
-10,5816
-80,5815
38,5814
-68,5813
-57,5812
24,5811
-25,5809
77,5808
20,5806
-29,5805
-83,5804
-38,5803
-82,5802
-92,5801
-45,5800
50,5798
85,5797
50,5796
-89,5794
59,5793
-7,5791
-38,5790
59,5789
15,5788
-29,5787
39,5786
75,5785
32,5783
33,5782
-90,5781
53,5780
34,5778
-97,5776
-88,5774
85,5772
82,5770
3,5769
60,5767
24,5766
62,5763
-25,5762
42,5761
-59,5760
34,5758
-87,5757
-22,5755
-96,5754
69,5753
52,5752
-74,5750
30,5749
55,5748
-3,5747
93,5746
73,5744
27,5743
92,5742
-72,5741
69,5740
22,5739
-50,5737
-35,5736
29,5733
41,5730
-24,5729
-3,5727
-45,5725
60,5722
-70,5720
-51,5719
-64,5718
-94,5717
0,5716
-71,5715
15,5713
62,5711
-33,5709
17,5708
-24,5707
-56,5706
100,5705
-11,5703
45,5700
-70,5699
67,5698
95,5697
32,5696
100,5694
-53,5693
-79,5692
-54,5691
38,5689
53,5687
52,5686
-23,5685
-39,5684
-39,5683
-7,5682
-32,5681
76,5680
-18,5677
-76,5676
97,5675
-62,5674
-66,5673
48,5672
88,5668
77,5667
29,5666
-15,5665
-32,5664
89,5663
-33,5662
-76,5661
-56,5660
-1,5659
30,5658
-12,5656
6,5655
96,5654
13,5652
79,5651
-12,5649
91,5646
1,5645
3,5644
44,5641
-4,5640
4,5639
0,5638
15,5637
-99,5636
-64,5634
81,5633
22,5632
-40,5631
41,5630
-71,5629
40,5627
19,5626
-52,5625
-88,5624
-59,5623
65,5622
46,5621
-85,5620
85,5619
-98,5618
41,5617
64,5615
-50,5613
69,5612
-86,5611
96,5610
-16,5608
10,5607
37,5606
85,5605
99,5604
65,5603
-52,5602
-9,5601
-47,5600
-98,5599
10,5598
-47,5597
-5,5596
47,5595
-66,5593
68,5592
0,5591
43,5590
-13,5589
-48,5587
21,5586
-8,5585
46,5584
100,5583
-92,5582
-16,5580
-10,5576
-88,5575
45,5573
-36,5572
-92,5570
-84,5569
71,5568
-90,5567
65,5565
-60,5561
-66,5560
47,5559
21,5558
-63,5557
-1,5556
-37,5555
-44,5554
-60,5553
-43,5552
9,5551
-10,5550
92,5549
92,5548
100,5546
52,5545
-21,5544
33,5543
18,5542
-54,5541
55,5540
62,5539
26,5537
36,5536
-6,5534
-56,5533
-54,5532
-2,5530
52,5529
-90,5528
10,5526
-54,5524
2,5523
29,5522
-56,5521
57,5520
-27,5518
81,5517
68,5515
54,5514
79,5512
21,5511
25,5510
68,5509
-20,5508
-13,5506
50,5505
24,5504
48,5503
69,5502
-8,5501
36,5500
18,5499
71,5498
-63,5497
-38,5495
19,5494
-91,5493
2,5492
51,5491
-66,5490
-78,5489
56,5488
34,5487
17,5486
36,5485
45,5484
-19,5483
-3,5482
16,5480
-81,5479
-53,5478
53,5476
-90,5475
-38,5473
57,5472
-37,5471
-26,5470
-76,5469
-93,5467
19,5466
-10,5465
94,5464
34,5462
-73,5461
29,5460
-86,5458
36,5457
64,5456
59,5455
-51,5454
-61,5453
2,5451
99,5450
-86,5449
-28,5448
72,5447
-84,5446
-3,5444
-56,5443
85,5440
64,5439
-20,5438
-94,5436
-3,5434
-66,5432
-98,5431
81,5430
0,5429
37,5428
27,5427
63,5425
38,5424
62,5423
54,5421
83,5419
26,5418
58,5416
93,5415
4,5413
-46,5412
-69,5411
-5,5410
-21,5409
-5,5408
99,5407
-32,5406
-51,5404
97,5403
-12,5401
-72,5400
-63,5399
70,5397
1,5395
55,5394
-70,5390
-31,5389
44,5388
-80,5385
-54,5384
-57,5382
83,5381
-25,5379
-86,5375
-64,5374
55,5373
-29,5372
91,5370
66,5368
-41,5366
-64,5364
-57,5362
-86,5361
-20,5360
-46,5359
31,5358
-87,5357
-61,5356
49,5355
68,5354
-84,5353
-34,5351
85,5350
27,5348
-16,5345
58,5344
76,5343
73,5341
57,5340
46,5339
50,5338
10,5337
49,5335
59,5334
38,5333
-91,5332
9,5331
-60,5330
-19,5329
2,5328
-38,5326
76,5324
87,5321
-61,5320
-50,5319
99,5316
99,5315
39,5313
95,5312
23,5310
9,5308
-96,5307
95,5306
-39,5305
75,5304
5,5302
-63,5300
32,5297
76,5296
5,5295
78,5294
-3,5293
-57,5291
53,5290
-94,5289
-84,5288
97,5287
92,5286
-44,5283
35,5282
-63,5281
-63,5280
10,5279
40,5278
-9,5277
10,5276
-27,5275
5,5274
-55,5273
57,5272
78,5271
-21,5270
70,5269
-6,5268
-31,5267
-43,5266
43,5265
-96,5264
89,5263
-73,5262
-56,5261
50,5260
12,5258
-15,5257
36,5254
11,5253
2,5252
-73,5251
53,5250
82,5249
17,5248
-20,5247
92,5244
-77,5243
86,5242
38,5241
77,5240
54,5239
-21,5238
-100,5237
-93,5236
42,5235
7,5232
71,5231
-90,5230
-11,5229
67,5228
-83,5224
-83,5223
29,5219
-30,5218
-9,5216
-9,5215
69,5210
-70,5209
-68,5206
-25,5205
40,5203
-37,5200
43,5199
-24,5197
-56,5196
46,5195
14,5193
-96,5192
-41,5191
28,5190
-79,5188
-82,5185
55,5184
-9,5183
-52,5182
77,5181
-85,5180
-34,5179
60,5178
19,5176
-63,5175
-49,5174
-83,5173
-52,5172
-7,5171
92,5170
-54,5168
-72,5167
92,5166
-69,5164
-38,5162
8,5161
-4,5160
-12,5157
-79,5155
37,5154
-37,5153
52,5152
95,5151
60,5150
-69,5149
-82,5143
-57,5142
-16,5140
-37,5139
11,5138
-37,5136
45,5135
39,5133
-80,5131
-71,5130
-38,5128
33,5127
92,5124
-34,5123
12,5122
-76,5121
20,5120
71,5117
-9,5115
14,5113
-26,5111
-58,5109
-9,5106
-10,5105
16,5104
-45,5103
-14,5101
-99,5100
69,5099
-43,5098
-71,5097
100,5096
77,5094
42,5093
-32,5092
84,5091
63,5090
-99,5088
-91,5087
9,5083
88,5079
-60,5078
74,5077
54,5075
97,5074
-56,5073
-17,5071
75,5068
-100,5067
1,5066
-33,5065
-42,5064
-55,5062
-79,5061
33,5060
39,5059
82,5056
-8,5055
6,5054
7,5053
35,5052
90,5050
-85,5049
-58,5048
-33,5047
94,5046
95,5045
-56,5042
-29,5041
86,5040
95,5039
-98,5038
-58,5037
-5,5036
-34,5035
66,5034
66,5033
-2,5032
-51,5031
-83,5030
28,5029
-32,5028
-11,5027
-1,5026
47,5025
-13,5022
-20,5020
94,5019
-63,5018
-85,5017
41,5016
33,5015
-53,5013
-63,5012
95,5010
-56,5009
5,5007
-23,5006
98,5005
6,5004
-62,5003
-79,5002
62,5000
13,4999
-8,4998
-33,4996
-50,4995
41,4994
83,4993
75,4991
90,4990
41,4989
44,4988
100,4987
0,4986
-40,4985
-15,4984
-46,4983
85,4982
85,4981
-51,4980
-14,4979
95,4978
23,4977
-89,4976
84,4975
64,4974
-75,4972
-15,4971
-1,4970
24,4968
7,4967
60,4965
-13,4963
85,4962
-91,4960
52,4957
97,4956
-37,4955
80,4954
-99,4953
9,4951
16,4950
42,4948
-44,4947
-98,4945
-82,4943
64,4942
49,4941
77,4938
-11,4937
32,4936
-89,4935
-3,4934
-24,4933
-98,4932
-90,4931
44,4930
95,4929
58,4927
-78,4926
29,4924
73,4923
96,4922
-28,4921
65,4920
-6,4919
-97,4916
51,4915
25,4914
49,4913
78,4910
80,4908
-17,4907
23,4906
19,4905
53,4904
61,4903
69,4902
62,4900
-52,4899
100,4898
57,4897
66,4896
82,4895
42,4891
59,4890
73,4887
-62,4885
97,4883
-91,4882
70,4880
29,4879
-97,4878
-96,4877
94,4875
19,4873
84,4872
39,4870
36,4869
68,4868
-83,4866
-14,4865
-46,4864
55,4863
-82,4862
58,4860
-72,4859
84,4858
-9,4857
-91,4854
-33,4853
31,4852
-70,4851
76,4849
-40,4848
64,4847
-89,4845
-33,4844
12,4843
-53,4842
-28,4841
-37,4840
76,4839
-14,4838
-50,4837
46,4836
-78,4834
-59,4833
79,4831
-66,4830
80,4829
-38,4828
-72,4827
-98,4826
67,4824
70,4823
50,4821
-35,4819
-55,4818
40,4817
-4,4815
-8,4814
-1,4813
27,4812
31,4810
22,4809
-38,4808
52,4807
29,4805
-37,4803
-80,4802
21,4800
72,4799
29,4797
0,4796
26,4795
100,4794
85,4793
-51,4791
43,4790
-85,4788
-88,4787
26,4786
95,4785
46,4784
21,4783
-13,4782
84,4781
98,4779
44,4778
-48,4777
52,4775
-82,4773
13,4772
-49,4770
-13,4769
88,4768
-55,4767
-99,4766
8,4765
-27,4763
-28,4762
-49,4761
79,4759
29,4758
-16,4756
34,4755
-56,4754
-72,4753
29,4752
-90,4751
-19,4749
3,4748
-51,4747
88,4746
95,4745
-61,4744
-16,4742
-86,4741
-34,4740
-72,4739
85,4737
-97,4736
-13,4734
70,4732
-89,4731
64,4730
-69,4729
70,4728
-38,4726
54,4725
70,4724
-79,4723
74,4722
-32,4720
63,4719
43,4718
-38,4717
-72,4716
71,4715
45,4714
-48,4713
-83,4712
13,4709
-76,4707
-15,4706
61,4705
-36,4704
86,4702
-12,4701
-36,4700
-63,4699
3,4698
40,4697
89,4696
-98,4695
11,4694
-69,4693
94,4692
65,4691
4,4690
-33,4689
-6,4687
63,4685
-28,4684
66,4683
19,4682
-20,4680
-18,4677
50,4676
68,4675
-19,4674
36,4673
-71,4671
-49,4670
-8,4669
98,4668
-68,4667
23,4666
-8,4664
24,4663
-18,4662
55,4661
-62,4657
2,4656
-36,4654
-57,4653
-60,4652
96,4651
77,4650
0,4649
54,4648
-69,4646
-99,4645
-28,4644
-87,4643
95,4641
30,4640
-69,4638
-71,4637
79,4636
-51,4634
-6,4633
-5,4632
36,4631
-31,4630
-35,4629
68,4628
92,4627
14,4626
81,4625
64,4624
-66,4623
25,4621
-32,4620
7,4618
26,4617
57,4616
82,4615
-13,4614
88,4612
-91,4610
-99,4608
-22,4607
-60,4606
39,4605
66,4603
13,4602
38,4599
21,4598
25,4596
67,4593
-79,4592
25,4591
-96,4590
72,4589
37,4588
-9,4587
-18,4586
6,4584
68,4583
-53,4582
-16,4581
-12,4579
82,4578
20,4576
100,4572
-19,4570
-59,4569
-63,4568
19,4566
-89,4565
-13,4564
43,4563
82,4562
35,4561
-80,4560
54,4558
-60,4557
-35,4556
80,4555
-21,4554
-76,4553
-30,4551
-54,4550
-84,4549
-53,4548
5,4547
-87,4545
71,4543
-45,4542
50,4541
5,4539
62,4538
94,4537
21,4536
-56,4535
-8,4534
35,4533
40,4532
62,4530
-39,4529
-28,4528
-44,4525
97,4524
-60,4522
61,4521
-82,4520
13,4519
-33,4518
8,4517
65,4516
-80,4515
68,4514
-72,4513
-53,4512
-64,4511
-67,4510
-40,4509
-76,4508
73,4507
-68,4506
-73,4504
50,4503
-82,4502
55,4501
94,4500
7,4499
-87,4498
14,4497
-65,4491
75,4489
-65,4488
26,4486
-2,4485
-49,4484
-58,4482
9,4477
-13,4476
-47,4475
-67,4474
97,4473
90,4472
-92,4471
-91,4470
-7,4469
-62,4468
-4,4467
-25,4466
70,4465
33,4461
10,4460
20,4457
-25,4455
-70,4454
-83,4453
-62,4452
-8,4451
77,4450
13,4449
86,4447
23,4445
95,4444
72,4443
56,4442
79,4441
-70,4440
-46,4439
-56,4438
98,4437
15,4436
24,4434
27,4433
50,4431
90,4430
44,4429
3,4428
15,4427
7,4424
60,4422
-29,4421
-53,4420
-29,4419
69,4418
56,4416
91,4415
-98,4414
-71,4412
50,4410
-87,4409
-76,4408
-75,4407
24,4404
-44,4401
-86,4400
32,4399
55,4398
25,4397
-19,4395
49,4394
-24,4393
38,4392
-34,4391
-37,4388
-94,4387
-69,4386
4,4383
-64,4382
53,4381
96,4380
13,4379
90,4376
-46,4374
26,4372
97,4371
-25,4370
-9,4367
90,4364
-65,4362
-70,4360
26,4358
-81,4357
10,4356
100,4355
-49,4354
48,4353
72,4352
74,4351
76,4350
-64,4349
20,4348
-49,4347
-42,4346
-67,4345
59,4344
25,4343
84,4342
27,4341
94,4340
87,4339
2,4338
-94,4336
26,4335
72,4334
-77,4333
-13,4332
-55,4331
-63,4330
-68,4328
33,4327
47,4326
58,4325
55,4324
30,4323
-48,4321
-52,4320
61,4319
-71,4318
15,4317
97,4316
-66,4314
-9,4313
-28,4311
-65,4310
-53,4309
88,4308
91,4307
10,4306
-44,4305
-34,4304
5,4303
-98,4302
47,4300
-98,4299
-86,4297
3,4296
76,4294
56,4293
97,4292
-29,4290
22,4289
71,4288
88,4287
20,4286
-90,4285
49,4284
55,4283
19,4282
-96,4281
-41,4280
32,4279
-76,4278
-15,4276
-33,4275
-69,4274
-79,4273
-12,4272
8,4270
92,4269
29,4268
50,4267
-11,4264
-38,4262
-84,4261
-79,4260
38,4259
89,4258
-40,4257
83,4256
-9,4255
8,4254
-21,4253
-42,4252
64,4251
-3,4249
-67,4248
95,4247
24,4246
-34,4245
97,4243
-68,4242
-41,4240
-8,4239
-16,4237
-97,4236
66,4235
60,4233
-78,4232
-30,4231
-73,4230
78,4229
82,4228
-36,4227
-53,4226
-25,4225
-70,4224
30,4223
20,4221
46,4220
-19,4219
43,4218
41,4217
-82,4216
-73,4215
39,4213
-78,4211
84,4210
-77,4209
71,4208
-14,4207
98,4206
6,4204
14,4203
-22,4202
-10,4201
-65,4200
-97,4199
99,4198
-66,4197
-91,4196
-96,4195
-84,4194
50,4193
-89,4192
-62,4191
31,4189
95,4188
-16,4187
80,4186
-89,4185
68,4184
30,4183
-63,4182
4,4180
97,4179
12,4178
-76,4177
67,4176
100,4175
13,4174
3,4173
13,4172
-64,4171
73,4169
-13,4168
79,4167
44,4166
-3,4164
-87,4163
-36,4159
-100,4157
64,4155
-99,4154
-63,4153
93,4152
-3,4151
-98,4149
-75,4148
-70,4147
61,4146
5,4145
-69,4143
23,4142
-30,4141
-67,4140
-36,4139
-5,4137
84,4136
-57,4134
-90,4133
-50,4132
57,4131
85,4130
-13,4129
0,4128
-81,4127
-78,4126
63,4125
32,4124
-97,4123
-72,4122
60,4121
55,4120
-38,4119
93,4117
82,4115
-1,4114
78,4112
-72,4110
87,4109
100,4108
-83,4107
68,4105
-19,4104
-98,4102
36,4101
-24,4100
-62,4097
-55,4096
-40,4093
-10,4091
13,4089
62,4088
14,4086
-42,4085
25,4084
96,4083
-9,4082
83,4081
-90,4080
6,4079
-66,4078
65,4076
14,4075
62,4074
-21,4072
-30,4070
-94,4067
15,4066
4,4065
46,4063
-4,4061
36,4060
48,4059
-91,4057
-9,4056
22,4054
51,4053
-39,4051
69,4050
-89,4049
-54,4048
-18,4047
80,4046
74,4045
85,4043
-20,4041
50,4040
5,4039
-70,4037
-62,4034
31,4033
-49,4032
28,4031
95,4030
21,4029
-81,4028
-69,4027
77,4026
-37,4025
61,4024
-95,4023
9,4022
21,4021
-22,4019
34,4018
-82,4017
-80,4016
82,4014
-40,4011
50,4010
10,4007
30,4006
18,4003
73,4002
75,4001
45,4000
-18,3999
30,3998
46,3997
-36,3996
-76,3995
-95,3994
-68,3993
-21,3992
-64,3990
-81,3989
-41,3988
80,3987
-61,3986
-72,3985
-95,3984
29,3983
49,3982
-88,3981
49,3980
-32,3979
-5,3977
77,3976
59,3975
-86,3974
58,3973
0,3972
16,3971
-81,3970
-75,3969
-75,3968
64,3966
-91,3965
-40,3964
-43,3963
51,3962
53,3961
11,3960
-88,3959
4,3958
36,3957
-52,3956
-68,3955
-52,3953
52,3952
-6,3951
71,3950
-10,3949
54,3948
-80,3947
18,3945
78,3944
96,3943
-28,3942
68,3941
-47,3940
94,3939
4,3937
-88,3935
-55,3934
-100,3932
13,3931
54,3929
-5,3928
98,3927
98,3926
71,3925
-36,3924
-52,3923
35,3921
27,3919
39,3918
-93,3917
97,3915
-54,3914
-3,3913
-63,3911
-54,3909
-60,3907
-74,3906
-39,3905
-61,3904
-40,3903
60,3902
37,3899
71,3898
91,3896
-51,3895
-5,3893
-18,3891
-7,3890
72,3888
4,3887
4,3885
27,3884
23,3883
-41,3882
-19,3880
46,3878
12,3876
48,3875
-39,3874
51,3873
-29,3871
-4,3870
-38,3869
-80,3867
84,3864
-59,3862
31,3861
-97,3860
-72,3858
-24,3857
62,3856
21,3855
58,3854
-2,3852
-4,3851
89,3850
-26,3849
6,3847
19,3846
-36,3845
-48,3844
20,3843
96,3842
-68,3841
-94,3840
74,3839
-51,3835
-15,3832
-77,3830
91,3829
-29,3828
4,3827
92,3826
-16,3825
23,3824
38,3823
6,3822
43,3821
59,3820
-77,3819
-17,3818
-54,3817
-13,3815
22,3814
1,3813
75,3812
49,3810
15,3809
59,3808
-51,3807
66,3803
-28,3802
-76,3801
-4,3799
-80,3798
-2,3797
85,3795
-10,3794
-80,3792
-9,3790
26,3789
-95,3787
80,3785
-32,3784
-94,3783
-11,3781
41,3780
-49,3779
54,3778
-86,3776
-10,3775
39,3774
95,3773
-100,3772
36,3771
38,3770
-75,3769
42,3768
69,3766
35,3764
-23,3762
38,3761
47,3759
-55,3758
-6,3757
-48,3756
20,3754
0,3753
65,3752
76,3751
-94,3750
35,3749
64,3748
-18,3747
-99,3746
35,3745
64,3744
32,3743
80,3742
-6,3741
69,3740
41,3739
-78,3738
-29,3737
14,3736
-34,3735
43,3734
37,3733
-1,3732
-66,3730
-70,3728
87,3726
43,3725
-26,3724
62,3723
7,3722
-8,3721
59,3718
49,3717
18,3716
-29,3715
-46,3714
65,3713
55,3712
-43,3711
26,3710
-75,3709
16,3708
88,3707
23,3706
18,3704
-86,3703
53,3702
-51,3701
91,3699
21,3697
49,3695
-49,3694
53,3693
78,3692
-36,3691
-87,3690
-9,3688
-15,3686
69,3685
-4,3684
-40,3683
49,3682
32,3681
-99,3680
-16,3679
62,3678
90,3677
-54,3676
-73,3675
51,3674
-61,3672
-70,3671
88,3670
-58,3669
-31,3668
92,3667
34,3666
56,3664
-3,3663
69,3660
89,3659
-60,3658
-76,3657
68,3655
-12,3654
10,3653
39,3652
64,3651
22,3649
-26,3647
-7,3646
-73,3645
-85,3644
-79,3643
-98,3642
-13,3641
9,3640
-73,3639
-12,3638
53,3637
-17,3636
-65,3635
-83,3633
35,3632
45,3631
-81,3630
-10,3629
-69,3628
-58,3626
5,3625
6,3624
-86,3623
-41,3622
-31,3620
16,3619
-21,3618
31,3617
-14,3616
63,3615
7,3614
-35,3613
-99,3610
89,3609
-65,3608
-52,3606
-84,3602
2,3601
-65,3599
-91,3595
-13,3593
-25,3592
66,3591
31,3590
-63,3589
36,3588
50,3587
-25,3585
-95,3583
69,3581
46,3579
58,3578
9,3577
-67,3576
37,3575
64,3573
-9,3571
92,3569
-92,3568
-23,3566
-75,3565
84,3564
89,3563
-95,3562
34,3561
-69,3560
-4,3559
-28,3557
-68,3556
-48,3555
-29,3554
-71,3553
62,3552
-50,3551
68,3550
3,3549
52,3548
32,3547
19,3545
46,3544
-92,3542
-89,3541
-59,3540
23,3539
-27,3538
-32,3537
71,3536
61,3535
-95,3534
65,3533
74,3532
-79,3531
-82,3530
11,3529
-78,3528
-57,3527
-34,3526
73,3524
78,3523
-87,3519
-96,3518
-5,3516
60,3515
59,3514
-10,3513
-74,3512
-29,3511
41,3510
22,3508
-48,3507
73,3506
38,3503
-63,3502
82,3499
-60,3498
37,3497
-74,3496
82,3494
1,3493
63,3492
-46,3491
18,3490
-19,3489
38,3488
-29,3485
-91,3483
32,3482
8,3481
-50,3480
-9,3479
-56,3478
-21,3477
-68,3476
-78,3475
-4,3474
-1,3473
0,3472
-51,3471
-86,3470
41,3469
30,3467
-72,3465
-38,3464
37,3463
90,3458
-68,3454
-47,3452
-29,3451
72,3450
-14,3449
-57,3448
60,3447
-66,3446
97,3444
17,3443
-35,3441
-57,3437
12,3435
0,3434
-30,3433
-10,3430
-90,3429
8,3428
-53,3427
-16,3426
-31,3425
78,3424
27,3423
-69,3422
-24,3420
37,3419
-37,3417
13,3416
45,3415
-50,3413
51,3410
-41,3409
27,3405
-98,3404
98,3403
92,3402
-3,3401
62,3400
24,3399
5,3398
-63,3397
85,3395
0,3394
83,3393
8,3392
42,3391
46,3389
-18,3388
72,3386
-67,3385
-15,3384
45,3383
-78,3382
47,3381
-31,3380
-1,3378
37,3377
98,3376
-57,3375
-6,3374
-56,3371
79,3370
96,3369
-70,3367
92,3366
50,3365
3,3363
23,3362
-81,3361
-7,3360
51,3359
44,3358
-33,3357
-64,3355
82,3354
-89,3351
-38,3348
66,3346
-71,3345
92,3344
-79,3343
-13,3342
9,3339
41,3338
59,3337
8,3336
50,3335
-15,3333
49,3332
-1,3331
84,3326
49,3325
-30,3323
-99,3321
-14,3319
25,3318
99,3316
3,3314
23,3313
57,3311
-30,3310
-81,3309
-90,3308
74,3306
29,3305
50,3304
-95,3303
-40,3302
58,3300
46,3299
-49,3298
-63,3297
-34,3296
-47,3295
-27,3294
-66,3293
78,3292
-92,3291
72,3290
14,3289
58,3288
17,3287
27,3286
-97,3285
-17,3284
-92,3283
-31,3280
6,3279
-81,3277
-65,3274
-64,3273
-33,3272
76,3271
-55,3270
64,3268
-22,3266
-92,3265
-32,3264
52,3262
79,3259
-86,3257
100,3256
71,3255
3,3254
-73,3253
46,3252
-77,3251
13,3250
3,3249
-40,3248
-4,3247
98,3246
-89,3244
71,3243
-53,3242
91,3240
-76,3239
-91,3238
64,3236
-16,3235
0,3234
-25,3233
50,3232
97,3230
8,3229
-41,3228
-51,3226
47,3224
-2,3223
26,3222
42,3219
-6,3218
-23,3216
-82,3215
-3,3214
12,3213
80,3212
7,3211
-2,3210
31,3209
-1,3208
63,3207
4,3205
-36,3203
10,3202
72,3199
95,3198
93,3197
65,3196
43,3195
72,3194
-91,3193
-59,3192
-59,3191
-9,3190
-20,3188
-54,3187
-10,3186
-55,3184
51,3183
-90,3182
-23,3181
65,3180
57,3179
-66,3178
38,3177
-95,3176
95,3175
-36,3174
-50,3171
54,3168
-84,3167
78,3165
50,3164
-62,3162
99,3161
-5,3160
-83,3158
27,3157
-31,3156
-71,3155
22,3154
-82,3153
-80,3152
93,3150
-1,3149
-24,3147
73,3146
10,3144
-100,3141
31,3140
28,3139
-59,3138
39,3137
-31,3136
-64,3135
32,3134
60,3133
-69,3129
-33,3128
-45,3127
15,3126
-47,3125
15,3124
-26,3123
81,3120
-28,3119
-13,3115
-31,3114
-77,3113
93,3112
-64,3111
-66,3110
-51,3109
98,3108
-100,3106
57,3105
62,3103
-66,3102
39,3100
60,3099
-5,3098
33,3097
-75,3096
44,3095
26,3093
43,3092
-42,3091
32,3089
29,3087
-62,3085
6,3084
-73,3083
77,3082
91,3081
64,3080
-73,3079
69,3078
36,3077
-90,3076
-4,3074
-42,3073
-45,3072
89,3071
-54,3070
-76,3069
-75,3067
63,3066
-47,3065
88,3064
-32,3063
-69,3062
7,3060
-58,3057
-24,3056
-81,3055
-71,3054
-83,3052
-74,3050
37,3049
-36,3048
65,3045
66,3044
-49,3043
81,3042
65,3041
-24,3039
-5,3038
47,3036
-92,3034
12,3032
-2,3029
-92,3026
2,3025
84,3024
81,3023
33,3022
-31,3021
41,3020
87,3019
96,3018
-25,3017
-39,3016
-26,3015
59,3014
-52,3013
29,3012
-82,3011
-51,3009
-81,3008
-60,3007
-97,3003
-59,3001
-15,2999
5,2998
20,2994
86,2993
-29,2992
79,2990
26,2989
-99,2987
97,2986
10,2985
86,2982
-54,2981
30,2980
52,2979
47,2978
-100,2977
63,2976
99,2975
-79,2974
-97,2973
-42,2972
-50,2969
-55,2967
36,2966
-98,2965
11,2964
-28,2963
-51,2962
5,2960
-77,2959
100,2958
-89,2957
-8,2956
50,2955
88,2953
-56,2952
-58,2951
-21,2950
-70,2949
66,2948
-36,2945
-21,2944
-45,2943
-92,2939
11,2938
-79,2937
82,2936
-69,2935
41,2934
-44,2932
-93,2930
93,2929
63,2928
-38,2927
-51,2926
-100,2925
14,2923
35,2922
-30,2921
-87,2920
-78,2919
-14,2918
88,2916
-95,2915
-18,2914
-42,2912
97,2910
40,2909
-24,2908
-9,2907
60,2906
23,2904
28,2901
-52,2900
-67,2899
70,2898
-73,2897
-30,2895
-97,2894
-24,2893
-95,2891
-83,2890
-54,2889
80,2888
7,2887
18,2886
32,2885
-78,2884
-5,2883
72,2882
-67,2881
20,2879
-25,2878
-57,2877
100,2875
-56,2873
57,2872
15,2869
74,2868
-60,2867
86,2866
-58,2865
-91,2864
50,2862
22,2861
88,2858
-50,2857
97,2855
15,2854
-21,2853
-42,2850
-84,2848
26,2847
-48,2844
-2,2843
4,2842
-15,2841
-98,2840
28,2839
60,2838
24,2837
28,2836
-74,2835
99,2833
99,2832
-41,2831
66,2830
-38,2829
-100,2828
-39,2827
-52,2826
7,2825
-44,2824
76,2823
-67,2822
7,2821
-58,2820
99,2819
-18,2818
100,2815
-46,2814
45,2813
-52,2812
-39,2811
69,2810
7,2809
-28,2807
67,2806
24,2805
-73,2804
-22,2803
-90,2801
-8,2800
59,2799
21,2797
-49,2795
-70,2794
81,2793
-91,2792
77,2791
-30,2789
77,2788
26,2787
73,2786
-97,2785
94,2783
-99,2781
-43,2780
-9,2778
99,2777
-56,2776
-38,2775
54,2774
-40,2773
7,2771
62,2770
47,2768
-92,2766
80,2765
-52,2764
-26,2763
2,2762
-75,2761
-81,2759
-58,2758
-40,2757
-73,2755
88,2754
94,2753
-45,2752
-34,2751
87,2750
77,2749
-1,2748
-22,2747
-34,2746
17,2745
41,2744
74,2743
-79,2742
67,2741
-17,2739
-86,2737
95,2736
-96,2735
-70,2734
29,2732
-73,2731
85,2730
-82,2729
-26,2728
76,2727
-34,2726
63,2725
-31,2723
-87,2722
-94,2721
11,2720
63,2717
-73,2716
1,2715
55,2714
-50,2712
4,2711
98,2710
-44,2708
-6,2707
-86,2705
76,2703
11,2701
-51,2700
47,2697
-43,2696
-81,2695
-67,2694
12,2693
27,2692
60,2690
-14,2689
31,2688
56,2687
95,2686
27,2685
6,2684
18,2682
39,2679
6,2678
-98,2677
-32,2673
53,2672
17,2671
14,2670
65,2668
12,2667
-35,2666
-27,2665
79,2664
81,2663
71,2661
0,2660
-100,2659
95,2658
-3,2657
56,2655
-81,2654
79,2652
-63,2650
-64,2645
61,2644
-63,2643
-73,2642
-73,2641
97,2640
-87,2639
36,2638
77,2636
12,2635
9,2632
59,2630
-64,2629
-44,2626
71,2624
-84,2623
-27,2622
45,2621
-95,2620
25,2619
59,2618
19,2617
-87,2616
30,2612
69,2611
91,2610
37,2609
91,2608
-98,2607
26,2605
27,2603
-7,2602
-68,2601
-48,2600
11,2599
70,2598
-87,2597
-7,2596
-9,2595
-64,2594
61,2592
-69,2591
45,2588
-17,2587
71,2585
94,2583
-68,2582
95,2581
-43,2580
-51,2579
-76,2578
-85,2577
-67,2576
-76,2575
87,2573
-69,2571
59,2570
-6,2569
25,2568
-79,2567
30,2562
45,2561
88,2560
-96,2559
28,2558
-23,2556
-9,2554
40,2553
-70,2552
97,2551
-90,2550
-41,2548
22,2547
-27,2546
-61,2545
-44,2544
91,2543
-4,2542
-26,2541
34,2538
-13,2537
-63,2536
58,2535
-38,2533
18,2530
77,2529
73,2528
-73,2527
57,2525
65,2523
-72,2522
-57,2521
36,2520
12,2519
73,2517
77,2516
4,2515
38,2514
-28,2513
60,2512
61,2511
74,2510
37,2509
7,2507
-85,2506
60,2505
48,2502
98,2501
-1,2500
86,2498
-93,2497
-45,2496
-98,2495
-25,2494
92,2493
40,2492
-70,2491
93,2489
12,2488
80,2487
91,2486
-45,2484
-87,2483
24,2482
-10,2480
76,2479
-76,2477
-46,2476
45,2474
-8,2473
-73,2472
-97,2471
9,2469
35,2468
44,2467
48,2466
15,2464
23,2463
-17,2462
-4,2461
95,2460
85,2459
8,2458
98,2457
64,2456
4,2455
-50,2452
15,2450
47,2448
-51,2447
22,2444
-12,2443
-35,2442
-86,2439
5,2438
13,2437
45,2436
66,2435
83,2434
79,2432
33,2430
-27,2428
75,2424
-78,2420
75,2418
-29,2417
31,2415
4,2413
-17,2412
-17,2410
95,2409
84,2408
60,2407
42,2406
-2,2402
-30,2401
-73,2400
-87,2399
-56,2398
-4,2397
-2,2395
-99,2394
-10,2393
-47,2392
-90,2389
-40,2388
-29,2387
56,2386
-17,2385
-94,2383
44,2382
90,2380
-99,2379
57,2378
-16,2377
86,2376
-7,2375
0,2374
-19,2372
71,2371
-53,2370
27,2369
84,2368
-25,2367
-86,2366
-86,2365
57,2364
-57,2363
-91,2361
-48,2360
-49,2358
-57,2356
16,2355
-20,2354
60,2353
-44,2352
-87,2351
34,2349
22,2348
61,2347
-28,2346
24,2344
26,2343
-94,2342
28,2341
72,2340
-18,2339
-53,2338
-86,2336
48,2335
57,2334
7,2332
67,2331
-43,2330
25,2328
-57,2323
52,2322
32,2321
-62,2320
81,2318
98,2317
66,2316
-72,2315
67,2314
-18,2313
-79,2312
-7,2311
45,2310
-11,2309
-18,2308
-38,2305
-29,2304
-71,2303
2,2302
74,2301
75,2300
60,2299
-39,2296
66,2293
61,2292
-75,2291
68,2290
35,2289
1,2288
-77,2287
-41,2286
43,2285
98,2283
-3,2282
16,2280
82,2279
-71,2278
-54,2275
89,2274
33,2272
20,2270
-11,2268
28,2267
-40,2266
-35,2265
-3,2264
92,2263
-97,2261
-38,2260
9,2258
-90,2256
11,2255
96,2254
86,2253
-7,2252
-49,2251
41,2250
40,2248
85,2246
50,2244
94,2243
-18,2241
-51,2238
23,2236
45,2235
-92,2234
-37,2233
78,2232
-7,2231
-73,2229
-48,2228
-23,2227
-76,2226
-79,2225
-4,2224
46,2223
17,2222
-70,2221
89,2220
-25,2218
-9,2217
15,2216
95,2215
-46,2213
95,2211
-89,2210
93,2209
52,2208
52,2207
-71,2206
-63,2205
-53,2204
38,2203
82,2201
-19,2197
85,2196
25,2195
-65,2193
51,2192
35,2191
-60,2189
-81,2188
-66,2187
30,2186
82,2185
31,2184
79,2183
-11,2182
94,2181
23,2179
35,2178
-52,2176
37,2175
50,2174
25,2173
63,2172
21,2171
-93,2170
98,2169
74,2168
-39,2167
-59,2166
29,2165
97,2164
62,2162
49,2161
74,2160
27,2156
11,2154
-70,2152
-86,2151
-5,2150
-25,2149
12,2148
19,2147
2,2146
-87,2143
-25,2141
-8,2140
67,2138
84,2137
3,2136
-52,2135
44,2134
70,2133
95,2131
-51,2128
-1,2126
72,2125
50,2124
-1,2123
-84,2122
-74,2121
-65,2120
-99,2119
-67,2118
-2,2117
25,2116
56,2115
-43,2114
54,2113
90,2112
71,2111
24,2109
-6,2107
-11,2105
32,2104
48,2103
34,2102
-13,2101
-61,2099
97,2098
-98,2097
0,2096
9,2095
-19,2094
13,2092
61,2091
-9,2088
-37,2087
-23,2086
62,2085
-71,2084
70,2083
-53,2080
-24,2079
-8,2078
-65,2077
99,2076
6,2075
-4,2073
-91,2072
29,2071
56,2070
37,2069
28,2067
9,2066
-30,2065
-16,2063
5,2060
85,2059
93,2058
-7,2057
93,2056
42,2054
-21,2053
81,2052
-7,2051
-85,2050
43,2049
-84,2048
-78,2047
-14,2046
-15,2045
-99,2043
96,2042
36,2041
63,2040
-99,2039
-82,2038
6,2036
-22,2035
-48,2034
63,2033
16,2032
49,2031
63,2030
-89,2028
-7,2027
40,2026
-97,2025
-32,2022
-54,2019
-34,2018
-33,2017
56,2015
54,2013
89,2012
-89,2011
-99,2010
59,2009
-66,2008
-75,2007
-49,2006
-61,2003
-97,2002
36,2001
-5,2000
45,1999
-91,1997
-91,1996
53,1995
10,1994
26,1993
-22,1991
-42,1990
99,1989
-61,1988
-46,1986
11,1985
28,1984
20,1983
95,1981
37,1980
46,1979
78,1978
71,1977
0,1976
-93,1975
-51,1974
98,1973
61,1972
75,1971
67,1969
88,1968
67,1967
46,1965
19,1964
-37,1963
7,1962
-49,1961
-15,1960
43,1959
-51,1958
35,1957
-92,1956
47,1955
-23,1954
-51,1953
-64,1952
8,1951
-24,1950
-79,1949
-84,1948
10,1947
-52,1946
52,1945
15,1944
-33,1943
-76,1941
-32,1940
3,1939
46,1938
-82,1937
-96,1936
92,1935
56,1934
-41,1933
25,1932
-8,1931
-96,1929
-12,1927
-97,1924
38,1923
44,1922
93,1920
-35,1919
48,1918
78,1914
-51,1913
21,1912
16,1911
-82,1908
-70,1907
-24,1906
-61,1905
-5,1904
62,1903
-14,1902
-8,1901
-22,1900
-55,1899
-53,1898
-55,1897
14,1896
77,1895
-75,1894
-39,1893
-11,1892
-68,1891
87,1890
33,1888
-12,1887
-38,1886
-71,1885
68,1884
-15,1883
-62,1882
79,1881
83,1878
37,1877
-39,1876
59,1875
77,1873
23,1872
12,1871
36,1870
-88,1869
5,1868
64,1867
-13,1866
62,1864
84,1863
61,1861
-90,1859
78,1858
74,1855
67,1854
32,1853
16,1852
-68,1851
-100,1850
-75,1847
26,1846
-30,1845
91,1843
-64,1842
-80,1841
-33,1840
94,1839
-19,1838
74,1837
54,1835
84,1834
87,1833
17,1830
23,1829
17,1828
-30,1827
54,1825
-81,1824
63,1823
-26,1822
-21,1821
42,1820
-66,1819
-78,1818
-9,1817
7,1816
82,1815
87,1814
40,1813
43,1811
64,1810
-77,1809
68,1808
6,1807
-5,1806
86,1805
-40,1804
-36,1800
-26,1799
-32,1798
-47,1797
73,1795
32,1792
-93,1791
74,1789
-85,1788
73,1787
9,1785
-100,1783
-9,1781
56,1779
92,1778
-28,1776
39,1775
-33,1774
73,1773
20,1772
99,1770
53,1769
24,1768
-91,1767
30,1766
-51,1765
53,1764
66,1763
-44,1762
13,1761
-38,1760
47,1759
5,1757
40,1756
42,1755
55,1754
37,1753
63,1752
-5,1751
62,1750
80,1749
-53,1748
89,1747
51,1746
-82,1745
5,1744
4,1743
-64,1742
75,1739
-73,1737
-11,1735
1,1733
-97,1732
-87,1731
73,1730
-90,1729
-34,1728
-4,1727
-21,1724
-31,1722
29,1721
-84,1720
72,1719
68,1718
0,1717
-80,1716
-25,1715
42,1712
-66,1711
77,1710
72,1709
-5,1707
19,1706
43,1705
-9,1704
-87,1703
62,1702
43,1701
-29,1700
-69,1699
-46,1697
-14,1691
-16,1690
36,1684
3,1683
55,1682
96,1681
86,1680
-5,1679
28,1677
-87,1676
-96,1675
-85,1674
-2,1671
92,1669
98,1668
-67,1667
62,1666
64,1665
-1,1663
-44,1662
-23,1661
-10,1659
-13,1658
28,1657
51,1656
43,1655
38,1654
-53,1653
-63,1652
-96,1651
54,1650
-85,1648
93,1647
97,1642
13,1640
-76,1639
-60,1638
16,1637
13,1635
31,1634
82,1633
80,1631
-38,1630
65,1629
-55,1628
-14,1627
-18,1626
91,1623
-73,1622
46,1621
-13,1619
20,1618
66,1617
-53,1616
75,1614
-97,1613
-80,1612
-8,1611
-43,1610
77,1608
-16,1607
-64,1606
22,1604
41,1603
19,1602
-5,1601
-31,1600
-28,1599
71,1597
-85,1596
-21,1595
92,1594
25,1593
45,1592
-12,1591
44,1589
13,1588
-92,1586
-57,1585
-84,1584
21,1583
33,1581
-38,1580
38,1579
-10,1577
99,1575
-11,1574
-21,1571
67,1570
18,1569
78,1568
19,1566
32,1563
7,1562
40,1561
22,1560
-81,1559
45,1558
-32,1557
-90,1556
-57,1555
88,1554
0,1551
-41,1550
-24,1547
-38,1546
88,1544
-71,1543
-95,1542
51,1541
9,1540
-83,1538
-68,1537
75,1536
66,1534
-22,1533
-96,1532
-79,1530
86,1529
-37,1528
31,1527
83,1526
95,1525
73,1524
-85,1523
-63,1522
54,1521
96,1520
77,1519
17,1518
-85,1516
20,1515
83,1514
38,1513
-55,1507
87,1506
41,1505
41,1504
-51,1503
77,1502
-18,1501
41,1500
-98,1499
-15,1498
-3,1497
-18,1495
-100,1494
-44,1493
9,1492
-15,1491
-85,1490
-45,1488
-95,1487
64,1485
-73,1483
28,1482
79,1481
61,1479
-84,1478
70,1477
-87,1476
-83,1475
29,1474
-11,1473
72,1472
30,1471
-32,1469
-100,1468
13,1466
-55,1464
-33,1463
15,1462
-83,1460
60,1459
30,1458
-38,1457
70,1456
-20,1454
-95,1453
-97,1452
-4,1451
82,1450
70,1449
42,1448
89,1447
-72,1446
-98,1445
89,1443
-16,1442
-76,1441
99,1440
-99,1439
-85,1437
89,1436
4,1435
-54,1432
88,1431
20,1429
-100,1427
-54,1425
-43,1422
-25,1419
47,1418
11,1417
-26,1415
-39,1414
10,1413
82,1411
70,1409
65,1408
81,1407
-24,1406
-11,1405
-76,1404
-76,1403
-36,1402
57,1401
5,1400
-7,1399
-34,1397
-67,1395
42,1394
-57,1393
92,1392
77,1391
92,1389
-20,1387
51,1385
93,1383
61,1382
47,1380
-39,1379
25,1378
17,1377
-6,1376
50,1375
-52,1373
84,1372
17,1371
17,1370
68,1369
21,1368
-54,1367
48,1366
29,1365
85,1364
80,1363
37,1362
3,1359
52,1358
11,1354
-20,1353
-31,1351
34,1350
80,1348
86,1347
47,1346
-74,1343
29,1342
-58,1341
-42,1340
90,1339
-72,1338
-83,1337
100,1336
-47,1335
76,1334
-5,1332
3,1331
90,1330
-13,1329
39,1328
47,1327
-21,1324
-42,1322
82,1321
-73,1320
42,1319
97,1317
11,1316
-95,1315
-6,1314
40,1311
-53,1310
-65,1309
13,1308
75,1307
-53,1306
89,1304
84,1303
85,1302
-18,1301
-11,1299
30,1298
-38,1297
39,1296
95,1295
-48,1294
39,1293
-36,1292
66,1291
-32,1289
-93,1288
85,1287
7,1286
-7,1285
-21,1283
-29,1282
-64,1281
11,1279
-70,1278
68,1277
-83,1276
56,1275
-3,1274
-75,1273
-97,1270
-6,1269
-43,1268
43,1267
-56,1266
-6,1265
88,1264
-30,1263
-31,1262
-88,1260
77,1259
42,1258
35,1257
8,1256
-98,1255
16,1254
82,1253
-39,1252
2,1251
-87,1250
-75,1249
88,1245
100,1244
16,1243
54,1241
33,1238
97,1234
-53,1232
-41,1231
24,1230
38,1229
16,1228
57,1227
-33,1226
-79,1225
45,1221
12,1220
66,1219
36,1217
-64,1216
8,1214
-26,1213
-30,1212
-50,1209
11,1208
85,1207
-21,1206
79,1205
-42,1203
55,1202
88,1200
74,1198
76,1197
-91,1196
9,1195
60,1193
-97,1191
10,1190
23,1189
74,1188
58,1187
-33,1185
43,1184
-91,1183
11,1182
17,1180
-94,1179
-21,1178
-73,1177
93,1176
-31,1175
90,1174
-42,1173
9,1171
-8,1169
94,1168
18,1166
32,1165
-95,1164
80,1161
-1,1159
36,1158
-46,1157
-98,1156
-49,1155
-11,1153
-95,1152
-9,1151
20,1149
55,1148
-79,1147
44,1146
55,1145
-74,1144
-6,1143
31,1141
37,1140
-76,1139
-85,1138
11,1137
72,1136
-57,1134
-32,1133
33,1132
19,1131
24,1129
27,1128
82,1127
66,1124
55,1123
-93,1122
-37,1120
-34,1119
-56,1118
-83,1117
-1,1116
89,1115
53,1113
-61,1110
71,1108
88,1106
-29,1105
-76,1104
26,1103
-57,1100
-12,1098
-92,1096
-76,1095
38,1094
-67,1093
-59,1092
-100,1091
-78,1090
50,1089
67,1086
98,1085
86,1084
-66,1083
-64,1082
-3,1081
86,1080
66,1078
-38,1077
-36,1076
-93,1075
49,1073
-57,1072
14,1070
-23,1069
27,1068
-57,1067
86,1066
-9,1062
88,1061
65,1060
35,1057
52,1056
-66,1054
100,1051
-62,1050
24,1048
-79,1047
67,1046
66,1044
10,1043
77,1042
-95,1041
34,1040
94,1038
99,1037
20,1036
-73,1035
-69,1034
-54,1032
-69,1030
20,1029
74,1028
-90,1027
13,1026
84,1025
51,1024
76,1023
91,1021
-41,1020
-75,1019
-88,1018
86,1017
-17,1016
-23,1012
33,1011
66,1010
71,1008
16,1006
38,1005
49,1004
-65,1003
4,1002
44,999
-24,998
62,995
-41,993
91,992
-77,991
-92,990
-50,989
-93,988
-100,987
-94,985
50,984
-76,983
-92,981
-42,980
67,979
21,978
-15,977
26,975
-45,974
67,971
65,970
99,969
-60,968
-78,967
-11,964
30,962
44,960
73,959
-13,958
-96,957
-56,956
-13,955
-16,954
-92,953
90,952
-34,950
-22,948
24,947
-27,946
-7,945
-35,944
90,943
85,942
-27,941
90,940
19,938
63,937
-27,936
-48,935
-90,934
-83,933
100,932
-61,931
5,930
-71,926
-16,925
3,924
-29,923
-61,922
-8,921
26,920
18,918
-53,916
30,915
98,914
44,912
38,911
-90,910
-74,909
-24,908
32,904
-47,903
69,902
-23,901
91,900
-56,899
-1,898
96,897
21,895
5,894
53,893
99,892
37,891
63,888
-87,886
-85,885
40,884
7,883
59,882
-10,880
15,879
69,878
-85,876
94,874
-66,872
-5,871
-16,870
51,869
-94,867
76,866
38,865
34,863
-57,862
72,861
85,860
79,859
-79,858
-90,857
-12,856
-83,855
18,854
-20,852
70,851
72,850
39,848
45,846
-71,845
-45,844
-92,843
-6,842
57,841
-41,840
84,839
-95,838
30,837
34,836
-85,835
71,834
30,833
-44,831
31,828
20,827
7,826
-18,825
-64,823
-95,822
40,821
67,820
-57,819
82,817
53,815
-47,814
-89,813
22,811
-82,810
-72,809
84,808
-1,807
-56,806
20,805
-40,804
-32,803
76,801
92,800
49,799
45,797
-53,796
-57,795
9,794
15,793
-17,791
60,790
-68,789
-89,788
36,786
-21,785
-14,784
-18,782
-56,781
-24,780
-98,779
0,778
-88,777
-46,776
0,773
-54,772
-20,771
-16,770
75,768
-99,767
-39,766
-43,765
-85,764
-85,761
-94,759
26,757
86,756
53,755
-16,754
-3,753
4,752
47,750
-26,749
-65,747
-11,746
78,745
-21,744
35,743
42,741
-88,740
98,738
48,737
42,736
67,735
52,733
-50,732
79,730
88,726
-23,725
-31,724
99,723
50,722
73,721
-18,720
-3,719
-41,718
-24,717
66,716
-69,715
-43,714
87,713
-74,712
26,711
-2,710
33,709
18,708
-51,707
62,706
31,705
77,704
52,702
-96,701
-5,700
9,699
-27,696
90,695
-81,693
25,692
69,691
58,690
-46,688
-58,687
36,685
-65,684
63,683
3,681
-30,680
-5,677
-14,676
16,675
-37,674
-45,673
33,672
-80,671
29,670
19,669
18,668
46,667
-100,665
5,664
51,663
65,662
-88,661
17,660
31,659
-88,658
51,657
52,656
59,654
39,653
-53,652
-16,650
56,649
-71,647
64,646
-26,644
-60,642
-55,640
-55,639
54,638
-23,637
7,636
-17,635
-31,633
-55,632
35,630
21,628
95,627
23,626
-92,622
36,621
-16,620
-19,618
-14,617
23,616
92,615
-99,614
86,613
48,611
20,610
-74,609
59,608
-54,607
49,606
-63,605
77,604
25,603
20,601
-18,600
-98,598
94,597
48,594
37,592
-26,591
94,587
-2,585
-2,584
92,583
-78,582
51,581
76,580
-25,579
8,578
-88,577
-71,576
-17,575
-45,574
61,573
92,571
-89,569
-5,568
-75,567
78,564
-11,561
84,560
92,558
93,557
-69,555
29,552
-50,551
11,550
73,549
-62,548
84,545
19,544
-76,543
-25,541
51,540
96,539
-28,538
34,537
-86,536
-96,534
46,532
-40,531
35,529
-58,527
73,526
-77,524
97,523
93,522
-46,521
-42,519
-24,518
88,517
22,515
-39,514
-68,513
29,512
11,511
1,510
-75,508
-22,507
5,506
79,505
-36,504
6,503
-64,502
83,501
83,500
-78,499
-78,498
2,497
-9,493
41,491
9,490
-33,489
43,487
65,486
-81,485
-18,484
-51,483
-60,482
19,481
-75,478
-81,477
-43,475
-59,474
-86,473
47,472
-69,471
28,469
13,468
-6,467
-30,466
-25,465
-74,463
-11,462
-33,460
26,459
12,458
-39,456
73,453
-24,452
-64,451
-11,450
-26,449
94,448
-13,446
-47,445
-3,444
-74,443
-8,442
-75,441
36,440
74,439
73,438
8,437
60,436
-39,435
93,434
-97,433
52,432
-10,431
-31,430
65,429
75,428
-61,427
93,426
11,423
68,420
-21,419
85,418
91,416
21,415
-71,414
-55,412
-20,411
-79,410
32,409
-42,406
22,405
89,404
-15,402
9,401
40,400
-6,399
18,398
-53,397
27,396
-1,394
-57,393
69,392
-15,391
58,390
66,389
57,388
-66,386
95,384
-59,382
-6,381
-40,380
-27,378
-96,377
73,376
-40,374
1,373
-2,372
51,371
-42,369
57,368
42,367
-21,366
-47,364
12,363
-32,362
51,361
-78,359
79,358
-40,357
48,354
-13,351
57,350
-38,349
42,348
-31,347
26,346
-1,345
14,343
-85,342
-21,341
84,340
97,339
22,337
2,336
-1,335
-37,334
-83,333
51,332
61,330
1,329
49,328
18,326
-58,325
-98,323
-7,322
58,321
-29,319
-27,318
73,317
47,316
19,315
-53,314
48,313
31,311
-20,309
8,308
57,307
-93,306
75,305
66,304
-97,303
25,301
26,300
-55,298
36,296
-98,295
-56,294
76,293
74,292
13,291
-73,290
89,288
-18,287
-98,286
-1,285
88,283
21,282
-67,281
-9,280
-16,279
62,278
5,277
2,276
-1,275
57,273
17,272
-80,271
-44,270
-56,269
77,268
3,267
-14,266
-4,262
-70,260
-44,259
-65,258
69,257
31,256
-68,255
69,254
44,253
-3,252
9,251
-66,250
-10,249
53,247
77,242
88,240
85,239
18,238
50,236
-90,234
58,233
46,232
94,231
-73,230
33,227
-91,226
-63,224
-20,222
-58,221
99,220
-59,219
22,218
81,216
-57,215
-64,214
7,213
-6,212
-96,211
-12,210
-84,208
73,207
-72,205
-10,204
-68,203
-21,202
-98,201
16,200
85,199
-87,198
-94,195
-31,194
2,193
90,192
93,191
32,190
-29,189
98,187
-56,186
-60,185
-94,181
-68,180
-64,179
22,177
-35,176
-61,175
65,173
98,172
-65,170
-62,168
-72,167
52,166
-5,165
93,164
91,163
22,162
-71,161
31,160
8,159
70,158
-96,155
31,153
-94,152
46,151
79,150
10,149
-19,148
-99,147
-31,146
-5,145
12,144
-93,143
79,142
-88,141
98,140
74,138
70,136
-8,135
36,134
-47,133
-92,132
91,131
-72,130
-100,128
44,127
-89,125
44,123
-16,121
-61,120
-85,119
-66,118
-28,117
-88,116
61,115
62,114
-50,113
77,112
36,109
-9,107
47,106
5,103
69,102
76,101
-25,100
-8,99
22,97
-68,95
91,94
-1,93
-52,92
18,91
-24,90
61,89
44,88
26,87
64,86
48,84
96,83
64,82
-21,81
-72,80
-15,79
53,78
37,77
-86,76
42,75
4,74
20,73
44,72
-39,71
-48,70
-74,69
73,67
-31,65
-10,64
-13,63
-77,60
-75,59
-4,58
-19,57
-5,56
-29,55
-26,54
-70,53
74,51
99,49
67,48
-35,47
-34,44
54,43
-78,42
-50,41
3,40
-56,39
-18,38
65,36
30,35
69,34
91,33
73,32
22,30
-45,29
48,28
25,24
-57,23
-27,21
-39,20
84,19
-64,18
-69,17
20,16
-57,15
23,13
34,10
42,7
85,4
-43,3
38,2
-74,1
21,0
