78,10000
44,9999
-31,9998
-58,9997
-61,9995
-17,9992
-64,9991
53,9990
-44,9989
97,9987
5,9986
29,9984
-59,9983
74,9982
-83,9981
84,9980
23,9979
12,9978
-84,9977
-87,9976
60,9974
54,9972
28,9971
37,9969
-74,9968
17,9966
-68,9965
-54,9964
-79,9963
-18,9962
69,9961
-91,9958
57,9957
49,9955
13,9952
95,9951
47,9950
76,9949
88,9948
5,9947
-17,9946
-57,9944
-76,9943
-24,9942
71,9941
68,9940
-53,9939
83,9938
-19,9937
2,9936
4,9935
-43,9934
21,9930
-67,9929
16,9928
-25,9926
5,9925
-6,9923
-10,9921
-6,9920
-23,9918
25,9916
-31,9914
-18,9913
7,9912
-73,9911
-83,9910
-88,9909
80,9908
-70,9907
11,9906
-15,9905
6,9903
-68,9902
-23,9901
-48,9900
30,9899
-46,9896
39,9895
36,9894
76,9892
62,9890
-24,9889
92,9887
-24,9885
84,9884
-10,9883
-19,9882
-92,9880
-11,9877
32,9876
-62,9875
63,9874
24,9871
-69,9869
-50,9868
78,9867
-86,9866
57,9864
22,9862
3,9861
-58,9860
-23,9859
-1,9858
7,9857
63,9855
-78,9854
55,9853
-52,9852
86,9851
-58,9850
83,9849
-14,9847
41,9845
-34,9844
23,9843
-70,9842
41,9841
-56,9839
14,9838
35,9837
20,9836
-1,9835
-31,9834
38,9833
64,9832
-7,9831
-62,9830
80,9828
-31,9827
19,9826
55,9824
-10,9822
-90,9821
-14,9820
-88,9819
-38,9818
-26,9817
98,9816
58,9815
-68,9814
95,9813
-70,9812
-29,9811
-38,9810
81,9809
38,9808
26,9807
-51,9806
80,9805
37,9804
-92,9803
-68,9801
-97,9800
-54,9799
-55,9798
79,9795
-52,9794
76,9793
-69,9792
-47,9790
14,9789
86,9788
-92,9787
27,9785
-36,9784
-68,9783
-70,9782
33,9781
-75,9780
88,9778
-42,9776
75,9775
93,9774
-45,9773
-99,9772
-9,9771
-66,9770
-28,9769
-90,9768
18,9765
-94,9764
59,9762
19,9761
-97,9760
-82,9758
95,9756
-89,9755
-86,9754
-92,9751
89,9750
-70,9748
-66,9745
-36,9744
-3,9743
-77,9742
59,9741
69,9740
57,9738
41,9736
-21,9735
-26,9734
30,9733
-65,9732
40,9729
92,9728
77,9727
-57,9725
93,9723
44,9722
-72,9719
-13,9718
49,9715
-61,9714
37,9713
-85,9709
-99,9708
27,9707
-22,9706
41,9705
84,9703
-95,9702
-90,9700
63,9698
-74,9697
-51,9696
36,9695
6,9694
43,9693
-64,9692
-89,9691
-13,9690
-42,9689
-54,9688
-83,9687
22,9686
-28,9684
-34,9683
-26,9682
43,9680
44,9679
-19,9678
14,9677
-17,9675
90,9674
-80,9673
-72,9671
-46,9670
-43,9669
40,9667
66,9663
-75,9662
38,9660
58,9659
-15,9658
-91,9657
71,9654
19,9651
52,9650
14,9649
-29,9648
62,9647
4,9646
-82,9644
27,9642
-75,9641
34,9638
27,9637
43,9636
77,9635
58,9633
11,9628
79,9626
-8,9625
80,9623
-73,9621
55,9620
74,9619
-84,9617
-35,9616
-76,9615
-74,9614
-61,9612
-80,9611
34,9610
18,9609
-23,9608
0,9607
-30,9606
4,9605
-2,9603
81,9602
-94,9601
-14,9600
88,9598
89,9597
-86,9595
56,9594
-93,9593
-73,9592
-2,9591
-76,9590
42,9589
15,9588
-66,9587
4,9586
99,9585
-42,9584
-12,9583
66,9582
-45,9581
-57,9577
-47,9575
-85,9573
66,9572
91,9571
7,9570
-89,9569
96,9568
17,9566
-8,9565
-72,9564
16,9563
21,9562
-46,9561
30,9558
-41,9555
-5,9554
15,9553
-91,9550
-53,9549
38,9548
-96,9547
92,9546
81,9545
57,9544
90,9543
-93,9542
91,9540
-2,9539
-44,9537
49,9536
1,9535
58,9532
-66,9531
78,9529
86,9528
7,9524
-44,9522
89,9521
-99,9520
-49,9519
79,9517
96,9516
-90,9515
43,9514
90,9513
32,9512
81,9511
-6,9510
58,9509
-48,9508
49,9507
38,9506
80,9503
82,9502
-65,9501
-65,9500
74,9499
23,9498
-30,9497
-61,9496
1,9495
58,9494
12,9493
33,9492
61,9491
-86,9490
-62,9489
5,9486
87,9485
-92,9483
25,9482
91,9481
0,9480
54,9477
94,9476
-63,9475
-25,9474
-45,9473
46,9472
72,9468
42,9467
-62,9465
23,9464
-55,9463
-11,9462
-95,9460
-5,9459
-84,9458
-80,9457
74,9456
11,9454
-92,9452
77,9450
41,9449
-36,9448
3,9446
-95,9445
100,9444
38,9442
-27,9441
-70,9440
-54,9439
27,9438
-27,9437
-8,9436
80,9434
71,9433
-49,9432
-14,9431
-21,9430
-51,9428
-79,9427
63,9426
74,9425
12,9424
70,9423
-59,9421
-46,9420
78,9419
49,9418
96,9417
18,9416
2,9415
-32,9414
66,9413
84,9412
-84,9411
68,9409
-42,9408
71,9406
1,9405
-86,9404
-56,9403
-57,9402
-42,9400
-86,9399
60,9398
-39,9395
-80,9394
16,9392
-29,9391
44,9389
77,9387
-44,9386
84,9384
-21,9381
27,9379
19,9378
-49,9377
92,9376
41,9375
-11,9374
33,9373
-60,9372
-47,9368
73,9367
-91,9366
-6,9364
3,9363
-56,9362
20,9359
29,9358
42,9357
-27,9356
98,9355
97,9353
-47,9352
-48,9349
-88,9347
-52,9346
-58,9345
-72,9343
11,9342
-27,9341
-41,9338
25,9337
15,9336
-29,9335
71,9334
24,9333
-27,9332
-62,9331
-63,9330
-23,9329
-31,9328
-93,9327
26,9326
-28,9324
-12,9322
27,9317
54,9314
44,9312
23,9311
-6,9310
-62,9308
95,9307
-83,9306
3,9305
-30,9304
-64,9303
21,9302
95,9301
-16,9300
28,9298
-96,9296
22,9295
-64,9293
43,9292
64,9291
70,9290
-59,9289
-43,9288
-84,9287
-52,9286
93,9285
25,9284
-64,9283
4,9282
-70,9281
-30,9280
-62,9279
-3,9278
17,9277
-26,9276
-63,9275
-85,9273
-30,9271
52,9270
97,9269
-20,9268
-62,9267
-1,9264
38,9263
-12,9262
-9,9261
-1,9260
83,9259
68,9257
64,9256
16,9255
-87,9254
47,9253
-9,9252
48,9251
-6,9249
13,9247
42,9246
-14,9244
96,9243
-85,9241
-28,9240
31,9238
70,9237
2,9235
-45,9233
-78,9232
-39,9229
-94,9228
-83,9227
38,9226
-85,9225
-19,9224
49,9223
95,9222
90,9221
-92,9220
7,9219
-11,9218
-43,9217
49,9215
34,9214
-44,9212
-98,9211
28,9209
50,9208
-82,9207
75,9206
-65,9204
63,9202
-52,9200
12,9199
-83,9198
-49,9197
32,9196
40,9195
85,9194
-33,9192
-58,9191
-27,9190
-43,9189
-60,9188
-62,9186
36,9185
-30,9184
-84,9183
20,9182
-25,9181
-46,9178
-93,9176
-54,9174
-74,9173
21,9172
-98,9171
-89,9169
-57,9167
-50,9166
-56,9165
82,9164
-55,9163
96,9161
74,9159
65,9158
-40,9157
38,9156
48,9154
-50,9152
-34,9151
28,9150
73,9148
50,9147
12,9146
-97,9145
1,9144
-77,9143
8,9142
-19,9141
51,9140
27,9139
-91,9136
-90,9135
-91,9133
-95,9132
97,9131
5,9130
97,9129
34,9128
-71,9126
-40,9125
-50,9124
40,9123
-31,9122
69,9121
75,9120
82,9119
-99,9118
-87,9117
-33,9116
56,9114
-90,9113
-1,9110
-17,9109
-28,9108
24,9107
-28,9106
-84,9105
-79,9104
-17,9102
56,9101
28,9100
65,9099
62,9098
-40,9097
54,9094
-2,9093
-57,9092
-21,9091
60,9090
-57,9089
49,9088
-80,9087
-98,9086
-30,9084
39,9083
47,9082
-31,9080
-48,9078
-88,9077
1,9076
37,9075
-65,9074
-18,9073
-57,9072
32,9071
16,9069
94,9067
-79,9066
-22,9065
-80,9064
52,9063
-24,9062
-94,9061
-46,9060
-39,9059
33,9058
-42,9056
29,9055
-68,9054
100,9052
-99,9051
38,9050
7,9049
25,9048
-67,9047
-96,9045
-24,9041
95,9040
3,9039
-68,9038
-95,9035
71,9034
40,9033
-67,9032
-88,9031
-96,9030
-5,9027
29,9026
79,9025
28,9024
-74,9022
-53,9021
-61,9019
-68,9018
58,9017
-72,9016
49,9014
-87,9013
99,9012
-82,9011
-18,9010
49,9009
-48,9008
-44,9007
41,9004
-79,9002
67,9001
-72,9000
13,8999
-33,8998
-46,8997
-9,8996
-28,8994
-45,8993
73,8992
-98,8991
-70,8989
44,8987
93,8986
81,8984
-78,8983
-57,8981
26,8978
69,8977
45,8975
69,8973
100,8972
-98,8971
18,8970
1,8969
88,8968
-56,8967
2,8966
1,8965
46,8964
44,8963
83,8962
51,8961
86,8960
36,8959
9,8958
-87,8957
82,8954
21,8953
13,8951
-88,8949
62,8948
75,8947
-63,8946
55,8945
-37,8944
-53,8943
-63,8942
23,8941
-86,8940
36,8939
-23,8937
41,8934
5,8933
-37,8932
-70,8930
10,8929
-61,8928
-55,8927
-79,8926
25,8925
-53,8924
-79,8922
95,8921
57,8920
29,8919
-36,8918
7,8915
-34,8914
-53,8913
-91,8912
-50,8911
99,8910
-38,8909
-58,8908
68,8907
70,8906
61,8905
72,8904
-93,8903
-10,8902
-30,8901
34,8900
-55,8898
99,8895
11,8894
-57,8893
-89,8892
-84,8891
-69,8890
-7,8889
73,8888
-57,8887
70,8886
86,8885
79,8884
92,8883
-41,8882
39,8881
-100,8880
-96,8879
-2,8878
-88,8876
-19,8875
40,8874
-47,8870
-1,8868
-89,8867
-95,8866
77,8865
64,8864
32,8862
-35,8861
-2,8859
6,8858
-66,8857
-25,8856
99,8855
91,8854
-82,8853
-82,8850
70,8848
72,8847
6,8844
20,8843
2,8841
45,8840
-33,8839
-95,8837
-57,8836
-17,8834
-41,8833
47,8832
41,8831
-2,8830
-27,8829
94,8827
71,8826
97,8825
69,8824
-74,8822
-33,8820
-28,8819
-75,8818
-73,8815
55,8814
-61,8812
-16,8811
87,8810
-87,8809
27,8808
-92,8805
-87,8804
-2,8803
98,8800
48,8799
67,8798
87,8797
-70,8796
-78,8794
-73,8793
12,8792
-6,8791
-76,8789
54,8788
-20,8785
54,8784
-11,8783
26,8782
31,8781
16,8780
-22,8779
7,8778
81,8776
10,8775
96,8774
39,8773
21,8771
-90,8770
63,8769
81,8767
38,8766
23,8765
-40,8763
58,8761
22,8760
-36,8759
20,8758
-24,8757
85,8755
49,8753
85,8752
-39,8751
35,8750
29,8748
-62,8747
-56,8746
11,8745
-75,8744
15,8743
2,8742
60,8741
86,8740
-97,8739
97,8738
31,8737
-17,8736
49,8734
-14,8732
66,8729
95,8728
-76,8727
24,8726
88,8725
51,8723
47,8721
-22,8720
78,8719
74,8718
-49,8715
84,8714
-10,8713
74,8712
-63,8711
-15,8710
-5,8709
45,8708
-76,8707
-53,8706
-89,8705
-76,8704
-38,8702
88,8700
1,8698
-83,8697
55,8696
49,8695
-14,8693
30,8692
-88,8691
20,8688
-65,8686
61,8684
-98,8683
-91,8680
-100,8679
14,8678
61,8675
88,8674
-86,8673
56,8672
42,8671
76,8670
-8,8669
60,8668
-10,8667
88,8666
-51,8665
0,8663
-50,8662
-83,8660
19,8658
49,8656
74,8655
-34,8652
-92,8651
74,8650
58,8649
-63,8646
65,8645
-25,8644
-47,8643
-42,8642
90,8640
84,8639
13,8638
-94,8637
-22,8636
76,8634
59,8631
68,8630
94,8627
26,8626
-39,8625
11,8624
-87,8623
70,8622
95,8621
-59,8620
97,8619
-17,8618
31,8617
1,8616
7,8615
94,8614
-12,8613
-72,8612
94,8611
-19,8610
26,8607
61,8606
-45,8604
-43,8603
-1,8602
-23,8601
-72,8600
86,8599
93,8597
-77,8596
-87,8595
30,8594
5,8592
-45,8591
22,8589
-81,8588
-26,8586
-80,8585
-52,8584
45,8583
65,8582
-46,8581
76,8580
81,8579
37,8578
-74,8577
3,8576
-5,8575
-5,8573
31,8572
-36,8571
88,8569
72,8568
-29,8567
-62,8565
42,8564
69,8562
48,8561
65,8559
77,8558
-87,8557
-60,8556
-83,8554
44,8553
72,8552
18,8550
-43,8549
41,8548
72,8546
77,8544
-99,8542
28,8540
58,8539
-35,8538
-48,8537
57,8535
11,8534
-83,8530
54,8529
94,8528
17,8527
20,8526
-29,8525
-57,8524
68,8523
16,8522
-62,8521
79,8520
-77,8519
27,8518
-69,8517
-57,8516
-68,8515
-19,8514
9,8512
11,8510
64,8509
-29,8508
-12,8507
-59,8506
-96,8505
-57,8504
89,8503
75,8502
83,8501
96,8500
72,8499
62,8497
10,8496
4,8494
-45,8493
-14,8492
61,8491
-55,8490
-6,8489
58,8487
80,8486
-14,8485
33,8483
-100,8482
69,8481
-84,8480
-59,8479
-70,8477
-19,8476
-16,8475
6,8474
-58,8473
-34,8472
52,8471
90,8470
-29,8469
96,8467
72,8466
26,8465
-15,8464
-18,8463
-81,8462
16,8461
64,8460
-18,8459
-79,8458
47,8456
-96,8455
-82,8454
34,8453
30,8450
77,8449
55,8448
-13,8447
-42,8446
-9,8443
56,8442
-6,8441
-32,8440
45,8438
89,8434
53,8433
86,8431
6,8430
-92,8429
42,8428
-70,8427
-91,8426
7,8425
81,8424
-86,8422
63,8421
-21,8420
37,8419
3,8418
-72,8417
-81,8416
40,8415
23,8414
7,8413
-22,8412
45,8409
-52,8407
23,8406
53,8405
28,8404
-17,8402
28,8401
-90,8400
95,8399
58,8398
-48,8397
28,8396
-84,8395
52,8394
97,8392
-77,8391
20,8389
-59,8386
-47,8384
-15,8383
-95,8382
-87,8381
93,8380
16,8379
18,8377
-82,8376
72,8374
-65,8373
-51,8372
10,8371
99,8370
18,8369
-26,8368
3,8367
-96,8366
42,8365
28,8364
-79,8363
54,8360
26,8359
71,8358
70,8357
-79,8356
26,8354
-68,8353
-16,8352
-86,8351
-94,8350
-47,8349
45,8348
53,8347
87,8343
-74,8342
2,8341
54,8340
0,8339
62,8338
-75,8336
-50,8334
-90,8331
50,8329
62,8328
-81,8327
-48,8326
-5,8325
-23,8324
-93,8322
73,8321
54,8320
31,8318
-72,8317
4,8316
52,8315
-41,8313
-85,8311
36,8310
32,8309
11,8308
-65,8307
-73,8304
-51,8303
20,8302
97,8301
34,8300
-25,8299
-61,8297
81,8296
16,8295
96,8293
-15,8287
37,8286
-36,8285
35,8284
96,8282
-54,8281
-80,8280
-68,8279
19,8278
-17,8277
16,8276
69,8275
-54,8273
-77,8272
-74,8270
-70,8269
50,8267
-1,8265
-91,8264
-33,8263
3,8262
92,8260
-62,8259
-59,8258
-65,8257
-58,8255
-83,8252
-91,8251
-75,8250
8,8248
-71,8246
-56,8245
-66,8244
75,8243
-69,8242
99,8241
-69,8240
-50,8238
-1,8236
-75,8235
-20,8234
-9,8232
-47,8231
-65,8230
23,8229
-37,8228
-56,8227
67,8226
-91,8225
-63,8222
-64,8221
-10,8220
-61,8219
86,8218
-64,8217
-15,8215
94,8214
15,8213
28,8209
13,8207
91,8206
49,8205
17,8203
-10,8202
-13,8200
100,8199
44,8195
14,8194
47,8193
24,8192
58,8191
17,8190
-17,8189
-6,8188
83,8187
-61,8186
19,8184
92,8183
-51,8182
86,8181
30,8180
-30,8179
39,8177
39,8176
-72,8175
24,8174
-66,8173
3,8170
8,8169
52,8168
-61,8167
68,8166
70,8165
34,8164
93,8163
20,8162
-18,8161
-38,8160
95,8159
29,8154
24,8153
-25,8152
-44,8151
7,8150
-93,8149
-15,8146
-7,8145
-43,8144
-97,8143
23,8142
-44,8141
77,8139
-67,8138
-2,8137
96,8136
74,8135
75,8133
-42,8132
-5,8129
83,8127
-29,8126
-82,8124
-35,8123
23,8121
-55,8120
-28,8117
-14,8116
-31,8115
80,8114
95,8112
98,8111
17,8110
15,8108
-15,8107
90,8105
5,8104
33,8103
-76,8102
53,8101
68,8100
2,8097
-74,8096
-23,8095
7,8089
20,8088
66,8087
-93,8086
-95,8085
69,8084
-4,8083
50,8082
12,8081
56,8080
-46,8079
88,8078
72,8077
-55,8075
-65,8074
-43,8073
63,8072
76,8071
-86,8070
64,8069
44,8067
-92,8066
44,8064
-16,8063
-87,8061
-71,8060
-100,8057
75,8055
66,8054
-45,8052
-59,8049
14,8047
-62,8045
-98,8042
-55,8040
-1,8039
95,8038
-46,8037
-12,8036
86,8035
26,8034
80,8032
36,8031
32,8030
86,8028
22,8027
52,8026
-52,8025
30,8024
81,8023
0,8022
59,8021
23,8020
7,8019
-45,8018
-45,8017
12,8016
-25,8015
78,8013
-81,8012
64,8011
-7,8009
74,8008
39,8007
30,8006
-13,8003
-85,8002
45,8001
-30,8000
56,7997
-59,7996
33,7995
-16,7994
-97,7993
26,7992
16,7991
23,7990
-70,7989
-78,7988
-64,7985
-44,7984
-97,7982
44,7981
-93,7980
-12,7979
-74,7978
-93,7977
-5,7976
90,7975
-27,7974
-91,7973
69,7972
-96,7971
36,7970
64,7967
40,7966
82,7965
-60,7964
74,7962
25,7961
-38,7959
28,7958
20,7957
-89,7956
94,7955
32,7954
94,7953
-54,7952
-73,7951
8,7950
-67,7947
-17,7945
3,7944
28,7941
-13,7940
-5,7938
-77,7937
69,7935
-85,7934
-95,7933
-68,7931
13,7930
94,7928
32,7927
-99,7926
-26,7925
46,7924
-96,7922
51,7920
-58,7919
-11,7918
-3,7917
-51,7916
-44,7915
-100,7914
-13,7913
55,7911
-42,7910
-33,7908
-54,7906
-18,7903
-52,7901
41,7900
-8,7899
35,7898
94,7897
89,7896
78,7895
-79,7894
18,7893
51,7892
78,7891
-45,7890
74,7888
-89,7886
-81,7885
-75,7884
-79,7883
-98,7882
17,7881
89,7880
-34,7879
17,7878
-65,7877
-65,7876
-94,7875
-93,7874
50,7873
59,7872
88,7871
-43,7869
-26,7868
-17,7867
77,7866
35,7865
93,7862
-47,7861
82,7860
79,7859
-82,7858
-45,7857
36,7856
-51,7855
21,7854
50,7852
-72,7851
84,7847
59,7845
-66,7844
61,7843
81,7842
5,7840
59,7839
73,7838
46,7836
-4,7835
-50,7834
-36,7833
10,7832
-34,7830
-89,7829
30,7828
-12,7827
77,7826
41,7825
-82,7824
-6,7823
-81,7822
89,7821
-36,7818
-84,7817
78,7816
-92,7815
-66,7813
25,7811
25,7809
19,7808
-80,7807
-47,7806
-45,7805
76,7804
26,7803
90,7801
92,7800
9,7799
-8,7798
-31,7797
-3,7796
-12,7793
4,7792
-1,7790
-72,7789
59,7788
-92,7787
-46,7786
-23,7784
-99,7783
85,7781
98,7778
29,7777
-72,7775
80,7773
22,7772
-57,7770
-49,7769
-80,7767
-99,7766
26,7765
-66,7763
57,7762
-54,7760
42,7759
-82,7756
-66,7754
-82,7753
84,7751
-75,7750
-40,7747
-6,7746
-53,7745
-91,7744
-82,7741
17,7740
-82,7737
46,7736
-43,7735
60,7734
72,7733
-60,7732
73,7731
60,7730
-66,7729
-60,7727
-13,7726
-24,7725
63,7723
93,7722
16,7721
55,7720
56,7719
-98,7718
-91,7715
0,7714
20,7712
-51,7710
39,7709
-48,7708
-27,7707
-38,7704
91,7703
2,7702
48,7701
69,7700
93,7699
18,7696
-37,7695
57,7694
-66,7693
27,7692
-84,7691
-78,7690
76,7689
100,7687
-69,7686
-74,7685
-63,7683
-52,7682
-56,7681
10,7678
32,7677
-23,7676
74,7673
80,7672
-8,7671
-75,7670
-17,7669
-14,7668
18,7667
26,7666
98,7665
99,7664
-79,7663
91,7662
28,7661
14,7660
2,7659
-93,7658
-100,7656
-38,7655
-32,7654
-32,7650
-68,7649
86,7647
18,7646
30,7644
-6,7643
90,7642
85,7641
-90,7640
-46,7639
53,7638
80,7637
63,7636
67,7634
68,7633
-44,7631
40,7630
94,7629
39,7628
-36,7627
-5,7626
-99,7625
-14,7624
-47,7623
49,7621
61,7620
85,7619
60,7618
3,7617
80,7615
14,7614
95,7613
-35,7612
-35,7610
55,7608
-96,7607
33,7605
43,7604
25,7602
-18,7601
-76,7600
-52,7599
13,7598
36,7595
-52,7593
85,7590
-14,7589
3,7588
2,7587
-53,7582
55,7581
-11,7580
91,7579
13,7578
-1,7577
88,7576
-82,7573
-58,7572
-72,7570
-21,7568
-3,7567
-57,7566
-85,7564
62,7563
-88,7562
3,7561
97,7558
76,7557
-95,7555
21,7554
40,7553
62,7552
55,7551
-42,7550
-79,7549
-71,7547
56,7546
80,7545
51,7544
70,7540
23,7539
55,7538
99,7537
-33,7536
6,7535
55,7534
-78,7532
34,7531
82,7530
-13,7529
22,7528
-74,7526
8,7525
1,7524
68,7522
80,7521
62,7520
76,7519
68,7517
52,7516
26,7515
68,7514
-57,7513
57,7512
-47,7511
78,7508
-86,7507
23,7506
96,7505
9,7503
-60,7502
100,7501
-32,7500
78,7499
-31,7497
-86,7496
64,7495
43,7492
63,7491
-67,7489
95,7488
90,7487
-4,7486
38,7485
-98,7481
-42,7480
77,7478
86,7476
6,7475
68,7474
-40,7471
-54,7470
22,7469
37,7467
-88,7465
-30,7464
-72,7463
89,7462
-30,7461
60,7458
-75,7457
-95,7456
-34,7455
-53,7453
58,7452
60,7451
-98,7449
94,7448
66,7447
75,7446
20,7445
38,7443
-3,7442
-91,7440
-64,7438
27,7436
-82,7435
-28,7434
79,7432
95,7431
92,7430
-80,7429
43,7428
29,7426
46,7425
70,7424
32,7423
74,7421
88,7420
70,7419
26,7418
-70,7417
-14,7416
99,7415
-48,7414
-84,7413
-21,7411
-59,7410
8,7409
20,7408
-9,7405
16,7403
-49,7401
90,7397
15,7396
87,7395
54,7394
-100,7392
21,7390
92,7389
38,7388
90,7387
-83,7384
-51,7383
-5,7382
-34,7381
61,7380
-26,7379
7,7378
-2,7377
-63,7376
-69,7375
11,7374
21,7369
67,7368
26,7364
81,7363
-76,7362
-50,7361
-90,7360
32,7359
-33,7358
72,7357
64,7354
10,7353
58,7352
44,7351
97,7350
95,7346
55,7345
61,7344
63,7343
88,7342
-26,7341
-16,7339
79,7337
-3,7334
58,7332
-2,7331
-40,7330
-46,7328
-89,7327
1,7326
34,7324
-21,7323
-86,7322
-9,7321
78,7320
-11,7319
-41,7317
-50,7316
81,7314
32,7312
83,7311
48,7310
-98,7309
35,7308
36,7306
67,7303
-72,7301
83,7300
55,7299
95,7298
-31,7297
77,7295
87,7293
-37,7292
-92,7291
-71,7290
9,7289
64,7288
-59,7287
-41,7286
61,7284
68,7283
-69,7282
33,7279
19,7278
-100,7277
43,7276
-26,7274
80,7272
46,7271
-14,7268
88,7267
-27,7266
-76,7264
98,7263
-22,7261
-66,7260
82,7259
53,7258
25,7257
-1,7256
88,7254
16,7253
-82,7252
-44,7251
34,7250
-93,7249
-46,7248
7,7246
-76,7245
42,7244
69,7243
-42,7241
9,7240
-51,7239
66,7236
90,7234
26,7233
49,7232
21,7231
-8,7230
-67,7229
65,7228
45,7227
-94,7224
8,7223
-70,7221
54,7219
57,7218
45,7217
91,7216
57,7214
-38,7211
-69,7210
-84,7209
-54,7207
21,7206
-9,7205
86,7204
41,7203
7,7201
-22,7200
61,7199
-39,7198
-52,7196
1,7194
-35,7192
-24,7191
13,7190
54,7189
94,7188
82,7187
41,7184
34,7182
70,7181
-68,7180
33,7177
45,7176
51,7175
-43,7173
6,7171
-73,7170
-91,7169
88,7168
-10,7167
25,7164
-7,7163
-97,7162
-41,7160
-65,7158
99,7156
99,7155
-59,7154
-37,7153
-15,7152
-70,7151
-30,7150
2,7148
0,7147
-74,7146
50,7145
80,7144
62,7143
-1,7141
22,7140
-3,7139
-70,7137
-45,7136
7,7134
52,7133
20,7132
93,7131
79,7130
24,7127
43,7124
-74,7122
-12,7121
6,7120
-81,7119
-77,7118
5,7115
-14,7114
-87,7112
30,7111
1,7110
67,7109
-65,7108
-86,7107
88,7106
-31,7105
-28,7101
85,7100
-11,7099
50,7098
-88,7092
14,7091
23,7090
88,7087
49,7086
-78,7082
-70,7081
39,7080
90,7079
-70,7078
-89,7077
-47,7076
57,7075
-93,7074
-39,7073
-82,7072
46,7071
-84,7070
62,7069
82,7068
14,7067
96,7066
76,7065
-37,7064
83,7062
3,7061
-79,7060
76,7059
-45,7058
-92,7057
-89,7055
69,7053
-40,7052
-68,7051
-19,7050
23,7047
77,7046
-52,7045
11,7044
100,7043
38,7042
70,7040
30,7039
-79,7037
50,7036
-88,7032
-6,7031
-12,7030
39,7028
61,7027
93,7026
17,7025
-11,7024
26,7023
-71,7022
71,7021
-30,7020
-25,7019
12,7016
43,7015
9,7012
-48,7010
-53,7008
92,7005
-95,7004
-95,7002
79,7001
-10,7000
4,6999
32,6997
72,6993
-89,6992
-73,6989
54,6988
-38,6987
-46,6984
50,6982
-29,6981
-71,6980
-89,6979
-26,6978
-82,6974
-30,6973
22,6971
-54,6970
67,6969
4,6968
-11,6967
87,6966
97,6964
89,6963
23,6962
-46,6961
-73,6960
60,6959
12,6958
6,6957
43,6956
-12,6954
90,6953
42,6952
-58,6951
-88,6949
96,6948
53,6947
-62,6946
-84,6944
-49,6943
-21,6942
17,6941
92,6940
41,6939
28,6938
-93,6936
-97,6935
-69,6934
-30,6932
-56,6931
-37,6930
23,6929
46,6928
-39,6926
-44,6925
25,6924
-14,6923
91,6922
-24,6920
46,6919
-77,6916
-80,6913
-54,6912
-77,6911
-80,6910
-77,6909
18,6908
74,6907
90,6906
-97,6905
76,6904
16,6903
92,6902
-6,6898
-74,6897
23,6895
8,6894
-23,6892
76,6891
-69,6890
34,6889
44,6888
-36,6887
-25,6886
2,6885
39,6884
-91,6883
39,6882
68,6881
-4,6880
-31,6879
58,6878
-47,6877
-51,6875
4,6874
74,6873
15,6871
83,6870
74,6869
-94,6868
77,6867
11,6865
55,6864
-4,6863
-47,6862
85,6861
71,6860
-66,6859
-39,6858
-73,6857
15,6856
-94,6855
66,6854
93,6853
-5,6852
-52,6851
21,6850
12,6848
17,6847
34,6846
79,6844
-55,6843
50,6842
-31,6841
45,6837
90,6836
16,6835
-35,6834
-1,6833
71,6832
-41,6827
-93,6826
-88,6825
68,6824
64,6823
-17,6822
-39,6821
42,6820
-4,6819
-51,6818
73,6816
75,6815
-71,6814
-11,6813
-17,6812
-16,6811
36,6807
-5,6803
67,6801
-23,6800
-91,6799
12,6797
-99,6796
-38,6795
-30,6793
77,6792
29,6789
33,6788
-90,6786
-45,6785
-58,6783
-75,6782
-51,6781
-91,6779
57,6778
-19,6777
-70,6776
31,6773
-36,6770
29,6769
89,6767
-99,6766
79,6765
57,6764
56,6763
-42,6761
16,6759
51,6758
98,6756
13,6755
60,6754
73,6753
54,6752
-45,6751
-58,6749
28,6748
5,6746
-5,6745
52,6742
-9,6741
54,6738
-18,6736
-87,6735
-40,6734
-17,6733
48,6732
-60,6731
35,6730
28,6728
5,6727
26,6726
3,6724
82,6723
53,6721
83,6720
-93,6719
19,6718
71,6716
50,6715
40,6713
-69,6712
74,6711
91,6710
-41,6709
-86,6708
-91,6707
85,6706
15,6704
-47,6703
-68,6702
-53,6701
-52,6700
45,6699
-85,6698
-17,6697
-21,6696
22,6695
-80,6693
70,6692
-11,6691
94,6690
-59,6689
-91,6688
-12,6687
-75,6686
-83,6685
80,6684
-82,6683
-7,6682
89,6681
85,6680
-58,6679
60,6677
-34,6675
51,6674
55,6672
-12,6669
-29,6668
-34,6666
-61,6665
42,6663
-65,6662
13,6659
-11,6658
13,6656
57,6655
-41,6654
100,6653
84,6652
-44,6651
-39,6650
-30,6649
-71,6648
89,6647
52,6645
-67,6644
53,6643
55,6642
1,6640
-25,6639
65,6636
-31,6634
-82,6633
-2,6631
37,6630
-91,6629
80,6628
-34,6627
-50,6626
81,6625
76,6624
9,6623
-42,6622
0,6621
26,6620
92,6619
46,6617
11,6615
-42,6614
-71,6612
-53,6611
-20,6609
4,6608
91,6607
-61,6606
-61,6603
89,6602
-88,6601
71,6600
-43,6599
-45,6598
76,6597
-97,6595
-10,6593
-53,6592
21,6590
97,6589
18,6588
-72,6587
37,6586
-58,6585
21,6584
90,6583
0,6580
-44,6579
-98,6578
23,6577
3,6576
-100,6575
1,6572
-7,6569
-10,6568
-87,6567
61,6563
93,6562
5,6561
59,6560
-2,6559
-14,6558
-8,6557
-63,6556
-49,6555
33,6553
72,6552
73,6551
-19,6550
-70,6549
57,6548
-13,6547
-94,6546
33,6545
93,6540
-70,6539
52,6537
5,6536
-45,6535
36,6534
68,6533
-45,6532
22,6527
-3,6526
-27,6523
-95,6522
27,6520
55,6519
-11,6518
-79,6517
-76,6516
27,6515
16,6514
21,6513
-17,6512
41,6511
-10,6510
81,6509
47,6508
-51,6507
-16,6506
-5,6505
80,6503
-29,6502
-93,6501
55,6500
56,6498
-52,6497
-29,6495
55,6494
82,6493
12,6492
-47,6491
-29,6490
12,6489
52,6488
44,6486
-63,6484
-37,6483
-53,6482
-98,6481
14,6480
73,6479
-87,6478
-92,6477
-84,6476
34,6475
-88,6474
98,6473
-70,6472
79,6471
-48,6470
59,6469
-71,6468
39,6467
-29,6466
-5,6465
-92,6463
-61,6462
49,6461
26,6460
-68,6459
-66,6457
-66,6456
-88,6455
-46,6454
-49,6453
-11,6452
59,6451
31,6449
-91,6448
72,6446
66,6445
-48,6444
-69,6443
-21,6442
-86,6440
77,6439
73,6437
26,6436
76,6435
86,6432
69,6431
43,6430
-49,6429
71,6427
-99,6425
-37,6424
-94,6423
-7,6422
86,6420
32,6419
44,6418
-92,6417
-87,6416
-7,6415
59,6413
-79,6412
16,6411
80,6409
-40,6408
11,6407
38,6406
31,6404
-39,6403
8,6402
14,6401
-9,6399
69,6398
54,6397
-13,6396
21,6395
76,6392
-20,6391
-85,6390
-64,6389
77,6388
-57,6387
-1,6385
-97,6384
-12,6383
-98,6382
-31,6381
73,6377
-50,6375
-27,6373
-33,6371
-47,6369
-34,6368
-51,6367
-56,6366
2,6364
-56,6362
60,6361
3,6360
-83,6359
86,6355
54,6354
72,6353
-49,6351
-77,6350
43,6348
-20,6347
21,6345
14,6344
-46,6341
-56,6340
39,6339
35,6338
9,6336
-85,6334
14,6332
-92,6329
15,6328
-63,6327
12,6326
80,6325
6,6323
26,6322
12,6320
-70,6319
-54,6318
-13,6317
53,6316
29,6315
-18,6313
5,6312
-19,6311
18,6309
48,6307
92,6306
-50,6305
84,6304
46,6303
63,6302
53,6301
-47,6300
24,6299
-88,6298
20,6297
-8,6295
12,6293
-7,6291
60,6288
58,6287
74,6286
89,6285
7,6284
-19,6283
9,6282
16,6281
73,6280
2,6279
-35,6278
41,6277
4,6276
-65,6275
-4,6272
-97,6271
-30,6270
-9,6269
-15,6268
5,6266
91,6264
34,6263
71,6262
20,6261
-84,6257
-37,6256
-59,6255
-3,6253
50,6252
75,6251
-30,6250
16,6249
-84,6248
32,6246
3,6245
86,6244
65,6243
50,6242
-18,6241
-71,6240
-65,6239
-3,6238
-90,6237
91,6236
-45,6235
63,6234
-2,6233
18,6232
6,6231
70,6230
-2,6228
-40,6227
-86,6226
-73,6225
12,6224
66,6222
89,6221
-99,6220
38,6219
-38,6218
-54,6216
80,6215
12,6213
42,6212
-53,6211
-46,6210
5,6209
6,6208
76,6207
-14,6205
32,6204
95,6203
26,6202
-12,6201
-28,6200
-99,6199
60,6198
37,6197
-38,6196
-76,6195
6,6191
-15,6190
-14,6189
-45,6187
56,6186
-8,6185
-40,6184
63,6183
46,6181
-78,6180
50,6179
-21,6178
41,6176
52,6175
-98,6174
40,6173
24,6171
25,6170
3,6169
77,6168
25,6167
91,6166
-92,6165
43,6164
-45,6163
78,6162
-96,6161
100,6160
94,6159
-15,6157
73,6155
-15,6154
-33,6153
-75,6151
-96,6149
-69,6146
39,6145
55,6144
45,6143
82,6142
51,6141
-21,6140
-20,6139
-22,6138
-87,6137
-84,6136
40,6135
-15,6134
-15,6133
-40,6131
37,6130
90,6129
46,6128
77,6127
-44,6125
-29,6124
4,6123
-49,6122
73,6121
-71,6120
-33,6119
25,6118
-87,6116
35,6115
56,6114
81,6113
-39,6112
95,6111
33,6109
100,6108
-33,6106
84,6105
25,6104
24,6103
92,6102
-62,6101
-10,6100
-3,6098
72,6097
-99,6096
56,6095
-54,6094
23,6092
-10,6090
58,6088
92,6087
44,6086
3,6085
-53,6083
48,6082
-21,6080
52,6078
74,6077
37,6076
-29,6075
64,6074
8,6073
36,6072
-9,6071
-65,6070
-13,6069
0,6068
-5,6065
47,6064
-95,6063
68,6062
-12,6061
1,6060
29,6059
35,6058
78,6057
-17,6056
61,6054
6,6053
14,6052
14,6049
-34,6048
-2,6047
48,6045
27,6044
-27,6043
76,6041
0,6040
41,6039
-86,6036
-53,6035
52,6033
-15,6032
-75,6031
-4,6030
26,6028
-3,6027
75,6026
-82,6025
-31,6024
52,6023
-63,6022
38,6021
-20,6020
-8,6018
-33,6017
48,6016
-44,6015
-23,6012
-27,6011
-91,6008
-63,6007
-3,6006
62,6005
-84,6004
-38,6003
-85,6002
-55,6001
8,6000
-42,5999
-25,5998
56,5997
-86,5996
35,5995
-45,5994
-87,5993
75,5991
-31,5990
65,5989
-6,5988
23,5987
-6,5986
-88,5984
-87,5983
94,5982
96,5980
16,5979
-45,5978
29,5977
11,5976
-12,5974
19,5973
-18,5972
82,5971
29,5970
-57,5969
-85,5968
-37,5967
-89,5966
-22,5965
-11,5963
-59,5962
69,5960
51,5959
-60,5958
-2,5957
69,5956
57,5955
57,5954
-29,5952
31,5951
-65,5947
24,5946
39,5944
20,5943
-34,5942
84,5941
44,5939
36,5938
67,5937
-79,5936
-58,5935
13,5932
67,5930
8,5929
-70,5928
70,5927
-85,5926
90,5925
6,5921
80,5920
-65,5918
-54,5917
-53,5916
61,5914
75,5912
4,5911
42,5910
-44,5909
-93,5908
93,5907
-64,5906
38,5905
44,5904
-14,5903
34,5901
96,5900
46,5899
-51,5897
-7,5896
-99,5895
-7,5892
58,5891
-79,5888
0,5887
51,5886
30,5884
-66,5883
-17,5882
47,5881
94,5879
79,5878
-9,5876
-46,5875
54,5874
-60,5873
-69,5872
44,5871
36,5870
-84,5868
-68,5867
-80,5865
94,5864
-68,5861
65,5859
73,5858
94,5856
4,5855
73,5854
87,5853
99,5852
-39,5851
-16,5850
-82,5847
-71,5846
18,5845
-20,5844
-36,5843
-17,5842
27,5840
74,5837
0,5836
-47,5835
36,5834
-67,5833
-30,5832
32,5831
44,5830
49,5829
-33,5827
-10,5825
56,5824
37,5823
13,5822
2,5821
-50,5819
52,5817
-41,5816
-35,5813
44,5812
-44,5810
-83,5809
66,5808
-84,5807
17,5806
98,5805
-64,5804
-14,5803
11,5802
41,5801
22,5800
-40,5797
54,5796
-7,5795
-3,5794
83,5793
-19,5792
-50,5791
30,5790
61,5788
-23,5786
-48,5785
-59,5784
-39,5781
-41,5780
60,5779
-77,5777
-69,5776
55,5775
-57,5774
0,5773
6,5772
31,5771
-99,5770
-82,5769
-83,5768
31,5767
-99,5765
60,5764
-48,5763
15,5762
-52,5761
-82,5760
64,5759
22,5758
93,5756
49,5755
-53,5753
-83,5751
-98,5750
88,5749
-34,5748
-19,5747
-11,5746
77,5745
6,5744
-37,5743
-3,5741
60,5738
-68,5737
-36,5736
20,5735
-77,5734
98,5733
9,5732
-33,5731
-56,5730
92,5729
46,5728
-35,5725
-90,5724
-15,5723
-14,5721
-11,5718
7,5717
84,5716
-6,5714
99,5713
76,5712
-82,5711
27,5709
82,5708
52,5707
64,5706
-65,5705
77,5704
88,5703
-10,5701
-70,5700
90,5699
-24,5698
-34,5697
-2,5696
51,5695
-97,5694
49,5692
10,5691
90,5690
-41,5689
-51,5688
52,5687
33,5684
31,5682
-43,5681
25,5680
-60,5679
75,5677
-40,5675
99,5674
-74,5672
25,5671
-30,5669
-17,5668
93,5667
-25,5666
35,5662
-20,5659
24,5658
69,5657
-1,5656
21,5655
-87,5654
28,5653
77,5652
-14,5651
-29,5650
-72,5649
-8,5647
22,5644
64,5643
64,5642
-30,5641
21,5640
-97,5639
15,5638
30,5637
83,5636
-85,5634
57,5632
77,5631
17,5630
-73,5629
-41,5628
-30,5627
-73,5626
-56,5624
66,5623
13,5622
-89,5621
91,5620
71,5618
-73,5617
93,5616
-60,5615
-23,5612
-91,5611
16,5610
100,5606
20,5605
49,5604
47,5603
88,5602
3,5600
64,5598
-52,5596
-76,5595
-33,5594
82,5593
-81,5592
-72,5591
74,5590
-89,5589
-94,5588
-35,5587
92,5585
30,5584
5,5583
4,5579
59,5577
-13,5576
-30,5575
91,5574
-38,5573
95,5572
0,5571
-9,5570
27,5569
-26,5567
-26,5566
62,5565
79,5564
-13,5563
88,5561
-16,5560
-12,5559
-60,5558
39,5557
81,5556
63,5555
13,5554
72,5553
10,5551
-29,5549
30,5548
-26,5547
-60,5546
60,5545
-51,5543
-47,5542
-67,5541
-35,5540
-44,5539
-77,5538
61,5537
-71,5536
-50,5534
-37,5532
36,5531
37,5530
-68,5529
65,5528
-39,5525
-82,5524
-10,5523
-20,5522
-10,5521
-14,5520
47,5519
5,5518
-2,5517
93,5514
38,5513
-40,5512
-30,5511
28,5509
-54,5508
-47,5507
61,5505
-22,5504
65,5502
52,5500
-71,5499
-46,5498
71,5496
-49,5495
-53,5494
-74,5493
-91,5492
90,5491
-18,5490
92,5489
64,5487
-52,5486
-50,5485
64,5484
34,5483
-60,5482
-29,5481
26,5480
16,5479
77,5478
-50,5477
38,5476
-30,5475
56,5473
-38,5470
-24,5468
-44,5467
-68,5466
-68,5465
-27,5463
96,5462
3,5461
-70,5460
-71,5459
-14,5457
-38,5456
-2,5455
-17,5454
3,5452
-21,5451
-73,5449
87,5448
23,5447
-72,5446
73,5445
-65,5444
96,5442
64,5441
20,5440
-1,5439
-45,5438
54,5437
-63,5436
41,5435
48,5433
-7,5432
99,5430
21,5428
-22,5427
78,5426
-68,5424
-86,5421
-92,5420
-90,5419
45,5418
81,5417
-3,5415
55,5414
91,5413
-12,5412
67,5411
-47,5409
60,5408
42,5407
-20,5406
45,5405
-84,5404
-17,5403
88,5402
17,5401
1,5400
-80,5397
-57,5396
-53,5394
-30,5393
58,5392
-58,5390
76,5389
55,5388
-89,5384
57,5383
42,5382
76,5381
6,5379
-86,5378
73,5377
71,5375
28,5374
18,5372
-65,5370
27,5369
13,5368
-82,5367
28,5366
41,5365
28,5364
-14,5363
27,5362
27,5361
-71,5360
-30,5357
-98,5354
-47,5353
-93,5351
12,5350
-53,5349
69,5348
86,5347
-87,5346
-42,5345
61,5344
-46,5342
30,5341
-25,5340
-14,5337
51,5336
77,5333
14,5332
68,5331
-57,5330
-10,5329
-43,5326
69,5325
70,5324
-16,5323
5,5322
25,5321
94,5320
95,5319
64,5318
-10,5316
-8,5315
-13,5313
46,5312
-30,5310
37,5308
65,5305
-64,5304
-44,5303
-27,5302
50,5301
40,5300
-81,5299
11,5297
-37,5295
-45,5294
-68,5293
-96,5292
-93,5291
-54,5290
97,5289
-79,5288
12,5284
-39,5283
-64,5282
-43,5281
-24,5280
56,5279
-95,5278
-90,5277
-73,5275
-99,5272
47,5271
14,5270
-99,5269
26,5265
-62,5263
-82,5262
73,5261
-6,5258
62,5257
-8,5256
85,5255
-52,5252
-68,5251
-67,5247
27,5245
76,5244
-85,5243
-99,5240
32,5239
97,5238
72,5237
-43,5236
2,5234
-73,5233
10,5231
70,5230
35,5229
40,5228
41,5227
-44,5225
43,5224
-84,5223
42,5222
45,5220
81,5219
-40,5218
29,5217
21,5215
55,5214
-7,5212
39,5211
-51,5208
-60,5207
-98,5206
-57,5205
-60,5203
11,5202
-63,5201
16,5200
26,5199
-4,5198
35,5195
-33,5193
-67,5191
55,5188
-48,5187
56,5186
35,5185
83,5184
83,5183
-17,5181
18,5180
28,5179
37,5178
66,5177
-33,5176
97,5173
80,5171
64,5170
-2,5169
46,5168
75,5167
48,5166
-51,5165
94,5164
-11,5163
73,5162
-80,5161
-85,5160
42,5158
43,5157
42,5156
26,5155
-74,5153
-68,5152
26,5151
-37,5149
-61,5147
8,5146
6,5144
-12,5143
51,5142
-70,5141
-76,5140
66,5139
-39,5138
67,5137
-16,5136
61,5134
-7,5133
71,5132
-54,5130
69,5128
-13,5127
-11,5125
-30,5124
66,5123
-12,5122
37,5119
59,5118
55,5117
14,5116
47,5114
92,5113
74,5112
82,5111
60,5110
-26,5109
61,5107
-51,5106
64,5105
-90,5104
91,5102
68,5101
98,5099
-85,5098
-62,5096
72,5095
42,5094
-77,5093
62,5092
15,5091
90,5090
-41,5089
-4,5088
-38,5087
-41,5086
-43,5085
-65,5084
-11,5083
-97,5082
-88,5081
-93,5079
90,5078
41,5077
-23,5076
26,5075
11,5073
52,5072
-19,5071
48,5070
-16,5068
20,5066
92,5065
-5,5064
-55,5061
61,5059
14,5058
-42,5057
64,5056
-5,5053
-4,5052
12,5051
35,5050
-4,5049
13,5048
-14,5047
36,5045
96,5043
-22,5042
73,5041
-12,5039
-5,5038
-32,5036
39,5035
-83,5033
73,5032
-11,5031
56,5030
37,5026
42,5025
0,5024
-71,5023
14,5022
-91,5021
-49,5020
39,5019
69,5018
31,5017
-88,5015
90,5012
-66,5011
54,5010
53,5009
60,5008
7,5006
81,5005
-36,5004
17,5003
16,5002
56,5000
-57,4999
32,4997
48,4996
93,4995
98,4994
85,4993
-38,4992
0,4991
-69,4990
-67,4989
-53,4987
37,4986
56,4982
-13,4981
-40,4980
-47,4978
-13,4977
-55,4975
83,4974
56,4973
-84,4972
-23,4971
11,4970
-9,4969
-32,4968
72,4967
-29,4966
-26,4965
-78,4963
-73,4962
-57,4961
-69,4959
-1,4958
-64,4956
61,4954
-16,4953
-9,4952
-49,4951
-81,4950
-97,4949
59,4948
-2,4945
29,4944
64,4943
50,4942
50,4941
-79,4938
78,4935
25,4934
97,4933
-28,4932
44,4931
-42,4930
-17,4929
14,4928
-70,4927
39,4926
11,4925
-16,4924
28,4923
36,4922
-11,4921
5,4920
-48,4918
94,4917
25,4916
66,4914
-62,4913
39,4912
96,4910
-12,4909
-60,4908
-74,4907
58,4906
19,4905
-30,4904
21,4903
60,4902
-47,4901
-53,4900
-6,4899
68,4898
-99,4897
8,4895
81,4894
-63,4892
28,4891
-64,4890
-70,4885
-98,4882
-66,4881
87,4880
43,4879
-69,4878
34,4877
-25,4875
-99,4874
-77,4872
73,4871
9,4870
99,4869
-42,4867
-1,4866
-99,4864
45,4863
-48,4862
50,4860
58,4859
53,4858
-6,4857
-62,4856
-15,4853
-40,4852
-18,4851
72,4850
-91,4849
25,4846
76,4845
83,4844
0,4841
-17,4840
-43,4839
2,4838
-57,4837
-48,4836
6,4835
-62,4830
64,4829
-85,4828
-50,4827
-51,4826
-92,4825
-71,4823
46,4821
78,4819
67,4818
60,4817
-99,4815
53,4814
4,4813
24,4812
29,4810
-3,4809
-100,4807
-88,4806
-81,4804
-41,4803
22,4802
-26,4801
-78,4800
39,4799
75,4798
99,4797
63,4796
61,4794
96,4792
66,4791
23,4790
64,4788
-91,4787
-71,4786
17,4785
-56,4784
45,4783
-27,4782
5,4781
-100,4780
32,4779
-84,4778
56,4777
-49,4774
38,4773
12,4772
-51,4771
24,4769
48,4768
-1,4767
-50,4766
50,4763
-60,4762
-65,4761
-39,4759
-16,4758
86,4757
-20,4756
29,4755
-12,4754
66,4753
-19,4752
32,4750
13,4749
-48,4748
0,4745
75,4744
18,4743
2,4742
-86,4740
86,4739
33,4738
-7,4737
-81,4736
-26,4735
-81,4734
-76,4732
72,4731
-64,4730
58,4729
-83,4728
-77,4726
47,4725
-4,4723
-10,4722
-53,4721
-79,4720
23,4719
-99,4717
-88,4716
-23,4715
5,4714
-70,4713
15,4712
37,4711
29,4709
-63,4708
53,4707
86,4706
97,4704
-41,4703
48,4702
-36,4701
-14,4700
19,4699
42,4698
94,4697
1,4696
69,4695
10,4694
-95,4693
-31,4692
-99,4690
-87,4689
67,4687
-43,4684
-12,4683
-18,4682
-37,4681
-76,4679
53,4678
99,4675
-31,4674
36,4673
70,4671
98,4669
39,4668
-70,4667
-39,4666
-93,4665
39,4664
-67,4663
-65,4662
32,4661
-72,4660
13,4658
-12,4657
-68,4656
63,4654
-29,4652
5,4651
53,4649
-9,4647
79,4646
-56,4645
45,4643
-15,4641
-35,4640
69,4639
10,4638
-48,4637
20,4635
1,4634
-97,4633
50,4632
93,4631
-76,4630
-46,4629
44,4628
73,4627
-84,4626
-50,4625
48,4624
-12,4623
-32,4622
-97,4621
-94,4620
68,4619
9,4618
-26,4617
-82,4616
100,4615
-34,4614
88,4613
87,4610
-9,4609
-73,4608
7,4607
-24,4606
-73,4605
-95,4604
40,4603
-79,4601
-100,4600
-14,4598
48,4597
33,4596
-9,4595
-8,4594
27,4591
-57,4590
47,4589
90,4588
59,4587
-9,4585
93,4584
77,4583
16,4581
-60,4580
-71,4576
-90,4575
43,4574
41,4573
-16,4572
-4,4571
57,4570
52,4569
-79,4566
-53,4564
86,4562
-100,4561
-68,4560
-82,4559
-1,4558
51,4557
57,4556
22,4554
-3,4553
19,4552
-23,4551
23,4549
-39,4547
-100,4546
-32,4545
55,4544
54,4543
-67,4542
-6,4541
23,4540
-29,4539
-64,4538
-98,4537
-76,4536
93,4535
98,4534
-87,4533
81,4531
20,4528
35,4527
-32,4525
67,4524
-8,4523
69,4522
-5,4521
21,4520
33,4519
-24,4518
-10,4517
-40,4514
25,4512
-44,4511
4,4510
9,4509
22,4508
-75,4507
33,4506
1,4504
99,4503
-21,4502
-79,4501
-43,4500
-75,4499
-53,4498
56,4497
49,4496
2,4495
-62,4493
-18,4492
4,4491
69,4488
-78,4486
-35,4484
2,4483
85,4480
-95,4479
59,4477
56,4476
36,4473
-17,4472
-76,4470
55,4467
35,4465
-64,4464
-35,4463
-31,4462
8,4461
-13,4460
10,4459
17,4457
-57,4456
22,4453
-76,4451
-32,4447
66,4446
-83,4444
-54,4443
64,4442
-95,4441
33,4440
-23,4438
-47,4437
-61,4435
49,4434
-58,4433
44,4432
-34,4431
-53,4429
-19,4428
30,4427
10,4426
-13,4422
-86,4421
4,4419
0,4418
60,4416
14,4415
82,4414
-46,4413
-32,4411
-22,4410
27,4409
-53,4408
-9,4407
-53,4406
32,4405
54,4404
-3,4403
40,4398
13,4397
63,4396
-15,4395
-1,4394
-68,4393
41,4392
32,4390
24,4389
78,4388
-79,4387
76,4386
7,4384
56,4383
-86,4380
-96,4379
-19,4378
69,4374
-98,4373
-91,4372
22,4371
-80,4369
21,4368
-2,4367
-90,4366
39,4365
11,4364
-80,4363
-14,4362
-69,4361
-30,4360
-29,4359
81,4358
26,4357
-80,4356
67,4354
33,4353
-84,4352
33,4351
-47,4349
-27,4348
81,4347
32,4346
50,4344
15,4342
30,4341
-61,4340
-42,4339
17,4338
-20,4337
39,4336
2,4335
-73,4334
51,4331
43,4330
-6,4329
-89,4328
23,4327
-63,4325
89,4324
50,4323
-40,4321
-68,4320
-96,4319
-79,4318
39,4317
-32,4316
-95,4315
15,4314
44,4313
62,4311
61,4310
55,4309
10,4308
-27,4306
-38,4305
-65,4303
-17,4302
65,4301
-11,4300
2,4299
-100,4298
30,4297
54,4296
-96,4295
-35,4294
-7,4292
-48,4288
67,4287
-86,4286
48,4285
-72,4284
51,4283
43,4281
-90,4280
-7,4279
-85,4277
-78,4276
-10,4274
-1,4272
40,4270
7,4268
77,4267
28,4266
85,4265
-60,4264
-64,4263
-71,4262
-70,4259
38,4258
16,4255
-63,4254
-29,4252
-71,4251
-75,4250
-72,4248
-92,4247
-22,4246
76,4245
98,4244
27,4243
29,4242
-15,4241
-10,4240
59,4238
97,4235
69,4234
68,4232
30,4231
-40,4229
-19,4227
90,4225
-54,4224
-5,4222
57,4221
-74,4220
-57,4219
-71,4218
62,4217
92,4214
-1,4213
-20,4212
-63,4211
-81,4210
97,4209
-40,4208
50,4207
-4,4206
-64,4204
90,4202
-67,4201
-80,4199
-68,4198
37,4197
48,4196
-72,4195
38,4194
26,4193
-6,4191
91,4190
-70,4189
-96,4187
21,4186
-36,4184
40,4183
34,4182
-44,4181
-43,4179
-31,4178
-56,4176
90,4173
29,4171
40,4170
37,4169
-72,4166
5,4165
-94,4164
-98,4163
11,4162
38,4161
13,4160
59,4159
-90,4158
-43,4157
-16,4155
-87,4154
86,4153
-94,4152
91,4151
86,4150
40,4149
-82,4147
-82,4145
-42,4143
89,4142
28,4141
42,4140
-73,4139
-45,4138
35,4136
7,4135
-27,4134
21,4133
-90,4132
-44,4130
-43,4129
-100,4128
33,4127
45,4126
6,4125
-27,4123
46,4122
39,4120
-41,4118
-73,4117
-89,4116
34,4115
23,4114
84,4113
88,4112
6,4111
95,4109
8,4108
2,4107
-11,4106
34,4104
-53,4102
-12,4101
3,4100
61,4099
25,4097
-61,4096
-34,4095
57,4093
61,4092
-4,4091
-52,4090
-39,4088
-72,4087
-5,4085
-69,4084
94,4080
-23,4079
-68,4078
38,4075
93,4073
-46,4072
-65,4071
33,4070
44,4069
69,4068
-45,4067
-79,4064
-32,4061
-21,4060
64,4059
90,4058
-26,4056
80,4054
71,4052
-83,4051
-45,4050
73,4049
38,4048
80,4047
-15,4046
-64,4045
-23,4044
87,4043
7,4042
47,4041
-64,4040
-94,4039
59,4038
32,4037
-56,4036
15,4035
-50,4034
-42,4033
-63,4032
85,4030
-91,4029
40,4028
-96,4026
-42,4025
89,4024
9,4023
46,4022
-26,4021
91,4020
-31,4019
-95,4016
31,4015
-100,4014
-33,4013
-59,4012
-70,4011
-70,4010
95,4009
-74,4008
6,4007
-55,4005
39,4004
-39,4003
-2,4002
-32,4000
-35,3999
-7,3998
-88,3997
-91,3995
65,3993
16,3991
30,3989
-30,3988
-92,3987
-94,3986
28,3985
-57,3984
75,3983
50,3982
54,3981
-40,3979
77,3977
48,3976
36,3975
85,3974
24,3972
88,3971
85,3970
92,3967
28,3965
11,3964
-62,3960
34,3958
5,3957
-5,3956
-34,3955
-98,3954
-82,3953
-4,3952
-82,3951
22,3950
32,3949
98,3948
51,3947
-21,3946
18,3945
-18,3944
53,3943
-6,3942
4,3941
-27,3939
38,3938
64,3936
4,3935
-40,3934
-30,3933
-18,3932
59,3931
33,3928
78,3927
-66,3926
78,3924
-33,3923
-40,3921
61,3920
8,3919
-15,3918
-24,3917
-45,3916
5,3915
-56,3912
3,3910
-49,3909
-72,3907
99,3906
13,3905
67,3904
12,3903
-91,3902
-38,3901
-54,3898
-35,3897
-52,3896
-44,3892
-49,3891
-81,3890
-93,3889
92,3887
38,3886
-19,3884
3,3883
-36,3882
-50,3881
7,3880
-27,3879
-85,3878
68,3876
-16,3874
-26,3873
-48,3872
31,3871
-18,3868
74,3867
-18,3866
66,3865
-64,3863
-79,3862
-44,3860
-77,3856
63,3854
-35,3853
-56,3850
4,3847
80,3846
66,3844
11,3843
-83,3842
-34,3841
78,3839
-26,3838
-13,3837
33,3836
93,3835
-48,3833
41,3832
39,3831
85,3828
-86,3826
-44,3824
-73,3823
99,3822
-68,3821
21,3820
83,3818
-74,3817
-70,3815
96,3814
-35,3813
-13,3812
97,3811
-43,3810
84,3809
-99,3808
23,3807
-62,3806
-24,3804
-74,3801
72,3800
74,3798
31,3797
7,3796
-32,3795
-43,3794
-12,3793
3,3792
38,3791
69,3789
-32,3788
-86,3787
-72,3785
12,3784
-66,3783
44,3781
-51,3780
-5,3779
-82,3778
-3,3777
96,3775
-21,3772
-53,3771
48,3769
-13,3768
-95,3767
-79,3766
-52,3764
-99,3762
35,3761
60,3760
65,3759
-98,3758
80,3755
2,3753
-49,3752
59,3751
-58,3750
-31,3749
-93,3746
8,3745
-26,3744
-17,3743
19,3742
81,3741
-2,3740
73,3739
68,3737
-76,3736
-78,3735
15,3733
-89,3731
62,3730
-4,3729
-10,3728
39,3727
-33,3726
32,3725
-98,3724
-56,3723
20,3722
54,3721
-29,3720
70,3718
-43,3717
-21,3715
-4,3714
-41,3713
-73,3712
-22,3710
44,3708
38,3707
-48,3704
-19,3703
38,3701
-48,3700
-94,3699
41,3698
-16,3697
16,3696
7,3695
-46,3694
-84,3692
-84,3691
54,3690
55,3688
-95,3687
45,3686
-35,3685
51,3683
27,3682
-3,3681
13,3678
-62,3677
-71,3676
-100,3674
4,3673
87,3671
-31,3670
15,3669
-76,3667
65,3666
44,3665
72,3664
-1,3663
57,3661
-59,3659
79,3658
-24,3657
-18,3656
42,3655
-6,3654
-60,3653
-68,3652
-51,3651
73,3650
96,3649
-20,3648
-54,3647
-19,3644
26,3643
97,3642
-23,3641
27,3639
66,3638
-56,3637
-31,3636
-33,3635
-39,3634
-9,3632
-26,3630
-29,3629
-64,3628
47,3627
37,3624
9,3622
98,3621
39,3620
38,3619
-44,3618
26,3614
-11,3613
16,3612
78,3611
-91,3609
-49,3608
59,3607
13,3606
-35,3605
72,3604
-93,3602
-70,3601
77,3600
-7,3599
53,3598
64,3597
15,3596
22,3595
-46,3594
-43,3593
14,3592
24,3591
-4,3590
13,3587
-55,3586
-25,3585
-65,3584
65,3583
-9,3582
39,3581
-80,3577
20,3576
-90,3574
83,3573
14,3572
73,3571
-4,3569
69,3567
91,3566
-44,3563
97,3562
-18,3561
1,3560
-55,3558
45,3557
83,3556
-37,3555
-50,3554
73,3553
-7,3552
18,3549
-14,3548
-47,3547
4,3546
-19,3543
-69,3542
-29,3540
-50,3538
50,3537
23,3536
-50,3535
76,3534
-32,3532
95,3531
-76,3529
-92,3528
22,3527
-48,3526
-94,3525
96,3524
-61,3522
-29,3521
100,3520
96,3519
8,3518
98,3517
87,3516
-79,3515
20,3514
38,3513
27,3512
74,3511
61,3510
-61,3509
83,3508
-82,3507
88,3505
-97,3503
44,3502
29,3501
3,3500
-53,3499
71,3498
3,3497
-6,3496
-79,3495
94,3494
-78,3493
-71,3490
-63,3489
25,3487
73,3486
92,3485
-47,3483
57,3482
63,3481
82,3480
-10,3478
32,3477
-67,3476
14,3475
75,3474
-40,3473
-20,3472
-2,3471
-68,3470
56,3469
-56,3468
94,3467
1,3465
6,3463
-71,3462
-3,3461
34,3460
76,3459
100,3458
-98,3457
49,3456
9,3455
-55,3454
69,3453
-59,3452
89,3449
29,3447
-23,3445
97,3444
98,3443
-61,3442
40,3441
-94,3440
-73,3439
14,3437
-94,3435
18,3434
74,3433
43,3432
-20,3431
-92,3430
-58,3426
-54,3424
88,3423
38,3420
-12,3418
65,3417
-97,3416
42,3415
91,3414
43,3413
0,3412
18,3411
35,3410
-63,3407
-8,3406
26,3405
-37,3404
75,3403
76,3401
76,3400
76,3397
-87,3396
67,3395
-96,3394
-76,3390
-22,3389
24,3387
-64,3385
47,3384
-59,3383
-28,3382
-29,3381
26,3379
-36,3373
77,3371
42,3369
-33,3367
-82,3366
-64,3365
2,3364
42,3363
-98,3362
-76,3360
22,3359
67,3356
-55,3355
-83,3354
7,3353
67,3352
91,3350
-37,3349
-73,3348
-89,3346
70,3345
72,3343
-50,3342
72,3341
42,3340
-91,3339
-64,3338
67,3336
-68,3335
-74,3334
73,3333
-25,3330
-44,3329
-11,3328
-72,3327
-11,3326
-40,3325
61,3324
-80,3322
93,3321
81,3320
8,3317
97,3316
66,3315
-33,3314
76,3313
32,3311
1,3310
-88,3309
-19,3307
-89,3306
96,3305
68,3304
67,3303
74,3302
90,3300
45,3299
-46,3298
100,3294
-78,3292
-76,3291
28,3290
-51,3288
-1,3287
49,3285
35,3283
-87,3279
13,3278
-97,3277
-33,3273
-19,3272
-3,3271
3,3270
-5,3269
-60,3268
-31,3267
80,3266
34,3264
-19,3262
-65,3260
52,3258
-2,3256
-42,3254
-68,3252
18,3251
-1,3249
-70,3248
-6,3247
-25,3246
-74,3245
-60,3244
63,3242
-92,3240
46,3239
14,3238
-48,3237
-79,3236
66,3235
-36,3234
-79,3233
-57,3232
-39,3231
-26,3230
-98,3229
-29,3228
-67,3227
-8,3226
4,3225
94,3224
31,3222
-42,3221
69,3220
-23,3219
74,3218
28,3217
62,3216
88,3215
0,3214
-17,3213
-6,3212
-31,3211
1,3210
-20,3209
88,3207
81,3206
15,3205
4,3204
73,3203
-14,3199
-38,3198
59,3196
59,3194
4,3193
-75,3191
-25,3190
-76,3189
92,3188
-56,3187
-94,3186
-34,3185
-95,3184
59,3183
56,3181
56,3180
58,3178
-38,3177
-10,3176
-38,3174
46,3172
-60,3171
33,3170
-98,3168
3,3167
-34,3166
-21,3165
83,3163
-7,3162
10,3161
19,3159
-69,3158
87,3156
-26,3155
-9,3154
81,3153
-35,3152
-13,3151
5,3150
-43,3149
48,3146
49,3144
10,3143
-92,3142
-21,3140
8,3139
63,3136
-40,3135
93,3134
-92,3133
71,3132
53,3131
-39,3130
94,3128
-38,3125
45,3124
98,3122
76,3120
-78,3119
-72,3118
-33,3117
25,3115
-50,3114
43,3113
68,3111
-56,3109
-49,3106
-32,3104
35,3103
82,3101
0,3100
-26,3099
-21,3098
-13,3093
39,3092
-61,3091
-77,3090
-32,3089
-46,3088
-28,3087
90,3086
31,3084
6,3083
-88,3081
75,3080
98,3079
-85,3077
-60,3076
-15,3074
-31,3073
83,3072
56,3071
-93,3070
84,3067
-29,3066
65,3065
32,3064
-22,3063
-51,3062
15,3061
93,3060
39,3058
-72,3056
-42,3055
0,3052
69,3050
-59,3049
-34,3048
60,3047
41,3046
-29,3045
-29,3044
25,3043
-74,3040
28,3039
-5,3038
17,3037
-80,3036
50,3035
-92,3034
-25,3033
52,3032
-50,3031
-76,3028
19,3026
35,3023
-30,3022
-14,3021
-52,3020
66,3018
-23,3017
81,3016
96,3015
90,3014
-10,3013
-16,3012
-54,3011
-89,3009
77,3008
-90,3007
81,3006
-30,3004
-39,3003
33,3002
7,3001
-74,3000
-48,2998
0,2997
-71,2996
-74,2995
-51,2994
-3,2993
-47,2992
12,2991
-61,2990
-16,2989
-65,2988
-11,2987
40,2986
-49,2984
12,2983
-48,2982
-88,2981
33,2980
74,2979
-85,2977
80,2976
-29,2975
21,2974
-48,2973
-58,2972
-15,2971
-17,2970
-100,2969
-37,2968
86,2967
-9,2966
22,2965
-71,2964
17,2962
-17,2961
-41,2960
92,2959
-85,2958
-21,2957
77,2956
73,2955
-2,2954
95,2953
15,2952
83,2951
4,2950
-25,2949
51,2948
88,2947
7,2945
20,2944
22,2943
40,2942
2,2941
81,2940
-38,2939
93,2938
-65,2936
78,2934
-22,2933
93,2932
23,2930
-33,2929
-21,2928
-13,2927
36,2926
62,2923
-54,2922
-16,2921
12,2920
-45,2919
0,2918
60,2916
-3,2915
-95,2913
51,2912
75,2911
-75,2910
-55,2905
-67,2903
-38,2902
-48,2901
-7,2899
-68,2895
-49,2894
-34,2893
-28,2891
29,2890
6,2889
0,2887
75,2886
5,2885
95,2882
-5,2881
97,2880
-8,2879
82,2878
-72,2874
-45,2873
8,2872
52,2871
-15,2870
-90,2869
33,2868
-83,2867
24,2866
91,2865
27,2864
22,2863
-67,2862
27,2861
28,2860
-97,2859
-53,2858
24,2857
95,2856
-88,2855
54,2854
-54,2853
-41,2852
-93,2851
43,2849
-60,2848
87,2846
79,2845
-9,2844
-83,2843
7,2842
-4,2839
83,2838
95,2834
2,2833
-89,2832
94,2831
81,2830
84,2827
100,2826
46,2825
-2,2824
2,2823
-65,2822
63,2821
16,2820
60,2819
-95,2818
93,2817
33,2815
89,2814
65,2812
17,2811
61,2810
20,2809
16,2808
89,2807
-94,2806
-72,2804
-32,2803
4,2802
26,2801
-59,2799
42,2798
-9,2797
-93,2795
58,2794
-82,2792
-21,2791
0,2790
17,2788
46,2787
24,2786
-85,2784
34,2783
-92,2782
85,2781
92,2780
42,2779
-79,2777
-27,2776
67,2773
20,2772
59,2771
-14,2769
91,2768
85,2766
-24,2765
-24,2764
-33,2761
-54,2760
31,2759
-8,2756
19,2754
-98,2753
9,2752
44,2750
70,2747
31,2746
-71,2745
-50,2744
-26,2743
39,2742
-60,2741
-75,2740
35,2739
63,2738
48,2736
-28,2735
18,2734
-31,2733
-27,2732
-10,2731
51,2730
-43,2729
71,2728
79,2727
23,2726
-27,2724
11,2723
22,2722
3,2721
95,2720
-95,2719
67,2718
17,2717
-36,2715
50,2714
-42,2713
21,2712
-36,2710
-67,2709
78,2708
20,2706
-62,2705
41,2704
-28,2702
88,2700
-69,2699
59,2698
93,2697
-17,2696
39,2695
-32,2694
59,2690
10,2689
-57,2688
9,2687
-91,2686
30,2685
-99,2684
-87,2683
-74,2682
100,2681
97,2680
-91,2679
-1,2678
-63,2677
55,2676
-71,2675
22,2673
50,2670
-45,2668
-41,2666
-24,2665
11,2662
-22,2661
26,2660
-41,2659
-38,2658
-59,2657
26,2656
-42,2654
83,2652
-67,2650
51,2649
-93,2648
-100,2647
-54,2646
59,2642
55,2641
-17,2638
-57,2637
30,2634
-70,2633
-24,2632
28,2631
-14,2625
-99,2624
-68,2623
39,2622
-18,2621
12,2620
-61,2618
49,2617
5,2616
18,2615
90,2613
72,2610
98,2609
-32,2608
-62,2607
32,2606
76,2605
-62,2604
87,2603
-87,2601
-17,2600
-57,2599
-68,2598
83,2597
66,2596
-78,2595
13,2590
25,2589
81,2588
46,2587
79,2586
-55,2585
90,2584
-69,2583
61,2581
26,2580
-68,2578
12,2576
73,2575
48,2573
-58,2572
85,2571
-90,2570
-93,2567
-63,2566
96,2565
16,2564
-27,2563
25,2562
-11,2560
43,2559
-33,2558
-40,2557
-27,2556
-16,2555
63,2552
-10,2551
-39,2550
76,2549
-80,2548
85,2547
-45,2546
47,2545
11,2544
26,2543
-57,2542
87,2537
-45,2536
-4,2533
-92,2531
6,2530
-63,2528
-80,2527
-78,2526
54,2524
-45,2522
-5,2521
-46,2518
-96,2516
91,2515
21,2514
13,2513
-44,2512
-22,2511
77,2510
-79,2509
50,2507
63,2506
-18,2503
11,2502
-46,2499
-98,2498
31,2497
37,2496
-96,2495
-43,2493
22,2492
39,2491
84,2488
-43,2487
-58,2486
70,2485
30,2484
-85,2483
-37,2481
32,2480
-94,2478
89,2476
-23,2474
40,2472
16,2471
-69,2468
-64,2467
-24,2466
-36,2465
-26,2464
-26,2463
-30,2462
-14,2460
-62,2459
19,2458
1,2457
42,2456
75,2455
69,2454
-55,2453
64,2452
90,2451
35,2448
-39,2447
-24,2445
-86,2443
6,2442
-5,2440
39,2438
72,2437
-48,2434
3,2433
-9,2430
-61,2429
-51,2428
34,2427
28,2426
99,2425
86,2424
-15,2422
-53,2421
81,2420
65,2419
37,2418
-47,2417
-80,2416
47,2415
0,2413
-86,2412
82,2411
-8,2410
-42,2409
-23,2408
-7,2407
62,2405
-27,2404
-67,2403
-23,2401
98,2400
-72,2399
21,2398
-70,2397
-4,2396
-100,2395
-57,2394
87,2393
95,2392
42,2391
-10,2386
67,2384
40,2383
50,2381
-63,2380
-41,2377
78,2376
11,2374
-38,2373
68,2372
30,2371
-46,2369
-30,2368
89,2367
-17,2366
41,2365
35,2364
63,2363
-74,2362
-52,2361
-8,2360
88,2359
-100,2358
-97,2356
-14,2355
29,2354
96,2352
-41,2351
-50,2350
-74,2349
87,2347
-48,2345
-48,2344
-8,2343
52,2342
1,2341
96,2340
54,2339
83,2338
-48,2336
52,2335
-32,2334
26,2333
-10,2332
51,2331
40,2329
29,2328
-56,2327
21,2326
30,2325
-72,2322
75,2321
-66,2320
-22,2318
15,2317
-65,2315
-69,2314
-73,2313
-86,2311
48,2310
1,2309
-68,2308
-2,2307
84,2306
-26,2305
-72,2302
-49,2301
73,2300
-57,2299
67,2298
-99,2297
53,2296
-10,2295
-95,2293
-79,2292
-70,2291
96,2290
-40,2289
21,2287
-72,2286
-30,2285
-91,2284
42,2283
-53,2281
63,2280
70,2279
22,2278
-62,2277
73,2276
86,2274
7,2273
-23,2272
-59,2271
46,2270
-82,2269
32,2268
-68,2266
-72,2265
-65,2264
-73,2263
55,2260
88,2259
-90,2258
-53,2257
-69,2255
-2,2254
-44,2253
-43,2252
29,2251
-77,2250
-33,2248
-58,2247
62,2246
-69,2245
-77,2244
34,2243
32,2242
94,2241
87,2240
3,2239
20,2237
32,2236
9,2235
61,2234
-5,2232
-90,2230
-49,2225
30,2223
-18,2222
-37,2221
-41,2220
71,2219
-85,2218
32,2216
-59,2215
-43,2214
88,2213
-82,2212
-6,2211
67,2210
87,2209
-10,2208
-34,2207
-45,2205
-83,2204
33,2203
-56,2202
36,2201
-4,2200
-31,2198
-43,2197
-40,2196
96,2195
51,2193
-35,2189
-35,2188
28,2187
-81,2186
20,2185
94,2184
-78,2183
-3,2182
-77,2181
17,2180
-25,2179
3,2178
98,2177
-61,2176
50,2175
-45,2174
94,2173
-51,2172
-97,2171
-65,2170
-16,2169
79,2168
86,2167
58,2166
52,2165
9,2164
48,2163
19,2162
-97,2161
74,2159
-62,2158
-67,2157
42,2156
-60,2154
-50,2153
96,2151
28,2150
3,2149
-76,2146
8,2145
80,2144
37,2143
-67,2142
97,2140
-84,2139
58,2138
-47,2136
68,2135
-84,2131
52,2130
-41,2129
-8,2128
-7,2127
-92,2126
-67,2125
-15,2123
1,2122
-60,2121
25,2120
13,2118
-92,2117
5,2116
80,2115
-15,2113
-16,2112
68,2111
-82,2109
43,2108
-42,2106
-9,2105
75,2104
-46,2103
-13,2102
12,2100
89,2099
-84,2097
73,2096
20,2095
-69,2094
-3,2092
-21,2091
-43,2089
-82,2088
2,2086
-37,2085
-65,2084
26,2083
26,2082
13,2080
52,2079
-83,2078
58,2077
85,2076
49,2075
-97,2074
-33,2073
-24,2072
67,2070
-38,2069
-89,2068
-90,2067
85,2066
76,2065
16,2064
-80,2062
-95,2061
-36,2060
2,2059
92,2057
16,2056
-50,2055
-68,2054
72,2053
-61,2052
-96,2051
5,2050
-8,2049
18,2048
-99,2047
-2,2046
-73,2045
-64,2044
-79,2043
-31,2042
-76,2039
79,2038
-12,2037
-1,2035
27,2034
11,2033
-100,2031
11,2030
-63,2027
-64,2026
-82,2025
-67,2023
73,2022
37,2021
-1,2020
18,2018
-27,2017
78,2016
98,2015
79,2014
25,2013
29,2012
-83,2011
65,2010
89,2008
47,2006
63,2005
43,2004
23,2003
17,2001
23,2000
-66,1998
88,1996
9,1995
-63,1994
79,1993
19,1991
-65,1990
-22,1988
89,1987
-51,1986
62,1984
14,1983
-26,1982
5,1981
-48,1980
-16,1979
1,1978
79,1977
-90,1976
-23,1975
32,1974
29,1971
-56,1970
-62,1969
-3,1968
-27,1966
-77,1964
88,1963
38,1962
18,1961
78,1960
99,1957
37,1956
27,1954
-85,1953
-27,1951
59,1950
-63,1949
6,1948
-97,1947
-71,1946
72,1944
-100,1943
61,1942
80,1941
-52,1940
-39,1937
-60,1934
38,1933
-28,1932
100,1929
-17,1927
9,1926
-44,1923
-53,1922
-74,1921
46,1920
-10,1918
17,1917
39,1916
-32,1915
-38,1914
-88,1913
-34,1912
14,1911
-58,1910
18,1909
37,1907
-81,1906
85,1905
-56,1903
-90,1900
16,1899
-75,1897
-18,1896
46,1894
68,1893
24,1892
-92,1891
-7,1890
-77,1888
63,1887
-43,1886
25,1885
67,1884
84,1882
-62,1881
80,1879
-81,1878
99,1877
-33,1876
98,1875
26,1874
-21,1873
66,1872
-13,1871
-39,1870
-21,1869
-44,1866
-30,1865
62,1864
-74,1863
29,1862
-92,1861
29,1860
68,1859
71,1858
-10,1857
66,1856
69,1855
95,1854
37,1853
78,1851
13,1849
66,1847
80,1846
38,1845
-47,1844
-55,1842
35,1841
12,1840
-22,1839
-62,1838
-35,1836
-99,1835
62,1834
-23,1830
-23,1828
93,1827
-9,1826
17,1824
-66,1823
82,1822
-54,1821
-56,1819
43,1818
67,1816
72,1815
-64,1814
36,1813
54,1812
61,1810
94,1809
-46,1808
77,1807
80,1804
-61,1800
53,1798
21,1797
-9,1796
3,1795
-94,1794
62,1793
-21,1790
-90,1789
69,1788
-17,1787
-35,1786
-56,1785
-71,1782
56,1780
77,1779
56,1777
-13,1776
-85,1775
-79,1774
-73,1773
-2,1772
50,1771
79,1770
-31,1769
-28,1767
-59,1766
23,1765
-49,1764
56,1763
82,1762
78,1760
60,1758
89,1757
-51,1756
-44,1755
-87,1754
73,1753
-12,1752
-81,1751
59,1749
45,1748
-68,1747
51,1746
90,1744
-91,1743
89,1742
86,1741
1,1739
-30,1738
69,1737
-63,1735
15,1734
-45,1733
78,1732
-52,1731
96,1730
-96,1729
61,1727
-83,1726
-53,1725
-69,1723
-58,1722
96,1719
46,1718
2,1717
-65,1716
-50,1715
-36,1713
37,1712
-95,1710
12,1709
68,1708
-72,1707
71,1706
28,1705
-76,1704
-52,1703
-83,1702
-86,1701
-75,1700
90,1699
71,1698
-68,1696
56,1695
-87,1692
-2,1690
17,1689
33,1687
18,1685
96,1683
-50,1682
-61,1681
-18,1680
66,1679
7,1678
-29,1677
18,1675
-12,1673
21,1672
-52,1671
-76,1670
-47,1668
-34,1666
92,1665
66,1663
96,1662
-29,1660
69,1657
-78,1656
-96,1655
34,1653
72,1649
48,1648
-11,1647
-37,1646
68,1645
-87,1643
86,1642
16,1639
-53,1638
80,1637
12,1636
-100,1633
96,1631
-39,1630
-39,1628
-90,1625
82,1624
23,1623
3,1622
-75,1619
-78,1615
-37,1614
-42,1613
-72,1612
34,1611
57,1610
90,1607
-58,1606
12,1605
57,1603
97,1602
-85,1601
-46,1598
-61,1597
-95,1596
-61,1595
89,1593
-7,1592
23,1589
74,1587
44,1586
86,1585
-93,1582
-28,1581
-19,1580
-66,1579
72,1576
-43,1575
63,1574
-28,1573
86,1572
19,1571
-35,1570
60,1569
53,1568
88,1566
-100,1565
-70,1563
31,1561
11,1558
53,1557
80,1556
80,1555
-9,1554
-16,1553
22,1552
-88,1550
75,1549
92,1548
-21,1544
3,1543
52,1542
-29,1539
-86,1538
-4,1537
77,1534
-18,1533
1,1531
-7,1529
74,1528
-65,1527
-62,1526
-50,1525
26,1523
23,1522
53,1521
13,1519
-70,1518
69,1517
-19,1515
94,1514
19,1512
84,1511
-50,1509
-89,1508
-77,1507
-10,1506
-36,1505
-25,1504
10,1503
-53,1502
-93,1501
74,1500
-35,1497
4,1496
-33,1494
-75,1493
-56,1492
38,1491
4,1490
37,1489
-85,1488
94,1487
67,1485
-68,1484
76,1481
82,1480
-11,1478
44,1477
-91,1475
-47,1474
5,1473
-59,1472
-54,1471
49,1470
-30,1469
63,1468
-64,1466
-94,1465
-47,1463
27,1461
-8,1460
-81,1459
-15,1458
63,1456
-2,1455
-90,1454
-40,1453
-64,1452
25,1451
82,1450
-65,1449
64,1448
28,1447
100,1446
43,1445
77,1443
10,1442
84,1441
-44,1440
-56,1439
79,1438
53,1437
8,1436
63,1435
52,1434
34,1432
-45,1431
29,1430
79,1428
-54,1427
48,1426
87,1425
24,1424
-21,1422
3,1421
57,1420
-34,1419
1,1418
20,1416
-84,1415
74,1413
-43,1412
19,1410
62,1409
0,1408
8,1407
-87,1406
2,1405
-24,1404
-68,1403
30,1402
-43,1401
-50,1400
-43,1399
-47,1398
-73,1397
89,1396
20,1395
48,1394
93,1392
-57,1390
-18,1389
3,1388
-24,1387
39,1385
-19,1384
-18,1383
-60,1382
0,1381
9,1378
-61,1377
82,1376
-79,1375
-22,1374
-65,1373
-53,1372
17,1369
98,1365
59,1363
-81,1362
-100,1361
79,1360
68,1359
28,1358
82,1357
72,1356
77,1354
-48,1353
-97,1351
32,1350
4,1347
38,1346
25,1345
-82,1344
-1,1343
62,1342
57,1341
-61,1340
-3,1338
-87,1337
-62,1336
-6,1335
15,1332
98,1330
23,1329
-79,1327
2,1326
64,1325
98,1324
42,1323
42,1322
-36,1320
-46,1317
-23,1315
-27,1314
93,1313
73,1311
-4,1310
23,1309
-36,1306
41,1305
-27,1304
54,1303
46,1302
-60,1301
-88,1300
76,1299
42,1298
-15,1297
-8,1296
42,1295
17,1294
-4,1293
-47,1292
72,1290
64,1289
-60,1287
-94,1286
0,1284
81,1283
-76,1282
-76,1281
-5,1278
-89,1276
35,1275
67,1274
84,1273
-38,1271
69,1270
29,1269
-4,1267
78,1266
82,1265
60,1264
-14,1263
-65,1262
56,1261
-27,1260
-85,1259
-82,1258
98,1255
-91,1254
-17,1253
33,1252
74,1251
1,1250
42,1249
-6,1248
-65,1247
89,1246
-80,1245
-87,1244
-88,1243
33,1242
-48,1241
-22,1240
33,1239
56,1236
66,1235
-3,1234
-61,1233
27,1231
47,1230
-83,1229
-37,1228
66,1227
70,1226
-40,1223
50,1222
65,1221
-28,1219
65,1218
-30,1217
-61,1216
-55,1215
62,1213
-19,1211
65,1209
17,1208
-85,1205
-85,1204
-43,1200
5,1199
-21,1198
-90,1196
6,1195
59,1192
-86,1191
-84,1189
-17,1188
-78,1187
51,1186
3,1181
-42,1179
-81,1178
-73,1177
-84,1176
-81,1175
-29,1174
-49,1173
-71,1172
84,1171
58,1170
-22,1169
32,1168
-85,1167
-13,1165
100,1163
-28,1162
-60,1160
-76,1157
10,1156
-17,1155
36,1154
-14,1152
67,1150
-89,1149
-14,1147
76,1146
0,1145
77,1144
-87,1143
45,1142
12,1140
-81,1139
-10,1136
-95,1133
15,1131
92,1130
-59,1129
46,1128
-50,1126
-49,1124
25,1123
-13,1122
-53,1121
15,1119
-86,1116
17,1115
-22,1114
-25,1112
-93,1111
-31,1109
-55,1105
-21,1104
61,1103
14,1102
-23,1101
27,1100
-21,1099
85,1098
-87,1097
-31,1096
31,1095
65,1094
-33,1092
67,1091
-58,1090
-32,1089
-71,1085
-84,1084
81,1082
73,1080
44,1079
47,1078
-49,1077
-52,1076
-98,1074
7,1073
-9,1072
58,1071
64,1068
-24,1066
-69,1065
85,1063
49,1062
-20,1061
-52,1060
-42,1057
-47,1056
31,1054
63,1052
-16,1050
-93,1049
55,1048
-70,1047
57,1046
15,1045
92,1044
-60,1043
54,1042
-26,1041
-92,1040
56,1039
-33,1038
5,1037
11,1036
-89,1035
-93,1034
-54,1032
49,1031
-96,1030
-82,1029
-75,1027
-47,1026
98,1024
-81,1023
-66,1022
-5,1021
31,1019
-6,1018
-26,1017
-33,1016
-66,1015
24,1014
-45,1013
-99,1012
97,1011
20,1010
-57,1009
94,1008
-37,1006
89,1005
-50,1002
97,1001
-77,1000
-72,999
-33,998
53,997
37,996
-13,994
16,993
-22,992
-90,991
1,990
24,989
17,987
30,986
-41,985
14,984
-23,982
-48,981
-42,980
-94,979
71,978
-65,976
-29,975
-21,974
100,972
25,971
-63,970
47,969
-56,968
-64,967
-11,965
-70,963
-86,962
71,960
81,959
-80,958
58,957
-38,956
-3,955
-46,954
67,953
88,952
-90,951
67,950
-16,949
-100,946
53,941
11,939
33,937
79,936
-90,934
97,933
69,932
34,931
40,930
-64,928
70,927
-59,926
92,923
4,922
70,921
-89,920
63,918
6,917
-54,916
42,914
-100,913
21,911
-96,910
60,909
30,908
-38,905
-96,904
67,903
60,902
32,901
83,900
55,898
-76,897
-66,896
23,894
-37,892
-86,891
18,890
-53,889
14,888
43,887
-82,886
-24,884
80,883
23,879
13,878
9,877
88,876
-35,875
-41,874
-37,873
47,871
25,870
-46,869
-3,868
80,867
2,865
-89,864
-63,863
95,862
-33,861
24,860
56,858
49,857
98,856
0,853
-83,852
-90,851
-7,850
54,847
99,846
-84,845
-54,844
7,843
75,842
33,841
-85,840
-44,834
-2,833
-14,832
97,831
87,830
-65,829
-85,828
35,827
-78,826
39,824
38,823
-71,821
-89,820
-76,819
-55,818
-59,817
-64,815
-90,814
-30,813
-65,812
-71,811
-54,810
75,809
77,808
-23,806
8,805
-71,804
66,803
-47,802
-61,800
-15,799
-20,797
-94,793
-14,792
-63,791
-42,790
4,786
47,785
-100,784
1,783
52,779
-79,778
-39,777
-47,776
55,774
-5,773
100,772
94,771
-67,770
66,769
87,768
92,767
90,766
-17,765
2,764
-11,763
94,762
-93,761
73,760
18,758
3,757
60,756
-40,755
23,754
-63,752
74,750
-99,749
64,747
-38,745
-31,744
15,742
-6,741
14,740
21,739
-15,738
90,737
-58,735
-66,734
30,733
-13,732
42,731
76,730
97,729
-63,728
14,727
7,725
-36,724
17,723
60,721
77,720
84,719
-98,718
-47,717
-15,716
51,715
16,714
-88,712
-78,711
17,710
72,708
-64,707
-25,705
-29,704
-27,703
-52,702
-23,701
-35,699
45,697
94,696
-93,695
-87,693
18,692
-69,691
77,690
-18,688
-94,687
-36,686
-43,685
75,683
42,682
-7,678
28,676
-36,675
25,674
60,673
84,672
-50,669
28,668
63,667
64,666
-86,665
100,664
64,662
69,660
56,659
-56,658
52,656
-71,654
68,653
-32,652
25,651
-95,650
48,649
-99,648
-64,647
-58,645
-84,641
52,640
74,639
-67,637
-41,636
19,635
22,634
-74,633
53,632
5,630
97,629
-61,628
-18,627
-82,626
-67,623
84,622
-60,621
2,620
15,619
25,617
-55,616
86,613
74,612
-4,609
68,608
18,607
25,605
43,602
-84,601
2,600
16,599
58,597
72,596
-86,595
-60,594
-93,593
-65,592
42,591
-66,590
70,589
89,588
60,587
98,586
59,582
44,581
1,579
33,578
-66,577
25,576
1,575
-60,574
-93,572
47,571
8,570
-54,568
60,567
1,566
66,564
-50,563
56,561
70,560
-32,559
64,558
3,555
75,554
-42,553
8,552
-38,551
-18,550
-89,549
9,548
-74,546
-30,545
91,543
-35,541
98,540
11,539
22,537
38,535
7,534
37,533
50,531
-24,529
-78,528
67,525
88,524
-87,523
0,522
-59,521
-39,520
90,519
-5,518
70,517
7,515
-2,514
16,512
-54,510
-100,509
3,508
-19,506
-75,505
-33,504
40,501
84,500
94,499
-96,498
-84,496
11,495
69,494
49,492
-42,491
76,490
-26,489
5,487
34,486
-53,485
-35,483
2,480
-2,479
83,478
-48,476
-33,474
-46,471
18,470
-18,466
-97,465
44,463
52,462
-88,461
-60,460
70,457
-21,456
-46,451
45,450
65,449
62,448
-13,447
58,446
26,444
4,443
99,442
17,441
98,440
-88,437
-88,435
86,434
-81,431
-62,430
70,429
20,428
-53,427
-100,426
-97,423
44,422
84,420
-65,419
15,418
-86,417
-84,416
-23,415
-35,414
-88,413
-66,412
11,411
-35,410
-4,408
16,407
-16,406
-38,405
18,404
73,403
-90,402
-37,401
-77,400
-3,399
3,398
-39,396
46,395
50,394
-64,393
30,392
69,391
-98,390
10,389
-69,388
-69,387
79,384
-83,383
-74,381
-60,379
-92,377
-25,375
42,374
-66,373
31,371
11,370
18,369
53,367
-27,366
-76,365
66,364
52,362
-1,361
-71,360
-26,359
-20,358
6,357
-17,356
-76,355
-20,353
-12,352
-89,351
-80,350
-32,349
63,348
-31,347
53,346
32,345
14,344
92,343
-54,342
-20,340
-21,339
47,337
-37,336
-55,335
-89,332
100,331
-64,329
-16,328
-56,326
91,325
-97,323
26,322
100,321
-28,320
75,319
2,318
65,317
69,316
9,313
-31,311
-20,308
9,306
28,305
-86,304
-87,303
-59,301
-76,300
-83,298
-47,297
99,296
-31,295
56,294
32,293
83,291
-78,290
-71,289
-60,287
-67,286
88,285
54,284
-52,283
97,282
10,280
-21,279
27,277
-32,276
-73,275
-53,274
-93,273
-94,272
77,271
97,270
25,269
32,267
17,266
10,265
-99,264
81,263
48,262
-5,261
-27,260
-75,259
11,255
1,254
-50,253
-35,252
84,251
32,249
-73,248
-3,247
50,246
-30,245
81,244
79,241
1,239
98,238
77,237
59,236
-14,235
88,234
1,233
27,232
-99,230
52,229
12,226
29,225
-70,224
57,222
17,221
100,219
-27,217
20,216
-38,215
79,214
-26,213
-35,210
99,208
-54,207
-17,206
82,205
60,204
37,203
9,202
-84,201
-44,199
-72,198
-18,197
-60,195
90,193
-78,192
-43,190
-15,189
-14,188
15,186
-74,185
-73,183
-26,182
85,181
-38,180
19,178
4,177
2,176
28,175
8,174
-13,173
32,172
100,170
35,169
-69,167
13,166
-57,165
-16,164
-58,163
11,162
-90,160
-4,158
47,157
-15,156
-3,155
-84,154
-42,153
-7,151
-64,150
50,149
-35,148
28,145
-79,144
33,143
14,142
84,141
38,140
22,139
-22,138
25,137
-80,135
-90,131
20,129
59,128
60,127
-94,126
-86,125
-44,123
-80,122
-84,121
13,120
-31,119
-52,118
-52,117
-20,116
90,115
-35,114
73,113
-81,112
-58,111
32,110
-80,109
8,107
-59,106
-76,105
-78,104
62,103
34,101
3,100
27,99
89,98
43,97
21,96
93,95
55,94
-6,93
41,92
-43,91
-81,89
-19,87
-90,84
-90,83
-95,82
-24,81
-39,79
-42,78
-36,77
50,76
-72,73
46,72
-58,71
43,70
-54,69
-61,67
97,66
31,65
-88,64
53,62
86,61
77,60
47,59
-40,57
18,56
-7,55
38,53
-20,51
-34,50
30,49
-8,48
35,47
50,46
82,45
-47,44
-72,43
98,42
72,40
-87,39
79,38
-78,37
48,36
97,34
73,33
45,31
-48,29
30,28
-72,26
85,24
-98,23
34,22
52,21
56,20
62,19
-94,18
63,17
-40,16
10,15
3,14
-63,13
68,12
11,11
-58,10
89,9
56,8
-25,6
69,5
-88,3
12,2
-100,1
-29,0
