40,9999
-76,9994
12,9993
32,9992
-11,9990
72,9989
-99,9988
11,9986
-69,9985
29,9984
-86,9981
-50,9980
49,9979
-42,9977
-67,9975
85,9974
0,9972
82,9971
24,9970
12,9968
65,9967
51,9965
97,9964
55,9963
9,9962
34,9961
83,9960
-85,9959
26,9957
-91,9956
-29,9954
61,9951
-56,9950
-94,9948
-11,9946
53,9942
-3,9941
-10,9940
77,9939
75,9938
-85,9935
-76,9934
39,9932
-16,9931
73,9930
-36,9929
14,9928
-19,9927
3,9925
51,9924
-46,9923
-37,9922
32,9921
-47,9920
-32,9919
-8,9918
-46,9915
-69,9913
-28,9912
-23,9911
-13,9909
61,9908
49,9907
-20,9906
-60,9905
46,9904
65,9903
-56,9902
60,9901
-5,9899
70,9898
97,9896
-10,9895
23,9894
-80,9891
-63,9890
67,9888
-50,9887
-86,9885
81,9884
53,9883
-75,9881
-65,9880
95,9879
10,9878
15,9877
37,9875
-33,9872
-91,9871
-64,9870
-48,9868
26,9867
78,9866
37,9865
98,9864
90,9861
-45,9860
-60,9859
93,9858
-1,9857
-14,9856
69,9855
74,9854
21,9853
-59,9852
66,9850
60,9849
-4,9848
31,9847
-23,9846
88,9845
22,9844
-87,9841
-19,9838
-70,9835
0,9834
70,9833
19,9832
-10,9830
73,9828
87,9827
-3,9826
71,9825
88,9824
66,9822
-74,9821
38,9820
-36,9819
-79,9818
-60,9817
-99,9816
-3,9815
73,9813
-19,9812
41,9811
-56,9810
65,9808
-90,9807
-92,9806
39,9804
36,9801
21,9800
-48,9799
-60,9798
64,9797
-45,9796
45,9795
67,9794
35,9793
-43,9790
-84,9789
83,9788
-87,9787
33,9786
-21,9785
39,9784
-56,9780
-10,9779
4,9778
2,9777
20,9776
-49,9775
63,9773
-30,9770
-26,9768
-40,9766
-89,9762
-98,9761
51,9760
87,9759
47,9757
34,9755
51,9754
58,9752
-74,9751
-45,9750
-86,9749
-37,9748
27,9747
-38,9745
-80,9744
-33,9743
-19,9742
18,9741
70,9740
-41,9738
91,9737
14,9736
30,9735
-92,9734
56,9731
-4,9730
29,9729
-73,9727
49,9726
-62,9724
45,9723
78,9722
100,9720
33,9719
-92,9718
27,9714
56,9708
-49,9706
43,9705
-24,9704
45,9703
-35,9702
18,9701
10,9699
-38,9698
76,9696
28,9694
-27,9693
-90,9692
97,9691
9,9690
-10,9689
-76,9688
-7,9687
81,9686
-98,9685
70,9683
54,9682
-26,9680
-46,9678
61,9677
-56,9675
18,9672
24,9671
95,9670
89,9668
3,9665
-71,9664
-69,9663
-1,9661
-38,9660
49,9658
66,9657
-65,9654
36,9653
79,9651
14,9650
-25,9647
-47,9645
82,9644
-19,9643
31,9642
50,9641
-65,9640
-14,9639
62,9638
-51,9637
-91,9636
77,9635
-17,9634
95,9633
71,9629
-7,9626
-23,9625
24,9624
51,9621
-60,9619
80,9618
-61,9617
29,9616
-20,9615
20,9614
-26,9613
-72,9612
-44,9611
27,9610
-4,9609
-83,9608
-95,9607
94,9605
94,9604
-99,9603
38,9602
98,9601
-70,9600
-12,9599
-1,9598
10,9597
43,9596
17,9595
-64,9594
4,9592
75,9591
62,9590
64,9588
-1,9587
100,9586
-84,9585
-71,9582
-32,9581
74,9580
-66,9579
32,9577
-99,9576
33,9574
-36,9573
-74,9570
-76,9569
38,9568
66,9567
79,9566
-25,9565
83,9564
-78,9563
9,9562
36,9561
-50,9560
6,9559
47,9558
74,9556
82,9555
-97,9554
-12,9553
-2,9551
-42,9549
16,9547
-40,9546
-10,9545
22,9543
-78,9541
-49,9540
-70,9538
13,9537
-79,9536
-67,9535
21,9534
-26,9533
6,9532
88,9531
-90,9529
46,9528
-94,9527
-44,9526
-4,9525
15,9524
62,9523
-57,9522
16,9521
12,9520
91,9518
-17,9516
-93,9514
86,9511
-58,9510
6,9509
-21,9508
-18,9507
65,9506
98,9505
-25,9504
27,9503
100,9502
55,9501
83,9499
20,9498
-88,9497
-46,9496
10,9495
50,9494
-61,9492
-26,9489
-95,9488
-7,9487
86,9485
-50,9484
-94,9482
-66,9481
60,9477
-81,9476
45,9475
-86,9473
59,9470
-45,9468
-81,9467
-30,9466
51,9465
93,9463
-70,9462
-19,9461
20,9460
-61,9457
55,9455
64,9454
28,9453
-31,9452
30,9450
25,9449
-49,9448
-11,9447
90,9446
65,9445
32,9444
6,9443
29,9442
41,9441
18,9440
49,9439
53,9438
4,9437
-41,9436
-35,9435
50,9434
89,9433
-53,9432
53,9431
58,9430
1,9429
-17,9428
-53,9426
96,9425
66,9424
-44,9422
-47,9420
23,9418
86,9417
-12,9416
-19,9415
81,9413
-12,9412
44,9411
74,9409
-6,9408
-97,9405
-56,9404
62,9400
12,9399
-11,9398
-41,9397
95,9396
-41,9395
-11,9394
-13,9392
-43,9391
31,9390
-8,9389
75,9388
-79,9387
76,9386
-13,9385
16,9384
-61,9383
-94,9382
-7,9381
11,9380
-96,9378
-90,9377
29,9376
86,9375
24,9374
39,9373
59,9372
-22,9368
95,9366
-44,9364
-99,9361
41,9360
-10,9359
-83,9358
73,9353
28,9352
26,9351
14,9350
85,9349
-70,9346
48,9344
-88,9343
5,9341
-86,9340
-69,9338
-62,9337
86,9336
13,9335
6,9334
53,9333
75,9332
-29,9331
77,9330
67,9329
80,9327
-23,9322
-27,9321
-41,9320
18,9318
-36,9316
8,9314
37,9313
24,9312
-68,9311
54,9310
-14,9308
-13,9307
-60,9306
93,9305
43,9303
-50,9301
71,9300
76,9299
-11,9298
-53,9297
51,9296
84,9295
-45,9294
-44,9293
28,9291
-87,9290
2,9289
-77,9287
85,9286
-42,9285
-84,9284
81,9282
-41,9281
57,9279
-76,9278
92,9277
33,9274
96,9273
-49,9272
-52,9271
31,9270
-5,9269
25,9268
49,9267
59,9266
-26,9265
93,9264
29,9263
-43,9262
-80,9261
-82,9256
33,9255
49,9254
-15,9251
23,9248
-13,9247
55,9246
93,9245
3,9243
22,9242
34,9240
75,9239
-76,9238
-24,9237
-85,9233
41,9232
52,9231
-54,9229
-66,9227
-9,9223
63,9222
-81,9220
65,9218
48,9217
-32,9216
15,9214
-51,9213
-86,9211
-4,9210
5,9209
53,9208
85,9206
51,9205
-17,9203
9,9201
-17,9200
-71,9199
-91,9198
90,9197
-86,9196
-15,9194
-19,9193
-48,9192
-85,9191
-86,9189
61,9188
-75,9187
15,9186
45,9185
-82,9184
-1,9183
-2,9182
-92,9178
89,9177
-31,9176
58,9175
-83,9174
-88,9173
-24,9169
19,9167
-75,9166
-67,9165
90,9164
32,9163
-33,9160
-80,9159
-19,9158
12,9157
21,9155
-72,9154
82,9153
-97,9152
-56,9151
8,9150
-47,9149
85,9148
44,9147
93,9146
-92,9145
48,9143
-72,9142
-55,9141
97,9139
-20,9136
21,9134
-15,9133
42,9132
-35,9131
-75,9130
42,9129
96,9128
82,9127
100,9126
19,9122
66,9121
-92,9120
73,9118
92,9117
13,9116
13,9115
-97,9113
-60,9112
-93,9111
52,9109
68,9108
90,9107
-92,9106
10,9105
62,9103
-51,9101
-69,9099
-68,9097
-34,9096
-7,9095
-42,9094
93,9093
22,9092
29,9087
-69,9085
-88,9084
28,9083
-35,9081
72,9080
-50,9078
-26,9077
89,9076
-15,9075
-27,9074
-51,9073
32,9072
-86,9069
16,9068
-89,9067
33,9066
74,9065
33,9064
-30,9063
88,9062
-64,9061
-93,9060
35,9059
11,9057
48,9055
47,9054
44,9051
28,9050
12,9049
-60,9048
-44,9047
-3,9046
92,9044
11,9043
-81,9042
68,9039
46,9037
41,9036
16,9035
-20,9033
69,9032
-56,9031
63,9030
24,9029
-23,9028
-49,9026
99,9025
2,9023
29,9022
14,9019
-63,9018
-49,9017
61,9016
76,9015
-51,9014
-84,9012
92,9011
-66,9009
82,9008
5,9005
-100,9004
-20,9000
-3,8998
27,8997
-7,8996
30,8995
-73,8994
65,8993
-19,8992
80,8989
-51,8988
-49,8987
16,8986
5,8985
-12,8983
-25,8980
-15,8979
99,8977
82,8976
39,8975
86,8974
-58,8973
88,8972
91,8970
89,8967
-42,8966
-32,8965
54,8964
40,8963
-50,8961
-90,8959
-88,8958
-56,8957
20,8956
57,8953
-92,8951
94,8950
-77,8949
25,8947
-58,8946
59,8945
2,8944
2,8942
21,8941
25,8940
-40,8939
4,8938
-4,8937
72,8936
2,8935
-57,8933
78,8932
-86,8931
-44,8930
-90,8928
-35,8927
92,8926
37,8925
-70,8924
54,8923
-60,8921
54,8920
16,8919
94,8918
-1,8917
-49,8916
-89,8915
65,8914
55,8913
25,8912
-42,8911
-84,8910
9,8908
53,8906
-29,8905
59,8904
70,8902
-81,8901
-72,8900
85,8899
-42,8898
-22,8897
-62,8896
-38,8894
-42,8893
37,8892
-28,8890
42,8889
-58,8888
-3,8887
-58,8886
-33,8885
18,8884
-11,8883
39,8882
78,8880
-28,8879
-17,8878
40,8877
-38,8876
-12,8875
-62,8874
-18,8873
-14,8872
-50,8870
19,8868
87,8866
-73,8865
12,8864
75,8863
77,8862
-56,8861
-28,8860
37,8859
18,8855
-90,8854
-72,8853
49,8852
-93,8851
38,8850
88,8849
45,8848
31,8847
-29,8846
-33,8843
35,8842
-44,8841
-90,8840
-37,8839
74,8837
-34,8836
52,8834
22,8833
-23,8832
-12,8831
-19,8830
68,8828
29,8826
83,8824
43,8823
-96,8822
69,8821
56,8820
-26,8817
-53,8815
-43,8814
-20,8813
17,8812
74,8811
-14,8810
11,8808
-35,8807
98,8806
-19,8803
5,8801
-10,8800
-49,8799
-79,8798
-50,8797
16,8795
-61,8793
95,8792
72,8791
59,8790
85,8789
-58,8788
-90,8787
-41,8786
-71,8785
-85,8784
-11,8783
-60,8779
-92,8778
42,8777
-24,8775
61,8774
36,8772
13,8770
-73,8769
76,8768
-81,8767
75,8766
97,8765
9,8764
80,8763
-64,8762
-14,8761
91,8760
27,8759
58,8757
-27,8756
49,8755
94,8754
45,8751
-47,8749
16,8748
83,8747
37,8746
92,8745
-68,8743
4,8742
-66,8740
-88,8739
41,8738
-75,8737
-84,8736
68,8735
-47,8734
83,8730
58,8729
60,8728
-1,8727
96,8726
-50,8725
-50,8724
-13,8722
13,8721
-64,8719
51,8718
-26,8717
32,8716
-39,8715
88,8714
-35,8713
37,8712
-22,8709
-59,8707
-85,8706
36,8704
85,8703
60,8702
19,8700
50,8699
-61,8698
94,8696
-47,8694
28,8692
-62,8690
41,8689
-98,8688
39,8687
-23,8686
61,8685
-11,8684
45,8683
12,8682
-47,8681
-72,8680
-96,8678
-10,8677
-67,8674
93,8673
-8,8672
-20,8671
61,8670
63,8669
27,8668
45,8667
-54,8665
100,8662
24,8661
-14,8659
-70,8658
-80,8656
-32,8655
-94,8654
-33,8652
-92,8650
-43,8647
-69,8646
29,8645
46,8644
13,8643
-26,8642
89,8641
2,8640
46,8639
-30,8638
90,8632
87,8630
-75,8629
71,8628
85,8626
-52,8625
-77,8623
39,8622
-17,8621
68,8620
8,8614
24,8612
-70,8611
34,8610
84,8609
28,8608
-21,8607
-50,8605
70,8604
83,8602
25,8601
86,8600
-59,8598
-10,8597
-43,8596
98,8595
-1,8593
94,8592
-5,8591
-100,8590
-95,8589
41,8588
-25,8587
49,8586
-82,8585
96,8584
-28,8583
-14,8581
31,8580
-63,8579
25,8577
11,8575
70,8574
-16,8573
31,8572
75,8570
-13,8569
-66,8568
92,8567
82,8565
28,8564
-16,8562
-50,8561
-80,8560
94,8558
-21,8557
-9,8556
-43,8555
1,8554
-86,8553
-94,8552
-1,8551
-15,8550
-69,8547
-1,8545
39,8544
-80,8543
40,8542
24,8541
-79,8539
-84,8538
-52,8536
54,8535
12,8534
-98,8532
57,8529
-85,8527
-86,8526
11,8525
6,8524
-80,8523
9,8521
-97,8520
-87,8519
-44,8518
66,8517
-93,8516
-92,8515
-73,8514
-32,8512
91,8511
83,8510
47,8509
-4,8507
-86,8506
-73,8505
-57,8503
34,8502
-5,8501
-34,8500
-27,8499
34,8498
-5,8497
-100,8496
-25,8495
18,8494
89,8492
-51,8491
80,8490
-86,8489
71,8488
-22,8487
47,8486
68,8485
-45,8483
75,8480
-69,8479
-94,8478
81,8477
-98,8472
-1,8471
52,8470
-65,8469
92,8468
-1,8467
-51,8466
11,8465
-93,8464
0,8463
23,8462
19,8458
89,8457
-94,8456
-69,8455
-17,8454
96,8453
63,8452
-71,8451
42,8450
-59,8449
-79,8448
-75,8447
-22,8445
25,8442
-51,8441
-47,8440
52,8438
77,8436
-68,8435
-27,8433
33,8431
-23,8430
0,8429
88,8428
6,8426
93,8424
-56,8423
-51,8422
73,8421
61,8420
22,8419
43,8417
-40,8416
89,8415
-17,8414
-47,8413
-59,8412
-19,8411
-3,8410
8,8408
-27,8407
91,8406
12,8405
29,8404
-55,8403
41,8402
57,8401
-4,8400
-61,8399
71,8398
63,8395
82,8392
58,8391
-52,8387
85,8386
26,8385
88,8384
17,8383
-3,8382
45,8381
62,8380
5,8379
-89,8378
37,8377
-18,8376
43,8375
22,8374
-60,8373
19,8372
-17,8370
-25,8369
8,8368
-32,8367
81,8366
-86,8365
69,8364
15,8363
85,8360
-74,8359
98,8358
73,8357
19,8356
-29,8355
-89,8352
95,8351
42,8350
-27,8349
94,8348
6,8344
-58,8343
-51,8341
-56,8340
52,8338
23,8337
-93,8336
-55,8334
-52,8333
39,8332
-40,8331
8,8330
97,8328
86,8326
-7,8322
33,8320
-53,8319
65,8317
80,8316
93,8314
10,8313
-36,8311
-1,8310
75,8309
-47,8308
94,8307
-30,8306
2,8305
-75,8304
-37,8302
68,8301
35,8300
-54,8299
57,8298
61,8296
27,8292
-25,8291
-8,8290
-92,8289
-99,8286
19,8284
-56,8282
-32,8280
71,8278
27,8275
-26,8274
-55,8271
27,8270
80,8269
16,8268
45,8267
44,8266
45,8264
40,8262
-96,8261
-40,8260
-44,8259
-85,8258
-75,8257
64,8256
61,8255
-15,8252
76,8251
-36,8250
-78,8248
-11,8247
-10,8246
-67,8245
-1,8244
-56,8243
41,8242
63,8241
-8,8240
25,8239
0,8238
7,8235
24,8234
56,8233
48,8232
63,8231
47,8229
-12,8228
-68,8227
43,8226
-98,8225
-13,8221
-53,8220
2,8219
0,8218
34,8217
19,8216
-51,8214
-18,8213
-40,8212
56,8211
-6,8210
36,8208
-98,8207
-55,8206
75,8205
48,8204
12,8203
-88,8202
31,8201
9,8200
-99,8199
-54,8198
-65,8197
13,8196
-99,8195
-53,8194
-94,8191
-9,8189
35,8188
72,8187
-93,8185
-39,8184
13,8183
56,8182
-25,8181
73,8180
86,8176
-63,8174
70,8173
-79,8172
-99,8171
82,8170
69,8169
79,8168
4,8167
36,8165
-62,8163
49,8162
58,8161
27,8160
86,8157
-32,8155
-60,8154
36,8152
-43,8151
-93,8150
-3,8149
-41,8147
-62,8146
-82,8145
-91,8144
-67,8143
67,8142
4,8141
-21,8140
35,8138
-16,8137
-71,8135
-90,8134
82,8131
49,8130
-90,8129
-38,8127
56,8126
90,8125
-11,8121
41,8120
-28,8119
4,8117
56,8116
-48,8115
-22,8114
-81,8113
63,8111
-33,8110
-71,8109
31,8108
56,8107
-87,8106
41,8105
-72,8104
87,8103
33,8101
-84,8100
20,8099
-7,8098
-50,8097
68,8096
69,8095
80,8093
-69,8092
-85,8091
59,8090
41,8089
-42,8088
-43,8087
-80,8083
18,8082
-100,8081
-98,8080
40,8078
25,8076
-32,8075
-67,8074
-31,8072
44,8070
-62,8069
38,8068
90,8067
97,8066
-65,8065
78,8064
-95,8063
-88,8062
-10,8060
40,8058
73,8057
83,8055
30,8054
30,8053
-98,8052
-90,8051
60,8049
-92,8047
-62,8044
24,8043
49,8042
84,8040
-47,8039
-66,8037
71,8036
-98,8034
-50,8033
8,8032
1,8031
14,8030
69,8029
39,8028
82,8027
99,8026
-63,8024
-41,8023
-36,8022
51,8019
32,8017
34,8015
-96,8014
90,8013
71,8010
76,8008
-25,8005
-58,8003
-18,8000
-20,7999
32,7998
65,7997
-62,7996
4,7995
0,7994
-23,7993
66,7992
86,7991
89,7990
-31,7989
-48,7988
49,7985
-52,7982
14,7979
61,7978
79,7977
-36,7975
34,7974
-19,7973
8,7972
-28,7969
64,7968
-61,7967
24,7966
-28,7965
40,7964
-16,7963
-84,7961
-5,7960
87,7959
68,7958
49,7957
82,7956
22,7955
13,7953
35,7951
-47,7950
76,7949
36,7948
48,7947
-96,7946
42,7944
19,7943
-57,7942
-44,7941
31,7938
80,7935
-38,7934
19,7933
-59,7932
-61,7930
33,7929
19,7928
72,7927
63,7926
-57,7925
-71,7924
-91,7923
46,7922
-64,7921
-26,7918
-10,7917
56,7916
-35,7915
95,7913
75,7912
-62,7911
-72,7910
-28,7909
-65,7908
-49,7907
93,7906
-93,7904
-78,7902
86,7901
-37,7900
77,7899
45,7897
16,7896
-57,7895
-73,7894
40,7893
45,7892
91,7891
-67,7890
-44,7887
83,7886
-88,7885
-82,7883
-78,7882
56,7881
53,7879
94,7877
-35,7876
43,7875
-33,7874
94,7873
-29,7872
67,7867
-19,7865
-54,7864
40,7863
97,7862
11,7861
-27,7860
-100,7859
-37,7858
-23,7857
-31,7856
88,7852
-43,7851
-25,7850
2,7848
-46,7846
-4,7844
72,7842
-41,7841
27,7840
-61,7839
-54,7838
2,7837
63,7836
25,7835
-25,7833
15,7832
18,7831
-90,7828
-31,7827
86,7825
-68,7822
2,7820
-97,7819
-18,7818
68,7817
-41,7816
-39,7814
-32,7813
-39,7811
2,7808
86,7806
-45,7805
18,7804
99,7803
-96,7802
99,7801
-18,7800
-99,7799
-44,7798
-28,7797
-72,7796
99,7795
11,7794
100,7792
66,7790
99,7789
-50,7788
-28,7787
78,7786
70,7784
-94,7783
-89,7782
-24,7781
-6,7778
-86,7777
23,7776
-20,7775
6,7774
12,7773
-85,7772
-9,7771
5,7770
-76,7769
-16,7768
16,7767
-43,7766
32,7765
-81,7764
68,7763
67,7762
50,7761
-59,7758
-32,7757
-48,7756
29,7755
-60,7752
-70,7751
21,7750
83,7748
-65,7747
43,7746
54,7744
34,7743
4,7742
40,7741
-44,7740
34,7738
-39,7736
-60,7735
-65,7734
-1,7733
75,7731
90,7729
46,7728
51,7727
99,7726
53,7725
47,7724
-84,7722
-14,7720
94,7719
-23,7718
-73,7717
69,7716
-82,7715
66,7714
-5,7713
34,7711
-55,7709
58,7708
93,7707
69,7706
-85,7704
-97,7703
59,7702
-49,7701
23,7698
-72,7697
-70,7696
18,7695
-93,7694
78,7693
47,7692
-25,7691
98,7688
-31,7686
4,7685
-78,7683
63,7682
51,7680
77,7678
76,7677
-50,7676
-10,7675
-67,7674
60,7672
-58,7669
-46,7668
18,7667
54,7666
52,7665
-77,7664
-57,7662
18,7661
-71,7660
60,7659
65,7656
0,7655
-1,7654
-8,7653
80,7652
-62,7651
66,7650
47,7649
-60,7648
15,7647
-81,7645
18,7644
28,7643
-11,7642
-2,7641
-38,7640
77,7639
-5,7638
95,7634
-31,7633
55,7630
86,7629
-94,7628
37,7627
-55,7626
73,7625
71,7624
1,7623
16,7622
90,7620
-58,7619
14,7618
81,7617
0,7616
51,7615
-81,7613
55,7609
41,7608
63,7607
29,7606
-89,7605
-4,7604
-25,7603
-99,7602
-88,7601
-75,7600
16,7599
30,7598
-70,7597
-12,7596
21,7595
25,7594
83,7592
90,7591
-26,7590
57,7589
10,7588
58,7586
-48,7585
-35,7584
58,7582
38,7581
22,7580
-98,7578
-71,7577
22,7575
-85,7574
-22,7573
-14,7572
-95,7571
-14,7570
45,7569
-64,7568
-89,7567
-8,7565
-44,7564
-44,7563
-12,7562
44,7561
-14,7559
-46,7558
-90,7557
46,7556
-15,7555
72,7552
-51,7551
96,7550
-13,7549
8,7548
-79,7547
68,7545
90,7543
-19,7540
3,7539
-74,7538
-84,7537
-81,7536
54,7532
59,7531
-57,7530
-54,7529
79,7527
-95,7526
-88,7525
-68,7524
29,7521
-7,7519
-79,7518
17,7517
-29,7516
32,7515
54,7514
-88,7513
-82,7512
-65,7510
61,7508
76,7507
-96,7506
15,7505
95,7504
-68,7503
-2,7502
44,7501
94,7500
-35,7499
92,7497
-81,7494
-29,7493
-27,7492
7,7491
14,7490
-41,7488
-24,7487
-36,7486
32,7485
10,7482
74,7481
-62,7479
68,7477
31,7476
-81,7475
-97,7474
-93,7473
-61,7471
-33,7470
-91,7469
7,7468
-37,7467
16,7465
40,7464
4,7463
98,7461
-46,7460
96,7459
68,7458
-44,7457
-9,7456
-54,7455
80,7454
-74,7452
21,7451
27,7447
-22,7444
-77,7443
21,7441
-79,7440
-21,7439
-77,7438
11,7437
-51,7435
50,7434
-82,7433
-76,7432
-37,7431
-86,7430
45,7429
-17,7428
-39,7426
-71,7425
-91,7424
-94,7423
-45,7422
-86,7421
-14,7420
-82,7419
-82,7416
60,7415
-54,7414
-27,7412
60,7410
-4,7409
4,7408
-19,7407
-6,7406
-42,7405
-29,7404
-24,7403
23,7402
85,7401
-19,7400
-75,7399
-85,7398
-35,7397
87,7396
-81,7394
-19,7393
68,7392
23,7391
79,7390
-14,7389
90,7388
8,7387
-67,7386
90,7385
-15,7384
73,7383
15,7382
17,7381
-14,7377
16,7376
-60,7375
-56,7374
-42,7373
-12,7372
6,7370
-84,7369
38,7367
46,7365
3,7364
-49,7363
100,7362
6,7361
-100,7359
36,7358
78,7357
-31,7356
-55,7355
3,7354
-3,7351
73,7350
-57,7349
28,7348
-95,7347
28,7346
73,7345
-23,7344
-2,7340
15,7337
-35,7336
61,7335
92,7334
98,7333
57,7332
68,7331
89,7330
71,7329
26,7327
-50,7326
48,7323
70,7322
81,7321
41,7320
-23,7319
-44,7318
83,7317
-40,7316
84,7315
-3,7314
-39,7313
94,7312
-20,7311
32,7310
34,7309
68,7308
26,7307
78,7306
-91,7301
37,7300
-40,7299
-26,7297
-65,7296
-95,7295
-87,7294
-16,7293
70,7292
8,7291
-56,7290
-64,7288
13,7287
14,7286
-47,7285
-84,7283
-17,7281
40,7280
-100,7279
88,7278
46,7274
4,7273
20,7269
-58,7268
-37,7267
98,7266
38,7264
10,7263
-55,7262
72,7261
-75,7260
83,7259
-67,7258
51,7255
-63,7254
12,7253
1,7252
-16,7251
68,7250
27,7249
-16,7248
25,7247
-96,7246
-47,7245
71,7244
-23,7243
9,7241
52,7239
-24,7237
43,7236
-57,7235
-33,7234
-75,7233
6,7232
27,7231
76,7230
70,7229
-50,7228
-91,7226
84,7225
30,7224
-17,7223
36,7220
18,7219
-51,7215
-71,7213
-53,7212
-36,7211
98,7209
88,7208
-77,7206
-15,7205
-35,7203
59,7202
-2,7201
23,7200
96,7199
27,7195
27,7194
-4,7193
-64,7192
74,7191
74,7190
-19,7189
80,7186
67,7185
-33,7183
62,7180
-4,7179
54,7178
-22,7177
-14,7176
-21,7175
-83,7174
-67,7173
-81,7172
-38,7170
-90,7167
32,7166
74,7164
-87,7162
70,7161
-64,7157
88,7154
95,7153
10,7150
14,7149
21,7148
89,7147
-83,7146
20,7145
-33,7142
-47,7141
-53,7138
1,7137
30,7136
-30,7135
-22,7134
-85,7133
64,7132
-12,7131
-31,7128
21,7126
60,7124
36,7123
27,7122
81,7121
83,7120
-9,7119
-5,7118
87,7117
-59,7115
51,7113
77,7111
18,7110
-73,7109
87,7108
-80,7107
-22,7106
7,7105
17,7103
-66,7102
-99,7100
-15,7097
51,7096
87,7094
79,7093
-19,7092
41,7091
-56,7090
83,7089
22,7087
48,7086
36,7085
-45,7083
-77,7082
-19,7080
-25,7079
-58,7078
48,7077
-84,7076
34,7075
33,7072
41,7071
20,7070
-35,7068
19,7067
-81,7066
79,7065
-73,7062
-39,7061
-98,7060
36,7059
63,7058
91,7057
-72,7056
57,7055
-45,7053
-67,7052
-32,7051
61,7050
-26,7049
37,7048
20,7047
54,7046
13,7045
92,7044
42,7043
-10,7041
-53,7039
-97,7038
-4,7037
-63,7036
25,7035
-4,7034
66,7032
44,7030
-9,7028
-53,7027
-78,7026
25,7025
86,7024
96,7023
17,7022
-45,7021
-55,7020
-50,7018
59,7017
-15,7014
-39,7013
-21,7012
53,7011
-46,7008
-48,7007
-54,7006
14,7002
-37,7001
38,7000
94,6999
0,6998
-13,6996
39,6995
-5,6994
28,6993
23,6991
31,6989
-30,6988
-77,6987
31,6986
11,6985
-50,6984
-50,6983
27,6982
-46,6981
51,6980
-62,6979
-81,6978
23,6977
14,6975
65,6974
-74,6973
-79,6972
25,6971
16,6970
16,6969
-7,6968
-91,6966
-20,6965
-75,6964
45,6962
-52,6961
65,6958
91,6957
-39,6956
19,6955
-2,6954
-90,6953
-34,6952
-94,6951
-82,6950
-50,6948
-35,6947
-39,6946
-38,6945
-36,6943
13,6942
-4,6941
6,6940
-92,6939
41,6938
48,6937
92,6936
30,6935
10,6934
-71,6933
78,6932
85,6930
75,6928
4,6927
-26,6926
13,6925
6,6924
-34,6923
-90,6922
95,6920
-60,6919
-53,6918
-82,6917
-40,6916
-58,6915
-19,6914
98,6912
43,6911
13,6910
78,6909
-49,6908
-96,6907
20,6906
-27,6905
-10,6904
57,6903
-56,6902
34,6899
7,6898
43,6896
-69,6895
77,6894
4,6893
-9,6892
84,6888
1,6886
-77,6883
-72,6881
99,6878
-60,6877
-82,6876
-9,6875
97,6874
-35,6873
9,6871
40,6870
-100,6869
1,6868
19,6867
47,6866
14,6865
81,6864
-51,6863
-78,6861
75,6859
4,6858
-40,6857
4,6856
58,6855
0,6854
46,6853
-34,6852
45,6851
23,6850
-31,6849
51,6846
8,6845
-100,6843
32,6842
52,6841
70,6839
-79,6838
75,6836
-74,6833
88,6831
82,6830
72,6828
62,6827
61,6825
92,6824
58,6822
-51,6821
-66,6820
-95,6819
-25,6817
-5,6816
68,6815
-28,6814
23,6813
-98,6811
25,6810
94,6809
-19,6808
-15,6807
-52,6805
36,6803
-13,6802
21,6801
83,6800
100,6799
-24,6798
20,6797
-89,6795
-10,6794
-48,6792
-36,6791
-45,6790
92,6788
95,6787
-58,6786
-71,6785
-89,6783
45,6782
-15,6776
-72,6775
38,6773
36,6772
93,6771
-98,6769
77,6767
-39,6766
87,6765
91,6764
74,6763
-37,6762
72,6761
29,6760
-21,6759
-29,6757
63,6754
52,6753
-20,6752
22,6751
-76,6749
-77,6747
24,6746
75,6744
44,6740
22,6739
-50,6737
-5,6735
78,6734
19,6733
30,6732
-79,6731
56,6730
54,6729
-92,6728
11,6726
-41,6725
-57,6722
-73,6719
50,6718
-16,6717
-86,6716
-77,6715
14,6714
-85,6713
36,6712
30,6711
-66,6710
87,6709
-76,6706
6,6705
29,6704
-62,6703
-10,6702
-20,6701
73,6700
48,6698
-42,6696
17,6695
-62,6693
98,6691
2,6690
-2,6689
30,6688
31,6686
72,6685
96,6683
1,6682
-16,6681
-67,6680
8,6678
-62,6677
17,6675
26,6673
32,6672
-95,6670
-35,6669
56,6668
98,6667
98,6666
-43,6665
32,6664
-68,6663
-15,6660
-31,6659
67,6658
54,6657
-61,6655
-15,6654
25,6653
69,6650
12,6649
59,6646
70,6643
-2,6642
-4,6641
33,6640
71,6639
-7,6638
-50,6637
56,6635
-13,6633
50,6632
-13,6631
-57,6630
18,6628
5,6627
-74,6626
3,6625
90,6624
33,6623
-34,6622
22,6621
63,6620
-69,6619
16,6616
41,6614
24,6613
-84,6612
81,6610
7,6609
-47,6608
-88,6607
100,6606
71,6603
-60,6602
-55,6601
-81,6600
-56,6598
-97,6597
11,6596
-54,6594
-50,6593
-30,6592
26,6589
52,6588
18,6587
-21,6586
92,6585
95,6583
50,6582
72,6581
55,6580
50,6579
-68,6577
-55,6575
88,6574
94,6573
-72,6571
52,6570
-85,6567
39,6566
82,6563
78,6561
-15,6560
60,6558
-92,6557
-43,6556
-40,6555
16,6554
40,6551
89,6550
84,6549
40,6548
86,6547
-84,6546
-44,6545
-16,6544
96,6543
76,6542
-32,6541
13,6540
-5,6539
25,6538
89,6537
100,6535
-49,6534
-80,6533
-23,6531
69,6528
82,6527
59,6526
-45,6525
50,6524
-6,6523
-90,6520
40,6516
10,6515
22,6514
96,6513
81,6510
-97,6509
-40,6508
-85,6506
50,6505
77,6502
-23,6501
-6,6500
37,6499
-84,6498
-1,6497
-6,6496
56,6493
-43,6492
-41,6491
79,6490
82,6489
68,6488
100,6487
-7,6486
46,6485
18,6484
-22,6483
84,6482
88,6480
-17,6479
18,6478
50,6477
22,6474
-29,6473
-13,6470
-78,6469
55,6467
-19,6466
-67,6465
13,6462
50,6461
64,6460
-12,6459
-38,6458
3,6457
83,6456
-97,6454
-70,6452
7,6451
15,6450
98,6449
29,6448
100,6445
-36,6444
74,6442
-39,6441
-39,6440
58,6438
80,6437
-2,6436
-94,6435
15,6434
-77,6433
10,6432
-26,6431
64,6430
56,6429
-6,6428
-48,6427
95,6425
-70,6424
11,6423
96,6422
74,6420
76,6419
73,6418
-37,6416
95,6415
-30,6414
54,6413
77,6412
-13,6410
-3,6408
-41,6407
-7,6405
9,6404
2,6403
41,6401
100,6400
-48,6399
-57,6398
82,6397
31,6396
-72,6395
-84,6394
-44,6393
72,6392
-93,6391
12,6390
-28,6389
31,6388
57,6387
-99,6386
73,6385
53,6384
16,6383
64,6381
-49,6377
67,6376
63,6370
49,6369
67,6368
-86,6367
-54,6366
-78,6365
-85,6364
94,6363
-13,6362
-54,6361
-49,6360
25,6359
-72,6358
-51,6356
65,6355
94,6354
63,6353
-68,6352
2,6350
-34,6349
-22,6347
79,6346
2,6344
35,6342
-57,6340
-36,6339
-64,6337
18,6336
27,6335
42,6333
-19,6332
-59,6331
-78,6330
52,6329
37,6327
0,6325
16,6324
65,6320
-38,6318
9,6317
86,6316
31,6315
-87,6310
50,6309
29,6308
-89,6307
-88,6306
-89,6305
-37,6303
-51,6302
-52,6301
-78,6299
72,6298
-62,6297
-11,6296
83,6295
63,6294
-17,6293
25,6292
51,6290
-80,6289
-34,6288
-72,6286
17,6285
19,6284
-100,6281
-41,6280
17,6279
-76,6278
-20,6277
-32,6276
77,6275
55,6274
14,6273
84,6272
-99,6271
-82,6269
60,6268
-40,6266
56,6264
80,6263
17,6262
-88,6260
96,6259
-67,6257
-14,6256
2,6255
-69,6254
-87,6253
-41,6251
81,6250
66,6249
-66,6248
37,6246
59,6245
91,6244
-42,6243
-40,6242
-81,6241
-64,6240
75,6239
45,6238
-73,6236
-32,6233
-46,6232
29,6231
70,6230
41,6229
-51,6228
65,6227
50,6226
-49,6225
-18,6223
42,6222
-33,6221
90,6218
70,6217
-29,6215
-94,6213
38,6212
-44,6210
-60,6209
80,6208
-60,6207
-17,6206
19,6205
-8,6204
-99,6201
10,6198
-26,6197
-69,6196
-44,6195
55,6193
-98,6192
92,6191
63,6190
-68,6188
30,6187
29,6185
74,6184
9,6183
84,6182
21,6181
35,6177
21,6176
-73,6175
-14,6173
-58,6170
27,6169
-64,6168
-14,6167
89,6166
93,6165
7,6164
48,6163
-87,6162
-46,6161
60,6160
-29,6159
-66,6158
-37,6157
-9,6156
73,6154
-96,6153
-64,6152
-69,6151
-8,6150
-4,6149
53,6148
-2,6146
-57,6145
-9,6143
-92,6141
-94,6140
-98,6139
47,6138
-75,6137
72,6136
-32,6135
89,6134
80,6133
-26,6132
-54,6131
45,6129
80,6128
1,6127
51,6124
45,6123
-13,6122
-28,6120
54,6119
100,6118
-37,6117
-93,6115
63,6114
-76,6113
-45,6112
-16,6111
64,6110
-90,6109
24,6108
-9,6106
-25,6105
-30,6104
23,6103
84,6102
-38,6101
24,6100
54,6099
74,6098
75,6097
91,6096
20,6095
28,6094
-93,6093
-77,6092
72,6091
-49,6090
-70,6088
15,6087
-4,6085
49,6083
56,6082
81,6081
5,6080
-54,6079
-85,6078
30,6077
20,6076
-64,6075
-99,6074
-24,6072
-88,6071
-87,6069
-65,6068
-13,6067
10,6066
96,6065
-3,6064
-96,6063
-79,6062
100,6061
54,6060
70,6059
23,6057
81,6055
-62,6054
37,6052
-19,6051
-12,6049
-52,6048
79,6047
-90,6045
-27,6044
-85,6042
-12,6040
-84,6037
-67,6036
-18,6035
-70,6032
-42,6031
37,6030
84,6029
-84,6027
-75,6025
-88,6024
88,6023
6,6022
-28,6021
86,6020
20,6019
13,6018
2,6016
-26,6015
87,6014
-71,6013
-37,6012
17,6011
53,6010
-84,6009
-58,6008
85,6007
32,6005
-33,6004
-13,6002
46,5999
17,5997
68,5995
6,5993
45,5992
8,5991
16,5989
-8,5988
37,5987
-72,5984
-60,5983
-58,5982
-10,5981
27,5980
-52,5979
19,5977
-42,5976
23,5975
84,5974
-55,5972
48,5971
20,5968
50,5967
-31,5965
22,5964
-89,5963
77,5960
-7,5959
91,5958
-58,5957
-14,5956
-66,5953
-46,5952
68,5951
20,5950
21,5949
-91,5947
67,5946
57,5945
6,5943
-48,5941
-9,5940
-4,5939
-15,5937
52,5936
-18,5935
67,5934
63,5932
-100,5931
-42,5930
-81,5929
61,5928
-90,5924
-83,5923
-33,5922
-96,5921
100,5920
88,5918
50,5917
-42,5916
-84,5915
12,5914
-95,5911
97,5910
-5,5909
17,5908
5,5907
-61,5906
58,5905
80,5903
92,5902
20,5901
-59,5900
-78,5899
46,5898
-82,5895
-17,5894
95,5893
20,5892
-97,5891
89,5888
-1,5887
-57,5886
99,5885
-67,5884
55,5883
31,5882
91,5881
-35,5880
53,5879
-11,5878
11,5877
-14,5875
-38,5874
-100,5873
50,5872
-68,5870
24,5869
60,5868
63,5867
-64,5866
7,5864
84,5862
-83,5861
-40,5860
77,5859
25,5858
-56,5856
64,5854
-91,5853
8,5851
49,5850
10,5849
17,5848
-32,5847
64,5844
-78,5842
-20,5841
73,5840
-79,5839
73,5838
-52,5837
80,5836
19,5835
36,5831
-74,5829
77,5826
-12,5824
17,5823
19,5822
-4,5820
22,5819
-61,5818
-87,5817
15,5816
70,5815
38,5813
99,5812
11,5811
-8,5810
82,5809
-10,5807
-28,5806
-69,5804
-31,5803
73,5802
-32,5801
-91,5799
-94,5798
-43,5797
31,5796
75,5795
46,5794
31,5792
43,5791
-23,5789
-62,5788
-30,5787
-8,5786
30,5785
-70,5784
1,5779
84,5778
58,5776
-36,5775
78,5774
46,5773
59,5772
56,5771
-7,5770
82,5769
-49,5767
-53,5766
-22,5765
-72,5764
41,5763
65,5762
56,5761
-92,5760
-8,5759
-30,5756
81,5755
21,5753
40,5752
84,5751
48,5750
80,5749
-91,5748
13,5746
67,5744
-64,5743
-7,5742
27,5741
30,5740
85,5739
67,5738
88,5737
62,5736
95,5734
-56,5732
13,5731
62,5726
56,5725
14,5724
13,5723
-93,5722
69,5721
39,5720
18,5719
50,5718
52,5717
-47,5716
-32,5714
-52,5713
31,5712
40,5711
53,5710
-14,5708
86,5707
-44,5704
-77,5703
-29,5702
-54,5699
-37,5698
-71,5697
-50,5696
26,5695
55,5694
98,5691
-28,5690
54,5689
82,5688
11,5687
-18,5685
28,5683
84,5682
-60,5679
-20,5678
-22,5677
65,5676
-98,5675
62,5674
56,5673
1,5672
-72,5671
-57,5670
56,5669
14,5668
-79,5667
48,5666
-6,5665
-93,5664
12,5663
-29,5662
-70,5661
94,5660
-62,5659
-3,5658
93,5657
71,5656
95,5655
20,5654
93,5653
43,5652
8,5651
-40,5649
49,5648
-48,5647
68,5646
58,5645
-75,5644
-68,5643
93,5639
-23,5635
-76,5633
32,5632
-41,5631
99,5630
-82,5629
47,5628
6,5626
-29,5625
-36,5623
46,5622
-86,5621
-75,5620
-39,5619
-69,5618
-16,5617
-23,5613
-95,5611
87,5609
-81,5607
68,5606
13,5605
-19,5604
-89,5603
-43,5602
-14,5601
61,5600
49,5599
79,5598
-62,5597
13,5596
32,5595
94,5594
60,5593
-3,5590
-29,5589
-98,5588
-32,5585
56,5584
-19,5583
-14,5582
-15,5581
-51,5580
75,5579
-12,5577
-86,5576
93,5575
40,5574
64,5570
63,5569
90,5566
56,5565
-32,5564
57,5562
-86,5561
30,5560
-49,5559
61,5558
-37,5557
90,5556
7,5555
3,5554
-88,5553
100,5551
-43,5550
-78,5549
50,5548
-71,5546
-55,5544
85,5542
41,5540
60,5539
96,5538
-71,5537
71,5536
56,5533
14,5531
11,5530
35,5529
40,5528
-72,5527
-81,5526
0,5525
-22,5524
-41,5522
16,5521
54,5518
-45,5517
81,5516
-28,5514
-91,5513
38,5512
98,5510
100,5508
5,5505
-83,5503
31,5502
-11,5500
26,5499
-52,5498
-27,5497
-22,5495
-44,5493
-54,5492
94,5491
91,5489
99,5488
41,5487
-46,5486
78,5485
-66,5484
-43,5482
82,5481
66,5480
98,5478
-25,5477
47,5475
-47,5474
76,5472
46,5471
-87,5470
-57,5469
-18,5468
42,5467
-18,5463
-98,5460
-4,5459
-91,5458
3,5457
-1,5456
3,5455
-42,5453
29,5451
-9,5450
56,5449
-58,5448
-20,5447
-69,5445
47,5444
74,5443
1,5442
-65,5441
-78,5438
-35,5437
-54,5436
48,5435
-48,5434
89,5433
89,5431
-87,5430
-54,5428
11,5427
-86,5426
1,5425
18,5424
99,5423
-53,5422
-58,5421
-70,5420
11,5418
71,5416
42,5415
-51,5414
94,5413
77,5412
-81,5411
-57,5410
-64,5409
-49,5407
24,5405
55,5402
1,5401
-11,5400
-32,5399
-15,5398
38,5397
-94,5396
-74,5395
76,5394
-9,5393
-98,5392
85,5391
25,5390
-91,5389
-21,5386
-91,5385
92,5384
27,5383
8,5382
-82,5381
-9,5380
45,5379
92,5378
33,5376
-38,5375
14,5374
-22,5373
96,5371
52,5369
-55,5368
21,5367
50,5366
52,5365
-43,5364
63,5363
85,5361
54,5360
-73,5359
69,5358
94,5357
-19,5356
-66,5355
44,5353
-79,5351
93,5350
56,5349
44,5348
16,5347
61,5344
-68,5342
20,5341
-81,5340
-20,5339
33,5338
-30,5337
96,5335
-58,5334
-10,5333
-4,5332
-92,5331
-86,5329
-18,5328
66,5326
-46,5325
-41,5323
92,5322
7,5318
-84,5317
-17,5316
81,5315
62,5314
77,5312
58,5311
-35,5310
-74,5309
-6,5304
-97,5302
53,5300
-81,5299
76,5298
12,5297
-72,5296
-12,5294
6,5293
54,5292
-7,5291
-52,5290
90,5288
-41,5287
-67,5286
-26,5285
54,5283
-51,5282
-50,5281
77,5279
-86,5278
37,5276
-83,5275
-75,5273
-58,5272
-46,5270
-52,5269
-84,5267
-31,5265
13,5264
-37,5262
74,5260
85,5259
30,5258
-35,5257
-72,5256
-10,5255
-63,5253
-41,5251
22,5250
-57,5244
7,5243
-33,5240
56,5239
82,5238
91,5237
-6,5235
98,5234
-8,5233
25,5232
-42,5231
-36,5230
-14,5229
-53,5227
-16,5226
-14,5224
37,5222
74,5221
40,5219
-93,5218
99,5217
39,5216
98,5215
-89,5214
-89,5213
-75,5212
-46,5211
-59,5210
33,5209
-70,5208
-87,5205
-45,5204
-75,5203
-76,5202
23,5201
-26,5200
28,5199
-9,5198
-31,5197
-20,5196
-30,5193
70,5192
59,5191
-82,5189
16,5188
-23,5187
88,5185
4,5183
82,5181
-13,5180
60,5179
17,5178
20,5177
84,5175
-72,5174
98,5173
10,5172
-92,5171
48,5170
61,5169
50,5167
53,5166
-4,5164
33,5163
-23,5161
-53,5160
52,5157
60,5156
53,5155
77,5154
39,5152
-85,5149
82,5148
-53,5146
-94,5145
74,5144
-8,5143
-68,5142
12,5141
-42,5140
69,5139
-55,5138
9,5137
98,5134
-27,5132
-67,5130
-32,5128
-5,5126
-9,5125
95,5124
-81,5123
-44,5122
-90,5121
-59,5120
37,5119
100,5118
28,5117
44,5116
99,5115
17,5114
-23,5113
-48,5112
-70,5110
-93,5108
75,5106
70,5105
-77,5104
-42,5103
-94,5100
38,5098
-63,5097
-6,5095
-99,5094
-63,5092
36,5091
-43,5090
99,5089
-11,5086
86,5085
-7,5084
87,5083
-69,5082
16,5081
-86,5079
51,5078
-16,5077
-24,5076
-2,5075
-43,5074
-70,5073
60,5072
60,5071
-99,5070
3,5069
-59,5067
-78,5066
-79,5065
0,5064
24,5063
-78,5062
68,5059
9,5058
68,5055
60,5054
-8,5052
-68,5051
-86,5050
-20,5049
49,5048
-2,5047
-20,5046
-21,5045
-51,5044
12,5043
10,5042
-63,5041
39,5040
-68,5039
16,5036
55,5035
60,5032
76,5030
-2,5029
94,5026
-27,5024
-77,5023
8,5022
-9,5021
-96,5020
-10,5019
-41,5017
0,5015
-53,5014
62,5013
-62,5012
-22,5011
-68,5010
-78,5009
73,5007
67,5006
65,5005
-2,5004
99,5003
85,5002
-66,5000
-57,4999
92,4997
-30,4996
-75,4995
35,4994
-62,4992
5,4991
76,4990
76,4989
63,4987
15,4984
63,4983
-82,4982
47,4979
12,4978
-43,4977
-71,4976
-77,4973
95,4972
54,4971
-85,4970
74,4969
-73,4966
-65,4964
43,4963
22,4962
63,4960
-9,4959
82,4958
-40,4956
-41,4955
31,4954
-34,4953
-48,4951
16,4948
-91,4947
67,4946
75,4945
-6,4944
80,4943
-28,4941
64,4940
14,4939
-98,4938
94,4936
-19,4934
-89,4933
48,4932
54,4931
-58,4928
-31,4927
-35,4926
-32,4924
55,4922
1,4921
-17,4920
-81,4919
92,4915
56,4914
79,4912
-14,4911
-62,4907
99,4906
-83,4905
36,4904
-24,4903
57,4902
36,4901
32,4900
-64,4899
59,4895
-31,4893
-93,4892
61,4891
-9,4890
-54,4889
-77,4887
-60,4886
62,4883
76,4882
-3,4881
28,4880
-87,4878
33,4877
-92,4875
53,4874
-51,4872
-37,4871
70,4869
92,4867
98,4865
-84,4864
81,4863
11,4861
-60,4860
-21,4859
46,4858
-6,4857
65,4856
71,4855
94,4854
97,4853
43,4852
-57,4846
-72,4845
55,4844
-87,4843
1,4842
-24,4840
7,4839
-15,4838
-48,4837
-87,4835
-9,4834
16,4833
-1,4831
-68,4829
46,4827
15,4826
93,4824
-91,4823
-56,4822
60,4820
-28,4817
87,4816
-32,4815
-83,4814
-42,4811
9,4810
-34,4809
-63,4808
-86,4807
-65,4806
65,4804
1,4803
-7,4802
-3,4801
-36,4799
-1,4798
96,4797
-27,4795
63,4794
-39,4793
-82,4792
63,4791
90,4790
37,4788
-59,4787
80,4786
45,4785
-46,4784
41,4782
-21,4780
35,4779
-71,4778
-94,4777
-56,4775
96,4773
-34,4772
87,4771
57,4770
-79,4769
92,4766
-50,4765
-35,4764
20,4762
5,4759
61,4757
-99,4756
8,4755
-16,4754
19,4753
-97,4751
61,4750
49,4749
-39,4747
-48,4745
11,4744
17,4743
-69,4742
-43,4741
15,4740
76,4737
76,4736
79,4734
-35,4733
90,4732
-62,4731
18,4730
-100,4729
-21,4728
98,4725
77,4722
-94,4721
-13,4720
49,4719
-61,4716
-31,4715
-40,4713
63,4712
8,4711
-86,4707
-19,4706
-98,4705
65,4704
-19,4703
65,4702
-79,4701
-100,4700
32,4698
-53,4696
53,4695
64,4693
-41,4692
40,4691
11,4688
57,4686
-83,4684
97,4683
-36,4682
51,4681
79,4679
-77,4678
27,4677
65,4675
-95,4674
95,4672
98,4671
30,4670
67,4669
17,4668
-72,4666
78,4665
-69,4664
-74,4662
-86,4661
-45,4660
-44,4659
8,4658
77,4657
-84,4656
-65,4655
-31,4653
-1,4652
47,4651
23,4649
64,4648
28,4643
-25,4642
-33,4641
17,4639
11,4637
-69,4632
44,4629
70,4628
-93,4627
-25,4626
-58,4625
-10,4622
51,4621
-11,4620
91,4618
-44,4616
100,4614
-14,4613
-75,4612
-20,4611
88,4610
-9,4609
-61,4608
-6,4607
100,4606
-39,4605
46,4604
-39,4603
-57,4602
61,4601
92,4600
-92,4599
-32,4598
-2,4596
73,4594
-19,4593
31,4588
-37,4587
81,4586
2,4585
-22,4584
-82,4583
80,4580
-11,4579
-26,4577
45,4576
-51,4574
86,4573
80,4572
-71,4571
-78,4570
-96,4568
15,4567
-76,4565
28,4564
-6,4562
-51,4561
-66,4560
-99,4559
-68,4558
15,4557
-4,4556
-89,4555
10,4554
98,4552
-90,4550
-4,4549
9,4548
-52,4547
-26,4544
-11,4542
-87,4541
-24,4540
43,4539
60,4538
5,4537
-95,4535
92,4534
-9,4533
-82,4532
-66,4531
71,4530
-93,4527
35,4526
-19,4524
-89,4523
80,4522
79,4520
49,4519
-52,4518
79,4516
-69,4515
-77,4514
83,4513
74,4512
-59,4511
21,4509
-53,4508
-65,4507
14,4506
-69,4505
-22,4503
51,4501
-27,4500
-89,4499
90,4498
91,4497
13,4496
-39,4495
-90,4494
-34,4493
-78,4492
92,4491
-44,4489
98,4488
-16,4487
-48,4486
-37,4484
26,4483
-21,4481
77,4480
98,4478
-83,4475
-98,4473
86,4471
42,4470
66,4469
5,4468
-14,4467
-34,4466
-92,4465
-51,4464
-70,4463
53,4462
-22,4461
-43,4460
74,4459
-63,4458
-50,4456
-53,4455
92,4454
67,4453
70,4451
-12,4450
-68,4448
30,4447
-53,4446
4,4445
76,4443
-38,4441
-28,4440
21,4439
3,4437
-5,4436
-91,4434
-60,4433
24,4432
87,4431
67,4430
-43,4429
6,4427
22,4425
8,4424
-17,4423
65,4421
28,4420
54,4419
85,4418
-7,4414
64,4413
-72,4412
-23,4411
33,4410
99,4409
67,4408
-75,4407
-73,4406
-77,4405
63,4402
28,4400
-23,4399
-16,4398
-62,4397
-35,4396
85,4394
43,4391
67,4390
23,4389
-97,4388
-94,4387
59,4386
-99,4385
65,4382
31,4381
9,4380
3,4377
99,4376
-87,4375
32,4374
4,4373
25,4371
-43,4370
12,4368
-75,4366
63,4364
-38,4363
-63,4361
-43,4358
93,4354
-97,4352
-90,4351
-72,4350
-81,4349
85,4348
77,4347
-43,4346
48,4345
-60,4344
-32,4343
-94,4342
-91,4341
-16,4340
-65,4339
-89,4338
-64,4337
17,4336
-84,4335
83,4334
-33,4333
-38,4332
80,4331
27,4330
-86,4329
90,4324
17,4323
47,4322
78,4321
20,4320
-22,4318
-73,4317
5,4315
-13,4314
-56,4313
-41,4312
80,4311
-65,4310
-71,4308
9,4307
81,4306
8,4305
22,4304
73,4303
74,4302
-48,4301
-23,4300
59,4298
-39,4297
4,4296
-1,4294
-22,4290
-13,4289
51,4287
-73,4286
-94,4285
1,4283
91,4282
-54,4281
-57,4279
-5,4278
-22,4275
-75,4273
-7,4272
-29,4271
-8,4270
-33,4268
-48,4266
-17,4265
56,4264
-75,4261
-51,4260
38,4259
-54,4258
9,4256
-90,4253
-39,4252
90,4250
-53,4248
-93,4247
19,4245
-88,4244
-26,4243
-81,4242
-72,4241
-29,4240
42,4239
-68,4236
-1,4235
-24,4234
0,4233
26,4232
-91,4228
-82,4226
-21,4225
7,4223
-30,4222
-80,4221
-61,4220
-46,4219
74,4218
-47,4216
-7,4215
-66,4214
87,4213
-90,4212
63,4210
6,4209
-24,4207
45,4206
25,4205
30,4204
62,4203
-19,4201
-9,4200
82,4197
-35,4196
-92,4195
-87,4192
18,4191
19,4190
26,4188
-72,4187
95,4186
-35,4185
-36,4184
-16,4183
-58,4182
58,4181
-7,4180
15,4179
52,4177
30,4176
-17,4175
91,4174
-21,4171
-72,4170
-72,4169
-64,4168
-75,4167
-47,4165
-78,4161
71,4160
59,4159
3,4157
-38,4156
67,4155
-89,4153
43,4152
31,4151
52,4150
-28,4148
13,4147
60,4143
9,4142
-23,4141
-75,4140
97,4139
-22,4138
-38,4137
-68,4136
68,4135
38,4134
-28,4133
86,4132
0,4131
33,4130
24,4129
46,4128
-74,4127
-86,4126
73,4125
30,4124
11,4122
-14,4120
-32,4118
46,4117
-88,4116
-70,4114
43,4113
-48,4112
28,4111
48,4109
82,4108
49,4107
-55,4106
95,4105
7,4103
29,4102
30,4101
-20,4100
-25,4097
39,4096
-92,4095
37,4093
-15,4092
-96,4091
-100,4090
-4,4088
-83,4087
-75,4084
-81,4082
-40,4080
21,4077
40,4075
-7,4074
32,4073
29,4072
24,4071
-49,4069
69,4068
29,4067
-71,4064
18,4062
-60,4061
-76,4060
-83,4059
88,4058
-45,4057
96,4056
95,4054
-54,4053
-19,4051
-10,4049
-9,4047
-4,4046
-30,4045
80,4044
22,4043
8,4042
-85,4041
59,4040
74,4037
-57,4036
-44,4035
-4,4034
38,4032
-31,4031
-78,4030
-38,4029
80,4027
24,4024
-74,4023
65,4022
29,4021
32,4020
10,4019
78,4018
48,4017
-39,4015
-29,4014
-3,4013
-41,4012
-79,4011
49,4009
56,4008
-44,4007
66,4006
100,4005
71,4004
24,4003
-19,4002
45,4001
86,4000
-80,3997
-100,3996
-100,3995
97,3994
-19,3993
-7,3992
-52,3991
-50,3989
51,3987
-21,3986
98,3985
58,3984
-34,3981
-81,3980
34,3979
80,3978
-77,3976
100,3975
-21,3974
75,3972
-51,3971
-52,3969
-36,3967
100,3966
-52,3964
67,3963
-30,3961
44,3960
-5,3957
6,3956
-12,3955
16,3954
-14,3952
-89,3951
26,3946
25,3943
-88,3942
-94,3941
-74,3940
-43,3939
-70,3938
-67,3937
15,3936
-1,3934
-46,3933
-100,3932
100,3931
-95,3930
-6,3929
-81,3928
-2,3927
-38,3925
43,3924
67,3922
-80,3921
-11,3920
-6,3919
-88,3918
-26,3917
34,3916
-72,3915
94,3913
-9,3912
-82,3911
-40,3910
92,3909
-66,3908
-6,3907
25,3906
21,3905
97,3902
99,3900
-50,3899
-88,3898
5,3897
-30,3896
12,3895
62,3894
19,3893
20,3892
61,3891
-91,3890
91,3888
30,3887
-82,3885
-80,3884
-31,3883
79,3882
5,3881
-18,3880
-86,3879
-60,3878
-14,3877
5,3876
55,3875
6,3874
3,3869
92,3868
-52,3867
-25,3865
-15,3864
28,3861
-41,3860
-69,3859
-43,3858
-2,3856
75,3853
91,3851
34,3850
31,3849
94,3848
-15,3846
80,3844
-23,3843
-16,3842
78,3840
-9,3839
29,3838
49,3837
-11,3835
70,3833
34,3832
33,3831
81,3830
80,3828
80,3827
24,3826
40,3825
-90,3824
-7,3823
-90,3822
-95,3821
68,3820
-81,3819
-84,3818
-22,3817
85,3816
57,3815
58,3814
-55,3813
-67,3812
39,3811
76,3810
-87,3808
-3,3807
-100,3806
-91,3804
-7,3803
-91,3802
59,3800
43,3799
-77,3798
-94,3797
-62,3796
71,3795
59,3794
-31,3793
-26,3792
-77,3791
5,3790
-92,3789
90,3787
-33,3786
-35,3781
-33,3780
-56,3779
-3,3778
-37,3777
73,3775
71,3774
-29,3773
2,3772
60,3771
-1,3770
-88,3769
80,3767
-78,3765
-6,3764
35,3763
85,3762
51,3761
65,3759
-41,3757
85,3755
40,3754
53,3751
75,3749
45,3748
-60,3746
-32,3745
-65,3744
-59,3743
-13,3742
-10,3741
-41,3739
-49,3738
-91,3737
-31,3736
-48,3735
-58,3734
85,3733
42,3732
16,3731
-5,3729
89,3728
65,3727
-63,3726
26,3725
-52,3724
35,3722
49,3721
-97,3720
51,3719
-82,3718
3,3715
55,3714
6,3713
64,3712
-33,3711
-50,3710
-70,3709
-13,3708
32,3705
49,3704
43,3702
43,3701
16,3700
-75,3699
-48,3698
29,3697
-75,3695
55,3694
-1,3693
59,3692
-35,3691
-40,3690
-47,3689
-43,3688
7,3687
99,3686
57,3683
-13,3682
59,3681
40,3678
4,3677
86,3676
-94,3674
-96,3673
45,3672
-72,3671
-53,3667
0,3666
-36,3664
-98,3663
-12,3662
20,3661
68,3660
-44,3659
45,3657
-65,3656
-73,3655
63,3654
77,3651
-88,3650
-86,3649
-98,3648
81,3647
57,3645
40,3643
2,3642
17,3641
61,3640
64,3639
37,3637
-60,3635
-18,3634
5,3631
-28,3629
-73,3627
-38,3626
21,3625
79,3624
-47,3623
80,3622
85,3620
94,3619
92,3618
86,3617
-76,3615
13,3614
71,3611
-15,3610
-36,3609
98,3608
-28,3607
49,3606
-88,3605
-10,3604
99,3603
18,3602
-66,3601
96,3600
-33,3599
-98,3598
98,3596
65,3595
-89,3594
-68,3593
28,3592
56,3591
-53,3590
21,3589
-6,3588
30,3586
-76,3585
-44,3583
-61,3581
-75,3580
-13,3577
12,3575
-25,3571
0,3570
-95,3569
57,3567
-54,3566
78,3564
-68,3562
-55,3561
42,3560
-70,3559
90,3557
5,3556
-88,3555
-54,3554
56,3553
47,3551
92,3550
-13,3548
-17,3544
38,3543
43,3542
-46,3541
-42,3539
47,3537
-15,3536
47,3535
-59,3534
97,3533
1,3532
-26,3531
-8,3530
53,3529
-5,3527
-72,3526
97,3525
-59,3524
73,3522
18,3521
9,3520
-98,3519
22,3517
28,3515
20,3513
30,3512
-58,3511
-65,3510
-28,3508
-94,3507
-22,3505
-16,3504
-91,3503
-10,3502
-94,3500
0,3499
-60,3498
-91,3497
-75,3496
-71,3494
-40,3492
-22,3489
-43,3488
-71,3487
-14,3486
60,3482
-3,3481
-15,3480
-70,3479
-81,3478
-30,3477
16,3475
49,3473
-78,3470
85,3469
11,3466
-28,3465
-28,3464
24,3463
97,3462
-65,3461
-36,3458
-27,3457
-44,3454
-28,3453
87,3452
-58,3451
51,3450
-70,3449
18,3448
95,3447
-44,3446
-31,3444
19,3443
32,3442
63,3440
76,3439
-97,3438
-76,3436
-59,3435
49,3432
26,3430
78,3429
46,3428
73,3427
-49,3426
100,3423
-75,3422
0,3421
83,3420
95,3419
-65,3417
-55,3415
-72,3414
13,3413
68,3412
16,3411
81,3410
12,3409
-78,3408
-99,3407
-49,3406
-72,3405
94,3403
90,3401
-62,3400
-12,3396
74,3395
54,3394
81,3393
91,3392
4,3391
33,3390
-74,3389
-8,3388
-30,3387
-54,3386
70,3385
-69,3384
70,3383
77,3382
-94,3381
40,3378
-32,3377
32,3376
25,3375
44,3374
1,3373
83,3372
-40,3371
82,3369
42,3368
-69,3366
99,3365
81,3364
-55,3363
-69,3362
33,3360
-74,3359
-13,3358
15,3356
35,3355
-86,3354
52,3353
17,3352
-31,3351
-30,3348
-79,3347
62,3345
65,3344
96,3343
91,3342
-41,3340
-46,3339
23,3337
-79,3336
-20,3334
-42,3333
50,3332
-94,3330
-100,3329
-38,3327
96,3326
25,3325
61,3324
-60,3322
-74,3321
93,3320
8,3319
38,3317
41,3316
96,3315
51,3314
-98,3312
58,3311
20,3310
-36,3309
55,3308
19,3307
-97,3306
-57,3303
23,3302
92,3301
-30,3300
96,3298
-16,3297
7,3296
-10,3293
-61,3292
-38,3291
-51,3290
-50,3288
-27,3284
-2,3282
26,3280
-52,3279
18,3278
50,3271
-5,3270
71,3269
5,3267
40,3264
47,3263
77,3262
94,3261
33,3260
-73,3259
-23,3257
51,3256
-36,3255
67,3253
71,3252
47,3250
-20,3249
-86,3247
-84,3246
50,3245
-51,3244
-15,3243
71,3242
38,3241
42,3240
-14,3239
53,3238
99,3237
-53,3236
78,3235
43,3234
-68,3233
-100,3231
6,3230
-48,3229
22,3227
2,3226
44,3225
-90,3224
-50,3223
63,3222
40,3220
-65,3219
49,3218
68,3217
-10,3216
-96,3215
91,3214
71,3213
-54,3212
68,3210
37,3209
91,3208
43,3207
-51,3206
-97,3203
-66,3202
-7,3200
-19,3199
-26,3198
-79,3197
27,3196
1,3195
-7,3194
40,3192
-89,3189
50,3188
-20,3185
-37,3184
-51,3182
59,3181
45,3179
30,3178
62,3177
31,3175
-8,3173
27,3172
-22,3171
-83,3169
65,3167
59,3166
-76,3165
83,3163
52,3162
67,3161
39,3159
25,3158
61,3155
-16,3154
63,3153
-16,3152
14,3151
87,3149
-33,3148
57,3147
58,3146
-60,3143
-76,3142
-79,3141
57,3140
14,3137
60,3136
70,3135
72,3134
-28,3133
-38,3132
-13,3131
18,3130
-76,3128
-24,3127
-89,3125
10,3124
-32,3122
88,3121
31,3120
74,3118
82,3114
27,3111
48,3110
87,3109
62,3108
24,3107
66,3105
1,3104
-36,3102
-6,3099
-5,3098
31,3097
52,3096
73,3095
97,3094
54,3093
39,3091
-15,3090
-96,3089
6,3088
-25,3087
-66,3086
-34,3085
-14,3084
7,3082
11,3081
28,3080
77,3079
74,3078
54,3077
-44,3076
40,3075
72,3074
-31,3073
-56,3072
80,3070
-15,3069
51,3067
-78,3064
58,3063
96,3062
-26,3061
-88,3059
-26,3058
-29,3057
84,3055
9,3054
-41,3053
26,3052
96,3050
19,3049
-92,3048
-44,3044
-36,3043
-34,3042
-54,3041
-23,3040
34,3039
-64,3038
67,3037
82,3036
45,3035
62,3034
-89,3033
-59,3032
-68,3030
88,3028
33,3027
98,3026
65,3025
-49,3024
29,3023
12,3022
83,3021
30,3020
35,3019
26,3018
51,3017
-21,3016
-6,3015
-6,3014
-2,3013
1,3012
58,3010
78,3009
61,3008
57,3004
-40,3002
74,3001
-83,3000
-19,2999
65,2997
74,2996
-33,2995
-41,2994
91,2993
-90,2992
-85,2991
48,2990
23,2989
-25,2988
47,2987
-53,2986
-83,2985
-63,2984
-39,2983
-84,2982
-65,2981
73,2979
-62,2977
59,2975
-32,2974
53,2973
-75,2972
54,2971
74,2969
5,2968
-47,2967
-21,2966
40,2965
6,2964
-49,2963
100,2962
-99,2961
58,2960
-66,2958
-22,2957
98,2956
35,2955
7,2954
-82,2953
-45,2950
-69,2949
10,2948
51,2947
40,2946
-15,2945
-26,2943
-88,2942
41,2941
-60,2939
62,2937
27,2936
76,2935
94,2934
6,2933
-90,2932
-97,2931
-30,2930
-36,2929
42,2928
17,2927
60,2926
-80,2925
-49,2924
51,2923
58,2922
39,2921
86,2920
80,2919
-41,2918
-17,2917
41,2916
90,2914
35,2913
80,2912
82,2908
73,2905
-25,2904
82,2903
92,2902
30,2900
55,2899
28,2898
-11,2897
63,2896
-37,2894
85,2893
61,2890
-22,2888
2,2887
86,2886
-97,2885
-62,2884
-4,2883
36,2882
68,2881
-63,2879
-80,2878
52,2877
-71,2876
40,2874
-13,2873
-54,2872
63,2871
-18,2870
45,2869
-32,2868
-59,2867
-61,2866
87,2864
27,2862
7,2859
-36,2858
-61,2856
4,2855
-87,2854
-84,2853
-22,2852
-47,2851
-40,2849
-1,2848
44,2847
-95,2846
-2,2845
93,2844
-15,2843
-33,2842
8,2841
74,2839
-100,2838
27,2836
9,2835
-1,2834
-88,2833
-71,2832
41,2831
-89,2830
-86,2828
47,2827
-79,2826
19,2824
13,2822
-31,2820
-43,2819
47,2817
19,2816
-97,2815
9,2814
53,2813
-42,2811
-21,2810
-62,2809
20,2808
76,2806
10,2805
-47,2803
9,2802
26,2801
33,2800
69,2799
96,2798
-58,2796
79,2795
42,2794
27,2793
25,2792
36,2791
-85,2790
44,2788
62,2787
37,2786
-50,2785
36,2783
47,2781
72,2777
15,2776
-27,2775
32,2774
-84,2773
46,2772
29,2770
48,2769
12,2766
-47,2765
62,2764
-36,2763
58,2762
-45,2761
78,2760
54,2758
75,2757
-65,2756
-57,2755
-43,2754
-30,2753
90,2751
34,2749
-96,2748
82,2747
67,2745
33,2744
-28,2743
-36,2742
63,2741
37,2740
89,2739
85,2738
50,2737
-56,2736
42,2735
-27,2734
-68,2731
4,2730
73,2729
94,2728
43,2727
1,2726
38,2725
-2,2724
-28,2721
61,2720
53,2719
62,2718
-69,2717
-14,2716
-16,2714
-36,2713
-2,2712
-10,2711
-19,2709
32,2708
-92,2707
-91,2705
40,2704
-61,2703
-39,2702
-41,2701
69,2700
-62,2699
97,2697
35,2696
-21,2695
13,2694
13,2693
53,2690
16,2689
28,2688
16,2687
-27,2686
65,2684
56,2683
-2,2682
15,2681
-75,2679
-17,2677
-83,2675
-47,2673
-50,2672
-83,2671
78,2669
67,2668
60,2667
-38,2666
-10,2665
-78,2664
-82,2662
-68,2661
-2,2660
-10,2659
-68,2658
86,2657
25,2656
-20,2655
-49,2654
-55,2653
-53,2652
59,2651
70,2650
93,2649
89,2647
-30,2646
79,2645
-18,2644
67,2640
-93,2639
94,2638
20,2637
-33,2636
2,2634
60,2633
-48,2632
-38,2631
-25,2630
-23,2629
-47,2627
86,2626
80,2625
-93,2624
-95,2623
-93,2622
-24,2621
-57,2618
-45,2617
-11,2616
-48,2615
-19,2613
29,2612
-18,2610
-86,2609
13,2608
2,2607
50,2605
53,2603
-6,2602
15,2601
-70,2599
87,2598
37,2597
54,2596
-22,2595
3,2594
55,2591
-94,2590
-30,2589
-24,2588
27,2586
-88,2585
90,2583
-40,2582
-20,2581
19,2580
88,2578
73,2577
90,2576
-36,2575
85,2572
49,2571
-58,2570
29,2569
-6,2568
52,2567
-43,2565
-23,2561
-93,2560
11,2557
68,2555
-38,2553
40,2551
-15,2550
80,2549
57,2548
88,2547
-16,2546
48,2545
-75,2544
29,2543
-70,2540
-33,2539
-97,2538
12,2537
12,2535
-35,2531
55,2530
55,2528
80,2527
-98,2526
-46,2525
-84,2523
55,2522
-58,2520
84,2519
-43,2518
60,2517
57,2516
-7,2513
73,2512
-75,2511
85,2510
57,2508
61,2507
17,2504
77,2502
-68,2501
-22,2500
-51,2499
21,2498
-82,2497
-23,2496
-93,2493
-94,2491
-30,2490
56,2489
31,2488
14,2487
-17,2485
-11,2482
-78,2480
-96,2477
65,2476
20,2475
-65,2474
41,2470
44,2468
-61,2467
92,2466
8,2465
7,2464
-63,2462
-14,2461
-43,2458
88,2457
23,2456
-26,2455
-96,2452
31,2451
62,2450
-90,2449
-1,2448
79,2447
44,2446
46,2445
-2,2444
-74,2443
41,2442
-69,2441
44,2440
-68,2439
-22,2438
11,2436
1,2435
1,2434
-15,2433
-2,2432
42,2431
97,2430
-92,2429
-71,2428
-80,2427
40,2426
-26,2425
19,2421
20,2420
47,2419
-45,2418
-31,2417
7,2414
49,2412
98,2411
-70,2410
91,2409
35,2408
66,2406
-25,2405
65,2404
-85,2403
84,2402
-30,2401
42,2400
80,2399
93,2397
6,2396
-23,2395
-35,2394
-10,2391
53,2390
-63,2388
50,2387
-81,2386
88,2385
-93,2384
85,2383
-21,2382
-42,2381
60,2380
-95,2379
-89,2378
-65,2377
-5,2376
-27,2375
-71,2372
-85,2368
34,2367
-37,2366
-22,2365
9,2364
-36,2362
69,2361
-47,2360
56,2359
93,2358
-66,2357
62,2354
4,2353
-55,2352
-71,2351
36,2350
51,2349
-22,2348
76,2345
69,2344
-74,2342
-91,2341
-74,2340
70,2339
-61,2338
-36,2337
-79,2336
23,2335
77,2334
-55,2333
-81,2332
-58,2331
69,2330
100,2328
-2,2326
69,2325
-7,2324
36,2323
2,2321
-53,2319
76,2318
-30,2317
97,2316
-69,2314
86,2311
32,2310
-12,2307
-33,2306
21,2304
-2,2303
-4,2302
31,2301
-9,2298
55,2296
-92,2294
74,2293
-68,2292
-26,2291
42,2290
-96,2287
-12,2283
-36,2281
-55,2280
-30,2279
-6,2277
-13,2276
36,2275
-4,2273
-30,2272
-80,2271
-7,2270
-72,2268
-80,2267
-89,2266
-24,2265
-25,2264
45,2263
1,2261
-79,2260
-9,2259
-5,2258
-63,2256
-13,2255
100,2254
-15,2252
-69,2251
72,2250
98,2249
59,2247
16,2246
75,2245
-72,2244
48,2243
8,2242
-3,2241
93,2240
56,2239
-27,2238
34,2237
-17,2234
-74,2233
-93,2232
100,2231
79,2230
94,2229
42,2228
29,2226
1,2223
29,2222
9,2220
-68,2218
99,2217
7,2216
55,2212
-83,2211
-3,2206
-71,2204
-88,2203
49,2202
-29,2200
-58,2199
-25,2197
-96,2196
59,2194
-46,2193
100,2192
-98,2190
78,2189
100,2188
-71,2187
-17,2186
-23,2185
-88,2184
-19,2183
8,2182
-56,2180
-72,2177
-43,2176
-68,2175
-13,2174
-47,2173
9,2172
100,2171
57,2169
-20,2168
20,2167
-87,2166
-67,2165
-63,2163
86,2162
99,2161
18,2160
-20,2159
27,2158
34,2157
-55,2155
-84,2152
60,2150
-41,2149
-41,2148
-8,2146
6,2144
-51,2143
23,2142
0,2138
64,2137
-19,2136
-37,2134
-16,2133
11,2131
-100,2129
55,2128
-86,2127
-6,2126
-47,2124
72,2123
-99,2122
-38,2120
-97,2119
15,2118
-30,2117
78,2116
21,2115
11,2112
72,2111
56,2110
-43,2109
-5,2108
-80,2107
22,2106
2,2105
31,2104
9,2101
-61,2100
-82,2099
-61,2098
-34,2097
-8,2096
0,2093
79,2092
93,2091
84,2090
-69,2089
-29,2088
-17,2086
26,2084
-2,2083
-73,2082
2,2080
51,2079
24,2078
33,2077
30,2076
-40,2075
17,2074
-86,2073
45,2072
-38,2071
-42,2068
-41,2067
-90,2066
98,2065
-55,2064
-4,2063
14,2062
-47,2060
-36,2058
-5,2057
-51,2056
100,2054
-5,2053
6,2052
-14,2051
26,2050
-86,2048
-38,2047
-62,2046
-31,2045
52,2042
-67,2040
53,2038
-6,2037
54,2035
-36,2034
85,2033
-39,2030
-53,2029
19,2027
-42,2025
40,2024
-23,2022
78,2021
8,2020
3,2019
-64,2018
-94,2014
84,2012
-95,2011
-37,2009
25,2007
-70,2006
-40,2005
53,2004
38,2002
-66,2001
96,2000
-98,1999
-53,1997
-38,1995
-15,1994
25,1993
-19,1991
53,1990
-8,1989
-79,1988
36,1987
96,1985
63,1984
-37,1983
17,1982
-67,1981
-62,1979
68,1978
-100,1976
-31,1975
85,1974
-25,1973
-44,1972
72,1971
-56,1970
-80,1967
63,1966
-31,1965
-100,1964
71,1963
-40,1962
-78,1961
-69,1960
57,1958
-26,1957
-2,1954
65,1952
26,1951
-67,1949
-67,1948
63,1947
-92,1946
-14,1945
-90,1944
66,1943
-39,1942
-18,1941
44,1940
47,1938
-42,1937
43,1936
-100,1935
-63,1933
39,1932
47,1931
97,1929
2,1928
-44,1927
67,1923
80,1921
-45,1919
4,1918
-49,1915
-47,1914
58,1913
92,1912
26,1911
-22,1909
35,1908
-78,1907
20,1906
-6,1905
-71,1904
-48,1902
-75,1901
-11,1900
-7,1899
-51,1897
-46,1896
30,1892
26,1891
-32,1890
2,1888
-69,1887
75,1886
-78,1884
7,1883
-69,1882
91,1881
54,1878
84,1876
-46,1875
11,1874
-97,1873
90,1872
93,1871
-3,1868
95,1867
19,1866
-97,1865
28,1864
6,1863
-100,1862
-10,1861
-9,1859
-12,1857
-11,1856
-26,1855
-2,1854
-23,1853
-84,1852
-57,1851
15,1850
-24,1849
14,1848
43,1847
-27,1846
-85,1845
85,1844
-89,1843
-54,1842
-82,1841
89,1840
-26,1838
10,1836
-19,1835
48,1834
96,1832
-91,1831
66,1830
53,1829
-75,1828
-24,1826
-4,1824
-14,1822
93,1821
25,1820
-46,1819
90,1818
-15,1817
56,1815
-1,1814
60,1813
0,1812
64,1811
-32,1810
-47,1809
-85,1808
-82,1807
-17,1806
-54,1805
-50,1804
8,1802
85,1801
-74,1800
-74,1799
36,1798
46,1797
-86,1796
58,1795
64,1794
-99,1792
-54,1791
-47,1790
93,1788
75,1787
-4,1785
-89,1784
57,1783
-70,1782
-71,1781
-83,1780
100,1777
93,1776
-68,1775
-43,1774
-19,1773
11,1772
40,1771
-85,1770
-5,1769
-43,1768
44,1767
96,1765
18,1764
66,1763
-60,1761
6,1760
-43,1759
-24,1758
66,1757
66,1756
-93,1755
29,1754
59,1753
91,1752
9,1751
59,1750
-10,1749
-88,1748
-35,1747
18,1746
-78,1744
13,1743
6,1742
24,1740
-38,1739
24,1738
-81,1737
40,1736
1,1734
63,1733
76,1732
-56,1731
-55,1730
-37,1729
32,1727
7,1726
15,1725
-24,1722
6,1720
-49,1719
69,1718
-59,1715
21,1714
-52,1712
4,1711
-89,1708
25,1707
-51,1705
-25,1704
-24,1703
64,1702
-56,1701
-60,1700
-72,1699
29,1696
-81,1695
-21,1694
-24,1693
-25,1692
-61,1691
80,1690
5,1688
27,1687
-99,1686
-35,1685
-10,1684
-71,1682
67,1681
-48,1679
-97,1678
89,1677
-76,1676
86,1675
-33,1674
5,1672
-83,1671
64,1670
55,1668
63,1667
15,1666
-82,1664
63,1663
-32,1662
-74,1661
30,1659
15,1658
-13,1657
-8,1656
-75,1655
11,1654
39,1652
45,1651
-25,1650
61,1649
19,1648
32,1647
43,1646
89,1645
27,1644
-5,1642
75,1640
-54,1638
55,1637
-48,1636
-24,1633
-10,1632
51,1631
85,1630
40,1629
-70,1628
-65,1627
-65,1626
-67,1624
-57,1623
64,1622
70,1621
-100,1619
-13,1618
-12,1616
79,1615
-20,1614
76,1612
-64,1611
5,1610
-21,1609
47,1608
-61,1607
94,1605
-83,1604
30,1602
-76,1601
-71,1600
24,1599
-100,1598
-40,1597
42,1596
-21,1595
48,1591
98,1590
-69,1589
-51,1588
-4,1587
-93,1586
-56,1585
12,1584
5,1582
76,1581
71,1579
81,1577
29,1576
99,1574
75,1573
34,1570
98,1569
-40,1568
82,1567
63,1566
-18,1565
-16,1563
-22,1560
56,1559
-74,1557
74,1556
-61,1554
-92,1551
-83,1550
4,1548
-77,1547
-45,1546
-80,1545
-100,1542
-58,1540
96,1539
-95,1538
-77,1537
92,1536
-22,1534
66,1533
-13,1531
-89,1529
64,1528
20,1527
91,1526
-7,1525
-44,1524
-63,1523
-6,1522
40,1521
2,1520
34,1519
-40,1517
-96,1516
-35,1515
40,1514
-60,1512
36,1511
49,1509
-30,1508
17,1506
-41,1504
-43,1503
10,1502
-84,1500
-36,1497
-27,1496
-46,1495
0,1493
-52,1492
59,1491
-10,1488
27,1487
1,1486
13,1485
75,1484
-61,1482
-36,1480
-33,1479
-94,1478
-34,1477
-35,1476
85,1475
2,1472
-9,1471
-32,1470
-12,1469
-79,1468
91,1466
13,1465
-40,1464
95,1463
-17,1462
55,1461
-54,1460
17,1459
-77,1458
51,1457
22,1456
-94,1455
-52,1454
41,1453
76,1451
22,1450
57,1446
-58,1445
-96,1443
-86,1442
92,1439
-86,1438
-41,1436
31,1435
38,1434
82,1433
-79,1431
-65,1430
-99,1429
-7,1428
-60,1425
40,1424
-86,1423
-24,1422
-100,1421
13,1420
-42,1417
89,1416
24,1415
5,1414
86,1413
12,1411
-14,1410
30,1408
47,1407
-5,1406
-21,1404
-13,1403
63,1402
-62,1401
79,1399
-82,1398
-30,1395
9,1392
-61,1391
-94,1390
90,1388
-98,1385
44,1384
39,1382
-86,1381
41,1380
69,1379
-91,1378
65,1376
-24,1374
56,1373
97,1372
15,1370
-27,1369
-17,1368
-24,1367
-70,1364
-29,1363
75,1362
38,1361
-22,1360
-40,1359
23,1358
70,1357
-35,1356
45,1355
-10,1354
87,1353
72,1352
-51,1351
-15,1350
19,1348
60,1345
58,1344
68,1343
-54,1342
90,1341
63,1340
32,1338
0,1337
-87,1334
7,1333
45,1331
93,1329
-51,1328
-56,1327
-28,1326
78,1324
78,1323
17,1321
80,1320
-11,1319
49,1318
-88,1317
-4,1316
63,1315
46,1314
1,1312
52,1311
31,1310
-9,1309
-93,1308
-83,1307
-44,1306
66,1305
-4,1304
-59,1303
50,1302
-28,1301
46,1300
13,1298
-90,1297
-99,1296
-18,1295
-82,1294
-79,1293
73,1292
-22,1290
-35,1288
-76,1287
-85,1285
50,1284
90,1283
15,1282
18,1280
-16,1279
-8,1278
-87,1276
-76,1275
43,1274
76,1273
26,1272
50,1271
46,1270
-2,1268
-62,1266
-20,1265
4,1264
67,1263
-10,1262
-18,1261
84,1260
-46,1259
-50,1257
19,1256
43,1255
-22,1254
-32,1253
56,1252
-48,1251
65,1250
92,1249
-4,1247
-49,1246
-94,1245
69,1244
-11,1243
18,1242
10,1241
-97,1240
50,1239
8,1238
-53,1237
-38,1236
14,1235
-51,1234
-70,1233
-21,1232
-31,1231
-79,1230
37,1228
-5,1227
-87,1226
92,1224
49,1223
84,1222
-6,1221
-66,1220
-97,1219
30,1218
80,1217
-83,1216
41,1215
-4,1213
57,1212
-93,1211
8,1210
26,1209
-88,1208
-36,1206
-29,1205
34,1204
37,1203
-30,1202
88,1201
100,1200
0,1199
-19,1198
-76,1196
-59,1195
-9,1194
26,1192
-77,1189
55,1187
90,1186
-88,1185
-30,1184
19,1183
32,1182
3,1181
-7,1180
-88,1179
-53,1178
78,1177
8,1176
-6,1174
88,1173
95,1172
-28,1170
82,1169
-21,1168
-60,1167
15,1166
61,1165
-100,1163
-51,1162
-88,1161
-76,1160
-31,1159
8,1158
13,1157
85,1155
60,1154
86,1153
-22,1152
7,1151
-45,1149
-97,1148
-19,1147
-46,1146
-77,1144
31,1143
-78,1141
-85,1140
66,1138
-24,1137
-55,1136
-67,1133
86,1132
26,1131
24,1130
-58,1129
10,1128
56,1127
-61,1126
-36,1125
73,1124
50,1123
-95,1122
-93,1119
34,1118
56,1117
63,1115
-68,1114
-70,1113
76,1112
78,1110
-3,1109
-36,1108
-3,1106
-96,1103
-85,1102
89,1101
55,1100
5,1098
75,1097
76,1096
-22,1094
-59,1093
64,1092
36,1091
6,1087
-68,1086
59,1085
77,1084
-30,1083
6,1082
27,1081
-100,1080
-48,1078
-75,1077
-84,1076
-33,1075
-37,1074
37,1073
-92,1072
31,1071
-26,1070
-68,1067
-41,1064
90,1063
-46,1062
-62,1061
-6,1060
-70,1059
-97,1058
-63,1056
10,1055
-100,1054
69,1053
-38,1052
13,1049
-12,1048
-65,1047
-61,1046
-1,1044
55,1043
-66,1041
-62,1040
54,1039
-6,1038
77,1037
94,1036
25,1035
58,1034
63,1031
-70,1030
-7,1028
-90,1027
-22,1026
70,1025
-27,1024
49,1023
-39,1022
-61,1021
-57,1019
16,1018
71,1017
-8,1016
54,1015
-40,1013
-76,1012
-98,1010
14,1009
25,1007
0,1004
37,1003
36,1002
-5,1001
-32,1000
1,999
-94,998
3,997
79,996
60,995
63,994
-92,991
-54,990
-57,987
-66,985
-88,983
-86,982
58,981
-26,980
59,979
-76,978
47,977
99,976
-63,974
-65,973
-86,972
41,971
-51,970
-95,969
-52,968
21,967
-88,966
-92,965
16,964
6,963
-75,962
-10,961
-60,960
-41,958
-78,957
-70,956
-29,955
89,954
-28,953
93,952
-35,951
86,950
73,948
-95,947
32,946
91,944
74,942
60,941
-33,939
61,937
-16,936
-44,935
6,934
-82,933
94,931
-40,929
17,928
-98,927
-42,925
23,924
85,923
54,922
-44,921
-89,916
-63,915
-11,914
-52,912
-60,910
-16,909
96,908
88,907
-14,906
6,905
-1,903
72,902
21,901
19,900
-33,899
-58,898
48,896
-43,895
-5,891
47,890
42,889
-1,888
4,887
-66,886
80,885
-56,883
37,882
-15,881
3,880
83,879
33,878
-89,877
81,874
-55,869
22,868
-49,867
-83,866
-36,864
23,863
30,862
91,860
-48,859
-65,857
-97,856
51,855
-62,854
-19,853
95,851
-55,850
27,849
-13,848
-18,846
-58,845
56,844
40,843
-16,842
16,841
-42,840
-97,839
98,838
79,836
-44,834
95,833
45,832
29,831
-22,828
20,826
-58,824
-41,821
28,820
77,819
-36,818
81,817
85,815
10,814
-27,813
56,811
3,810
-58,809
-47,808
-38,807
71,806
-60,805
62,804
-31,803
33,802
-96,800
26,799
-39,798
62,797
15,796
19,795
-56,794
-94,793
-71,791
-50,789
16,788
97,787
38,786
-41,783
92,781
-66,780
91,779
2,777
-1,776
-72,773
-24,772
-91,770
85,769
8,767
-22,766
79,765
-75,764
-97,763
30,762
30,760
-75,758
50,756
-52,755
8,754
12,753
-12,752
-67,751
97,750
-47,749
-60,748
-73,747
-30,746
23,745
87,743
73,741
-42,739
77,738
18,737
35,735
44,734
-1,733
-79,732
-6,730
-100,729
29,728
29,727
-13,726
-27,725
10,724
10,722
-52,720
-23,719
46,718
-59,717
-75,716
-34,714
88,711
-19,709
-57,708
-6,706
-41,705
40,704
85,702
100,701
6,699
-59,698
66,697
-72,696
5,695
-17,694
54,693
36,692
56,690
89,685
94,684
-65,682
-83,680
-16,679
-16,678
-94,676
-95,675
51,673
-28,672
-86,671
88,670
5,669
99,668
-15,667
-92,665
-43,662
5,659
-63,658
-8,657
-58,656
86,655
-86,654
16,653
-16,652
28,651
40,650
-54,649
77,648
37,647
22,646
9,644
33,643
-100,642
15,641
-17,638
-90,634
29,633
-75,630
26,629
-67,628
53,627
-33,626
68,625
97,624
-42,622
46,621
-51,619
65,617
-73,616
50,615
-83,614
-81,609
99,608
59,607
28,606
54,605
59,604
90,602
28,601
-19,599
-34,598
65,596
-33,595
-100,594
-59,593
41,592
6,591
-99,589
-71,588
37,586
-37,585
11,584
48,583
30,582
17,581
71,580
-84,579
-41,578
-58,577
1,575
17,571
-52,570
80,569
-73,567
27,566
57,565
-42,564
72,563
90,561
75,560
81,559
18,558
6,555
-1,552
-9,551
31,550
16,549
-88,548
21,546
79,544
14,543
-100,542
-91,541
77,538
-92,537
11,536
-42,535
-93,534
-43,530
63,529
88,528
-86,527
34,526
72,525
-40,524
5,523
100,522
13,521
7,519
-11,518
80,516
-24,515
90,514
71,513
100,512
6,510
54,508
-92,507
-2,506
-33,505
-43,504
12,503
24,502
-38,501
-17,500
95,499
10,498
-10,497
-63,496
-74,494
97,493
-53,491
3,490
65,489
96,487
-58,486
-35,484
58,483
16,480
51,479
-85,478
-73,476
-1,475
100,474
61,473
66,471
20,470
46,469
50,468
-12,467
8,465
-83,464
28,462
-9,461
83,460
27,459
-59,458
74,456
-36,455
52,453
-92,451
30,450
-61,449
49,448
-82,447
95,446
-46,445
-86,444
1,443
96,441
-68,440
-48,437
100,436
-32,435
55,431
-26,430
-42,429
-34,427
-44,426
-97,425
24,424
-29,423
85,422
-83,421
-59,420
24,419
-42,418
-77,417
47,416
-48,415
-42,414
41,413
85,411
-12,410
-85,408
6,407
-56,406
-22,405
-92,404
-79,403
82,402
-66,401
39,400
-91,398
-42,397
-63,396
64,395
-81,391
-79,390
-70,389
87,388
-92,387
-64,386
50,385
-6,384
-2,381
-53,380
56,379
-78,378
56,377
63,376
-18,375
89,374
-89,373
-8,372
99,371
-28,370
49,369
11,368
6,367
21,366
56,365
38,363
19,361
-17,360
16,358
-73,357
-32,356
18,355
45,354
23,353
100,352
60,350
73,348
89,346
-87,345
-49,344
37,343
-93,342
62,340
39,339
-57,337
-30,336
52,335
79,332
-63,327
-95,326
54,324
26,323
-79,322
-15,321
-18,319
-34,318
-13,317
-81,314
-49,312
3,311
16,310
34,309
25,308
13,307
15,306
-80,305
-35,302
19,301
-18,299
54,296
54,294
23,293
-7,292
76,291
-59,287
-53,286
100,285
-33,284
-30,283
-64,282
-46,279
-81,278
100,277
-33,276
50,275
-52,274
7,273
-10,271
-97,270
-96,269
-51,268
-34,266
-86,265
61,264
-24,263
7,261
-96,260
-75,256
-84,255
27,253
-26,252
-18,246
-9,245
-70,244
-76,240
-23,239
35,238
41,237
48,236
-6,232
12,231
62,229
65,227
77,225
-94,224
97,222
-89,221
12,220
40,219
60,218
-21,217
98,216
57,215
50,212
54,209
28,207
38,204
81,202
10,201
84,200
68,199
-64,198
-98,197
-39,195
73,194
-49,193
-25,192
58,187
44,186
37,185
4,184
-45,182
46,179
56,178
-82,177
76,176
63,175
-45,174
35,172
11,171
10,170
56,169
14,168
-79,167
47,166
42,165
64,164
-30,163
4,162
-37,161
-8,160
91,158
-64,157
-92,155
-94,154
44,152
46,151
71,150
19,149
-36,148
-99,147
52,146
94,145
14,144
-81,143
-40,141
30,140
-10,138
-48,137
-94,135
37,134
-37,132
97,130
34,129
-47,127
93,125
45,123
66,122
-52,119
22,118
-40,117
-65,115
-20,114
37,112
15,111
5,110
50,109
38,107
63,106
-50,105
78,104
50,101
-44,100
29,99
35,98
-94,97
-2,95
-26,94
-7,93
-91,92
27,90
-75,89
45,88
-16,87
-34,85
-92,84
46,83
12,82
-95,81
100,80
-34,79
44,78
-67,77
-36,76
81,72
32,71
-59,70
-52,69
21,67
44,66
65,65
47,64
-77,63
-27,62
68,61
14,60
70,58
-29,57
42,55
-5,54
32,53
56,52
-96,51
30,49
56,48
77,47
31,45
-45,44
-14,43
-3,42
34,41
66,39
-41,38
-78,37
21,36
-45,35
55,33
35,32
73,31
77,30
-97,29
45,28
-19,27
55,26
44,25
91,24
-88,23
-22,22
6,20
61,18
10,17
60,16
-96,15
-94,14
65,13
40,10
-47,9
-30,8
29,7
21,4
-82,3
-59,2
-49,1
43,0
