19,10000
14,9999
79,9998
2,9996
-6,9995
89,9994
2,9993
8,9990
-53,9988
49,9987
85,9985
63,9984
67,9983
93,9982
30,9981
-37,9979
-90,9978
26,9977
17,9976
4,9973
91,9972
73,9971
3,9970
-76,9969
41,9968
-7,9966
-78,9965
-5,9964
-3,9962
-48,9961
48,9960
-48,9959
59,9958
19,9957
-6,9956
6,9955
68,9953
90,9951
-11,9950
21,9948
40,9947
14,9946
-75,9945
40,9944
73,9941
67,9939
82,9938
-9,9937
-50,9936
60,9935
-99,9934
6,9933
-96,9932
-98,9931
-86,9930
85,9929
64,9928
-99,9927
-20,9925
13,9924
-45,9923
-38,9922
85,9921
-61,9919
-25,9918
28,9916
75,9914
94,9913
-24,9912
33,9910
-70,9908
77,9907
38,9906
8,9904
58,9903
-5,9902
-78,9899
-4,9898
0,9897
21,9896
-7,9895
41,9894
-68,9893
22,9892
-45,9891
3,9889
29,9888
-92,9887
-47,9886
10,9885
90,9884
73,9883
-72,9881
-19,9879
-15,9878
48,9876
47,9875
-31,9874
90,9873
73,9871
91,9870
31,9869
18,9868
-43,9866
-90,9865
47,9864
70,9862
92,9861
-34,9860
-95,9859
-21,9857
-89,9856
-78,9855
22,9854
20,9853
81,9851
52,9849
-36,9847
-72,9846
42,9844
-10,9843
-92,9842
2,9841
93,9840
-68,9839
-7,9838
10,9837
-16,9833
49,9832
-87,9828
-23,9827
-83,9826
36,9825
14,9824
22,9822
-24,9821
-57,9819
-37,9818
71,9817
18,9815
-35,9814
30,9813
71,9812
-38,9810
-27,9809
95,9807
87,9806
-27,9804
69,9802
-81,9801
-70,9800
-56,9798
63,9797
39,9793
8,9792
8,9791
43,9790
79,9789
70,9788
80,9787
93,9786
-8,9781
-33,9779
-6,9778
75,9777
1,9775
66,9774
83,9773
-22,9771
-27,9769
-98,9766
84,9765
28,9763
22,9762
-29,9760
36,9759
5,9758
-65,9757
33,9755
-71,9754
-92,9753
-68,9752
3,9750
89,9749
-72,9748
29,9746
-54,9745
-71,9741
91,9739
-64,9738
-64,9736
48,9733
65,9731
47,9730
72,9729
80,9727
-48,9725
-98,9724
-76,9723
31,9722
-55,9721
50,9720
58,9719
-47,9717
-76,9716
-52,9715
-45,9714
13,9712
-80,9711
-86,9710
92,9709
69,9708
-56,9707
-13,9706
-5,9705
-27,9704
-29,9703
-88,9702
92,9700
22,9698
-95,9696
71,9695
-43,9694
1,9692
-80,9691
20,9690
70,9689
-3,9687
-68,9686
94,9684
-84,9683
79,9682
34,9680
8,9678
-80,9677
60,9676
-12,9675
-24,9674
20,9673
85,9672
24,9671
-52,9669
-21,9666
-90,9665
-77,9664
39,9663
-88,9661
-95,9660
21,9659
24,9658
-53,9657
22,9655
88,9654
-58,9653
49,9650
-76,9649
-86,9647
-14,9646
31,9645
44,9644
-56,9643
21,9642
-98,9641
-29,9640
-73,9639
-1,9638
-73,9636
-52,9635
26,9634
-46,9633
98,9630
93,9629
65,9627
99,9626
48,9625
-38,9624
-36,9623
-87,9622
-30,9620
-72,9619
25,9618
88,9617
-16,9616
4,9614
61,9610
85,9609
44,9608
29,9607
1,9605
-87,9604
-100,9603
97,9602
97,9600
-48,9599
-75,9598
35,9597
-97,9596
89,9595
65,9594
73,9593
-18,9592
-21,9591
-30,9588
-60,9586
-80,9583
-7,9581
-40,9580
-35,9579
-10,9578
-67,9577
35,9576
-12,9575
38,9574
-3,9573
-77,9572
27,9571
28,9569
-57,9568
19,9567
-58,9566
99,9565
87,9561
31,9559
-35,9558
32,9557
37,9555
-71,9554
75,9553
27,9552
-45,9551
4,9550
83,9549
-25,9548
-24,9547
78,9546
-24,9545
29,9544
-77,9542
55,9541
-32,9540
-50,9538
88,9537
-9,9536
52,9533
-25,9532
23,9530
1,9529
17,9528
17,9527
-10,9523
17,9521
5,9520
0,9519
-61,9517
78,9516
3,9514
-26,9513
-51,9512
-89,9511
-33,9510
68,9509
83,9508
51,9507
-8,9505
17,9504
-32,9503
-82,9502
-50,9500
35,9499
31,9497
12,9495
94,9494
39,9493
-94,9492
-6,9491
-25,9490
47,9489
37,9487
46,9485
82,9484
-91,9483
80,9481
57,9480
-48,9479
60,9478
92,9477
-81,9475
98,9474
-97,9473
25,9471
-76,9469
91,9468
-23,9466
64,9465
50,9464
34,9461
-18,9459
-76,9458
36,9456
0,9454
-65,9452
-61,9451
94,9449
-77,9447
-7,9446
53,9445
-93,9444
-48,9443
38,9441
-28,9440
2,9439
-7,9438
47,9437
-12,9436
20,9435
-12,9434
-51,9433
33,9432
51,9431
-2,9430
-7,9429
-13,9428
27,9427
61,9426
-31,9425
3,9424
2,9423
84,9422
10,9421
55,9417
-36,9416
-35,9413
53,9410
-96,9409
21,9408
44,9407
5,9405
-28,9404
16,9403
27,9402
-37,9401
24,9400
-99,9399
-35,9396
42,9395
-86,9392
-5,9390
-55,9389
71,9387
73,9386
-26,9385
-41,9384
-9,9383
-71,9382
69,9381
9,9380
-13,9379
86,9377
95,9376
-90,9371
60,9370
88,9369
-45,9367
-84,9366
94,9364
84,9363
8,9361
96,9360
-16,9359
31,9358
-43,9357
-63,9356
-93,9355
79,9354
-46,9353
-89,9349
32,9348
72,9347
-90,9345
5,9344
-97,9343
7,9342
-81,9341
83,9340
-26,9339
9,9337
19,9335
17,9334
10,9333
4,9332
41,9331
-86,9329
-91,9328
-90,9327
14,9326
-83,9325
-63,9323
-41,9322
61,9321
-54,9319
61,9316
28,9315
-79,9314
66,9313
72,9311
96,9310
-91,9309
-89,9308
56,9307
-55,9305
18,9303
-7,9302
-82,9300
-23,9299
84,9297
-79,9295
-82,9294
27,9293
92,9292
78,9291
14,9290
-88,9289
-95,9288
49,9287
44,9286
83,9285
68,9283
0,9282
-11,9281
58,9280
-49,9279
-66,9277
-89,9276
82,9275
17,9274
-21,9273
70,9272
-83,9271
-2,9270
-8,9268
8,9266
1,9265
7,9264
61,9263
6,9260
75,9259
82,9258
17,9257
24,9253
-80,9252
64,9251
-10,9250
23,9249
79,9247
37,9245
30,9244
2,9243
-67,9242
-85,9241
87,9240
-2,9239
-76,9237
-29,9235
84,9234
32,9233
18,9231
17,9230
-78,9229
-18,9228
19,9227
53,9224
-58,9223
-92,9222
-73,9221
100,9220
-43,9219
-99,9218
-42,9216
34,9215
-27,9214
84,9212
42,9211
-18,9210
-50,9209
95,9208
71,9207
-60,9205
84,9204
-13,9203
5,9201
-68,9200
-26,9199
-76,9197
-51,9195
-95,9194
73,9193
-79,9192
-58,9190
-72,9189
34,9188
-47,9187
-45,9186
1,9185
-10,9184
-80,9182
-97,9181
42,9180
44,9179
-36,9178
-71,9177
0,9176
-99,9174
-89,9173
-56,9170
-94,9169
46,9168
-44,9164
-28,9163
66,9162
-39,9160
-65,9159
19,9157
22,9156
-36,9155
-18,9154
-24,9153
-56,9150
67,9148
-45,9147
-19,9144
38,9143
-45,9142
37,9141
-98,9140
46,9139
82,9138
11,9137
26,9136
-70,9135
22,9134
76,9132
-42,9131
15,9129
80,9127
82,9126
19,9123
-57,9122
0,9120
-62,9118
100,9117
-33,9116
33,9114
70,9113
25,9111
13,9109
-35,9108
10,9105
92,9104
29,9103
75,9102
35,9101
-31,9099
-1,9098
-31,9096
23,9095
-58,9094
62,9093
-59,9092
-60,9091
-95,9090
-39,9089
68,9088
-87,9087
-10,9086
-34,9085
72,9083
47,9082
-84,9081
43,9078
-11,9077
63,9075
-99,9073
77,9071
-45,9070
73,9069
-30,9067
66,9066
-9,9065
-4,9064
-54,9063
18,9062
69,9061
5,9060
-93,9058
-53,9055
13,9054
26,9053
66,9052
54,9051
72,9050
60,9049
-88,9048
65,9047
90,9045
-39,9044
-82,9043
26,9042
-83,9041
83,9040
16,9039
-1,9038
-31,9037
-74,9036
-38,9035
-79,9032
14,9031
90,9030
51,9029
-37,9028
39,9026
97,9025
-13,9024
-16,9023
-33,9022
76,9021
-91,9020
41,9018
28,9017
-70,9016
37,9014
48,9013
-81,9011
-8,9009
-29,9008
-98,9006
31,9005
25,9004
-24,9003
-10,9002
45,8999
98,8998
-5,8997
18,8996
48,8995
-40,8994
34,8990
80,8989
-35,8987
62,8986
96,8984
-22,8983
-63,8981
22,8980
-80,8979
-29,8978
-82,8977
37,8976
67,8973
56,8972
28,8971
76,8970
-80,8967
-6,8966
36,8965
-43,8962
3,8960
28,8959
86,8958
-21,8957
72,8955
-76,8953
1,8952
-60,8951
10,8949
4,8948
-41,8946
14,8943
92,8942
38,8941
67,8940
7,8939
21,8938
-71,8937
-84,8936
-17,8935
-73,8933
-19,8930
-96,8928
61,8927
82,8926
-20,8925
36,8924
-50,8923
29,8922
30,8921
83,8918
27,8917
88,8916
4,8915
-33,8914
-18,8913
28,8911
-82,8910
1,8909
-40,8908
96,8906
-75,8905
68,8904
-46,8901
-47,8900
-56,8899
15,8898
85,8897
6,8895
-62,8893
-25,8892
-38,8891
86,8890
-22,8889
-83,8888
-64,8887
31,8886
55,8885
18,8884
-3,8883
96,8882
-62,8879
8,8877
92,8876
-89,8874
-68,8873
-1,8872
85,8871
-14,8869
-48,8868
39,8866
63,8865
46,8862
-32,8861
-52,8860
38,8859
82,8858
-21,8857
-99,8856
27,8854
40,8852
-65,8850
-97,8848
-97,8847
-73,8846
50,8845
-65,8844
-100,8843
-20,8839
-27,8837
86,8836
21,8834
-33,8833
21,8832
29,8831
-45,8830
-45,8828
-37,8827
-94,8826
7,8824
-36,8823
-46,8822
79,8821
-5,8820
-31,8819
-62,8817
59,8816
-38,8815
-38,8814
-86,8813
-88,8812
33,8811
-78,8810
-41,8809
-24,8808
28,8807
-22,8806
-53,8805
-12,8804
-8,8803
-7,8802
-66,8801
11,8798
31,8797
-95,8795
-12,8793
87,8792
-24,8791
-37,8790
-40,8789
-52,8788
48,8787
-92,8786
-96,8785
-23,8784
-29,8783
62,8780
6,8779
63,8777
85,8776
5,8775
-17,8774
-9,8772
-15,8770
43,8769
-27,8765
48,8764
-8,8762
96,8761
-59,8760
56,8759
56,8758
-17,8757
-3,8756
-95,8755
72,8754
-15,8753
-9,8751
62,8749
39,8748
-96,8747
-52,8746
54,8745
-20,8743
11,8742
-80,8741
14,8740
-32,8739
-27,8737
-60,8736
49,8735
10,8734
-64,8732
-58,8728
-100,8725
-22,8721
-68,8720
92,8717
15,8716
-98,8712
75,8710
-49,8709
84,8708
57,8707
-30,8706
-73,8704
43,8703
-73,8702
-95,8701
-23,8699
-1,8696
-3,8695
-22,8694
-68,8693
-21,8691
42,8690
70,8689
-44,8688
50,8687
61,8686
-80,8685
40,8682
48,8681
53,8678
-64,8676
55,8675
-44,8674
-71,8673
2,8672
91,8670
-33,8669
52,8668
-58,8667
-63,8663
-15,8661
-90,8660
-78,8659
-85,8658
-17,8657
-56,8656
67,8655
9,8654
-1,8653
-46,8652
-6,8651
91,8650
-42,8649
5,8648
30,8645
34,8644
19,8643
33,8642
87,8641
-73,8640
38,8639
74,8638
-39,8637
27,8635
69,8634
-72,8630
31,8629
66,8628
31,8627
-48,8626
82,8625
100,8624
-67,8622
-67,8621
-12,8620
-77,8619
3,8618
90,8617
80,8616
-70,8614
34,8613
35,8612
-74,8610
-5,8609
65,8608
84,8607
15,8603
-75,8602
71,8601
-65,8600
38,8599
90,8598
93,8597
61,8596
0,8595
48,8593
-46,8592
-20,8589
35,8588
-16,8583
74,8582
83,8581
-71,8579
-35,8578
-98,8577
48,8576
-68,8573
99,8572
12,8571
51,8570
-62,8569
-96,8568
57,8567
-3,8566
-1,8565
-81,8564
-22,8560
73,8559
0,8558
-23,8557
48,8556
-64,8555
-14,8554
-50,8553
-21,8552
15,8551
23,8550
64,8549
-43,8548
-9,8547
-65,8546
34,8545
-87,8542
16,8541
-28,8540
83,8539
-98,8538
-19,8537
62,8535
38,8533
-26,8532
-59,8531
93,8530
81,8528
-18,8526
11,8525
-26,8523
77,8522
69,8520
88,8519
13,8518
59,8515
-16,8514
-31,8513
-48,8512
67,8510
-74,8508
-71,8507
-13,8506
-69,8504
-13,8503
7,8502
-20,8499
69,8498
-11,8497
74,8496
63,8495
87,8493
-83,8491
-27,8490
-41,8489
-86,8488
72,8487
48,8485
64,8484
52,8483
0,8482
-74,8480
67,8479
-87,8478
-25,8476
3,8473
24,8471
-82,8470
21,8469
-68,8468
93,8467
22,8465
35,8464
48,8463
-85,8462
-5,8461
-53,8460
-82,8459
37,8458
77,8456
-49,8455
34,8454
-56,8453
88,8452
47,8451
59,8450
13,8449
7,8448
-55,8446
4,8445
8,8444
-14,8443
-72,8442
-36,8441
-76,8440
40,8438
17,8437
-56,8436
19,8435
-68,8434
-45,8431
-61,8427
9,8426
84,8425
-17,8424
-25,8423
-17,8420
-100,8419
32,8418
-99,8417
-4,8415
16,8414
-31,8413
-17,8412
0,8411
65,8410
10,8409
-53,8407
-53,8406
-33,8405
47,8403
85,8401
12,8400
-27,8399
16,8398
78,8397
-20,8396
62,8395
-35,8392
-22,8391
-8,8389
65,8388
-68,8387
33,8386
-20,8385
-63,8382
11,8381
25,8377
-57,8376
0,8375
42,8374
33,8373
-58,8372
-42,8371
20,8370
32,8369
-64,8368
32,8367
17,8366
-84,8365
58,8364
-85,8363
1,8362
-19,8361
-100,8360
-17,8359
-31,8358
-97,8357
-61,8354
37,8353
-12,8350
-61,8349
96,8346
-3,8345
-74,8344
10,8343
-9,8342
52,8341
-61,8340
12,8339
20,8337
-40,8336
-43,8335
-24,8334
-21,8327
86,8326
-85,8325
65,8323
-74,8322
33,8321
7,8320
-25,8319
93,8318
57,8317
19,8316
-40,8315
33,8314
10,8313
-49,8312
-7,8311
37,8309
-65,8308
-23,8307
-32,8306
86,8305
-12,8303
-42,8301
28,8300
25,8299
93,8298
-41,8297
-51,8296
-15,8293
36,8291
92,8290
17,8288
2,8287
-55,8286
59,8285
58,8284
42,8282
-54,8279
62,8278
-70,8277
-76,8276
23,8275
-27,8273
18,8271
3,8270
12,8269
-12,8268
-72,8267
-13,8265
41,8264
22,8263
-21,8262
34,8261
42,8260
-43,8259
-94,8257
30,8256
-97,8255
-97,8254
78,8253
23,8252
-65,8250
37,8249
-6,8247
-83,8246
13,8244
-24,8243
65,8240
-74,8239
-14,8237
80,8236
-31,8235
98,8234
33,8233
-49,8232
-100,8231
38,8230
-38,8229
30,8228
-92,8227
-27,8226
38,8225
92,8224
-65,8223
8,8222
97,8221
-84,8220
100,8219
54,8216
69,8215
74,8214
-20,8212
53,8211
68,8210
4,8208
-24,8207
33,8206
-61,8205
-66,8204
17,8203
-26,8202
87,8200
9,8199
-50,8198
-59,8196
-87,8195
0,8194
-60,8193
-2,8192
59,8191
-98,8190
10,8189
96,8188
99,8187
-99,8185
88,8184
61,8183
-75,8182
-15,8181
-49,8180
-83,8179
48,8178
92,8175
-77,8173
81,8172
-8,8171
22,8169
-66,8168
12,8165
-56,8164
-36,8162
-49,8161
27,8160
63,8159
-55,8157
44,8156
30,8155
93,8154
-97,8153
-91,8152
47,8151
79,8149
51,8148
30,8147
70,8146
-66,8145
-23,8144
69,8143
-92,8141
-68,8140
-42,8139
31,8138
-64,8137
-67,8136
86,8135
-1,8134
-39,8133
-34,8132
-97,8131
81,8129
-57,8128
-43,8126
-43,8125
95,8124
71,8123
-13,8121
28,8119
-28,8117
-3,8116
23,8115
-37,8114
-28,8112
-71,8111
12,8110
47,8108
-82,8107
-92,8105
-91,8104
-86,8103
88,8102
48,8101
81,8098
-37,8096
82,8095
8,8093
5,8091
43,8090
-67,8089
51,8088
-95,8087
-75,8086
16,8085
-4,8084
85,8083
71,8082
-87,8081
-2,8080
47,8079
-33,8078
95,8076
-71,8075
11,8074
86,8072
-41,8071
-14,8069
-21,8068
65,8067
-97,8066
-29,8064
-69,8062
24,8061
8,8060
-35,8059
-45,8057
-2,8056
-99,8055
-44,8054
-98,8052
31,8051
72,8048
-61,8047
37,8045
-65,8044
71,8042
-69,8041
-75,8040
-29,8039
92,8038
-82,8036
79,8035
-44,8034
-62,8033
65,8032
32,8031
17,8029
24,8027
23,8026
74,8025
-38,8024
44,8023
17,8022
65,8021
-97,8019
66,8018
-28,8017
-67,8015
-38,8014
-90,8013
-18,8010
92,8009
-25,8006
-88,8005
-15,8004
36,8003
36,8001
-37,8000
100,7999
94,7998
92,7997
15,7996
-92,7995
-13,7994
-98,7993
59,7992
-56,7990
-55,7988
-35,7987
-48,7985
79,7983
-79,7982
84,7980
-64,7979
91,7978
-74,7977
92,7976
64,7975
-93,7974
95,7973
-56,7972
-99,7971
14,7969
68,7968
-30,7967
-40,7966
-66,7965
29,7964
5,7963
84,7962
5,7961
60,7960
57,7958
-21,7957
48,7953
-54,7952
91,7951
-18,7950
-7,7948
-38,7947
66,7946
42,7945
-20,7944
42,7943
69,7941
-80,7940
47,7939
-99,7935
-79,7934
83,7931
61,7930
-32,7929
41,7928
-46,7927
-10,7926
-10,7925
60,7923
-3,7922
44,7921
79,7920
62,7919
91,7918
72,7917
4,7916
53,7915
94,7913
74,7911
96,7910
-96,7908
-73,7907
6,7906
89,7905
-91,7903
78,7902
26,7901
6,7900
-83,7899
22,7898
76,7897
21,7896
41,7895
-57,7894
-26,7892
31,7890
-69,7889
16,7888
51,7887
70,7886
83,7885
-73,7884
52,7882
45,7881
-92,7880
51,7879
96,7878
-63,7877
87,7876
51,7875
68,7874
-23,7873
-27,7871
-23,7869
-36,7868
-10,7867
-81,7866
-18,7865
-96,7863
-49,7862
86,7860
-19,7859
1,7858
44,7856
-42,7855
-49,7853
23,7852
-7,7851
85,7850
31,7849
-46,7848
-100,7847
65,7846
41,7845
-52,7844
-73,7843
8,7842
74,7841
-41,7840
65,7839
-49,7837
83,7836
66,7835
-19,7834
98,7833
-30,7832
-89,7830
62,7827
1,7826
32,7825
-5,7824
-38,7823
-84,7820
52,7818
-16,7817
-39,7816
-85,7815
5,7814
27,7813
47,7812
85,7811
32,7810
12,7809
-86,7808
-36,7807
-17,7806
67,7804
75,7803
54,7802
-87,7801
0,7800
-89,7798
-43,7797
25,7796
67,7795
-48,7794
53,7793
21,7792
-62,7791
-64,7790
61,7789
-99,7788
75,7786
-24,7785
79,7784
-20,7782
-48,7780
67,7779
-90,7778
-57,7777
71,7776
100,7775
59,7773
54,7772
55,7771
67,7770
10,7767
85,7766
76,7765
51,7764
86,7762
93,7761
45,7759
89,7758
81,7757
-92,7756
27,7754
99,7753
7,7752
-18,7751
-18,7750
50,7748
-5,7747
-63,7745
-45,7744
-96,7743
46,7742
72,7739
-92,7737
58,7736
-36,7735
25,7734
23,7733
53,7732
-49,7730
-99,7729
-49,7728
-67,7727
-82,7726
-83,7724
48,7723
14,7722
-58,7721
82,7720
-15,7717
18,7716
46,7715
-57,7714
-77,7713
80,7712
-4,7711
42,7710
-81,7709
-61,7708
-95,7707
-44,7706
75,7705
89,7704
-8,7703
87,7702
27,7701
42,7700
60,7699
85,7697
-59,7696
-23,7694
-75,7693
-29,7692
27,7691
-1,7690
-15,7687
36,7686
100,7685
38,7684
98,7683
-31,7682
-97,7681
21,7680
80,7679
-92,7677
85,7676
-61,7675
90,7674
1,7672
-73,7671
-35,7670
-88,7669
15,7667
-18,7666
-94,7664
33,7663
85,7662
78,7661
-67,7660
-59,7659
97,7658
83,7657
68,7656
-84,7655
9,7654
-22,7653
-89,7652
53,7651
70,7650
-95,7649
98,7647
-45,7644
-92,7643
15,7642
2,7640
-7,7639
92,7638
-24,7637
-68,7636
49,7634
-88,7632
85,7631
-86,7630
-68,7629
50,7628
-69,7627
15,7625
83,7623
-58,7622
4,7621
-98,7619
-29,7617
52,7616
-79,7615
-89,7614
-85,7613
20,7612
97,7610
-51,7608
36,7606
83,7605
88,7604
-25,7602
46,7601
16,7600
77,7599
-88,7598
-52,7597
-70,7594
52,7593
-7,7592
22,7591
-45,7590
-69,7589
-3,7588
-87,7587
82,7584
-68,7583
27,7582
75,7581
-100,7580
83,7579
89,7578
-99,7577
-93,7576
84,7575
16,7574
59,7572
-12,7571
29,7570
-66,7569
-79,7567
50,7566
28,7565
-93,7564
-55,7563
6,7562
68,7559
5,7557
-10,7556
-61,7555
-85,7554
-41,7552
1,7551
-45,7549
-24,7548
16,7547
63,7546
10,7544
-74,7543
73,7541
56,7540
2,7539
78,7538
-20,7537
59,7536
-61,7535
-74,7534
-55,7530
16,7529
-2,7528
72,7527
-85,7526
0,7523
-65,7522
-86,7521
91,7520
56,7519
35,7518
-24,7516
-72,7514
28,7513
-47,7512
66,7511
-23,7510
-8,7509
15,7508
14,7506
3,7505
2,7504
79,7503
-52,7502
92,7501
-21,7500
48,7498
71,7496
-84,7494
-11,7492
-31,7490
-84,7489
-81,7488
6,7487
34,7486
23,7485
11,7484
-21,7483
-94,7482
17,7481
-60,7480
8,7478
69,7477
63,7476
-17,7475
44,7474
-85,7473
-24,7472
-82,7470
45,7468
-1,7467
-80,7464
-8,7461
71,7460
-45,7459
1,7458
42,7457
97,7455
-83,7453
62,7451
38,7450
-17,7449
-13,7447
15,7446
-58,7445
42,7444
-21,7442
32,7441
-96,7440
-73,7439
16,7436
-67,7433
-98,7431
76,7429
39,7428
-8,7427
-58,7425
-4,7423
-7,7421
-10,7419
-96,7418
-44,7417
3,7416
77,7415
-48,7414
-61,7413
-81,7412
-26,7411
-11,7410
-22,7408
70,7407
-47,7405
72,7404
45,7403
26,7400
38,7399
-83,7398
67,7395
52,7394
12,7393
-59,7392
90,7391
27,7390
34,7388
23,7387
-89,7386
26,7385
50,7384
88,7383
-3,7382
-65,7380
-32,7379
-91,7377
-25,7375
31,7374
-85,7373
-32,7372
-2,7371
-87,7370
-49,7369
-70,7368
81,7367
-90,7366
99,7365
-58,7364
-84,7363
48,7360
-46,7359
48,7358
100,7357
38,7356
5,7355
16,7354
43,7353
37,7352
58,7351
81,7350
78,7349
-71,7348
-13,7347
22,7346
68,7345
70,7344
-39,7343
-19,7342
63,7341
-28,7339
-54,7337
5,7336
-85,7335
3,7334
-69,7333
68,7332
-68,7331
33,7330
-19,7329
37,7328
-3,7327
-45,7326
-81,7325
2,7324
-86,7323
-61,7321
-18,7320
-67,7319
-33,7317
-80,7316
-47,7315
35,7311
-56,7310
-31,7309
28,7308
53,7307
-77,7305
-9,7303
31,7302
58,7300
61,7299
-61,7298
-61,7297
-71,7296
30,7295
-42,7294
55,7292
-15,7288
64,7286
76,7285
38,7284
1,7283
63,7282
-62,7281
-25,7280
93,7278
-56,7277
-10,7274
12,7273
55,7272
-87,7271
-93,7270
-2,7268
72,7267
55,7266
-80,7264
83,7263
35,7261
-8,7260
77,7259
10,7258
-22,7257
56,7256
81,7255
19,7254
76,7253
38,7250
-84,7249
-98,7248
-90,7247
72,7246
100,7245
-38,7244
-16,7243
-44,7242
15,7241
82,7237
-90,7236
-71,7234
-54,7233
-57,7232
58,7231
26,7230
-31,7229
-99,7227
93,7225
81,7223
-45,7222
-53,7221
-9,7220
-1,7219
40,7218
-86,7217
-50,7216
71,7214
-61,7213
-4,7212
-43,7210
-83,7209
78,7208
19,7205
97,7204
41,7203
3,7202
59,7200
76,7199
-18,7198
-38,7196
-70,7195
-27,7194
-8,7191
8,7190
-25,7189
58,7186
18,7185
-37,7184
48,7183
41,7182
-39,7181
30,7180
83,7178
92,7177
-87,7176
87,7174
16,7173
10,7172
67,7171
-30,7170
75,7169
66,7167
41,7166
73,7165
31,7164
76,7162
-35,7160
77,7159
71,7158
55,7157
-18,7156
19,7154
-86,7152
-10,7150
96,7149
-56,7148
-65,7145
-59,7142
60,7141
69,7140
-86,7139
-68,7137
-77,7135
-40,7133
96,7131
-13,7129
8,7128
98,7127
51,7126
54,7125
81,7124
14,7121
0,7119
83,7118
96,7117
-68,7116
-76,7111
-84,7110
59,7108
-65,7106
-36,7105
-8,7104
33,7103
32,7102
55,7101
31,7100
-55,7098
-64,7093
-1,7092
4,7091
-88,7090
-82,7087
51,7086
-36,7085
90,7084
36,7083
49,7082
97,7081
38,7080
-97,7077
-18,7076
31,7075
-25,7074
28,7073
-80,7072
2,7071
55,7070
-21,7069
86,7068
44,7067
-94,7065
-15,7064
-23,7063
-92,7059
78,7057
24,7056
9,7054
85,7052
-86,7051
-58,7049
-41,7048
40,7047
43,7046
57,7045
73,7044
-26,7043
85,7041
-99,7038
35,7037
67,7036
99,7035
48,7033
32,7032
36,7031
12,7030
-42,7028
-31,7027
17,7026
70,7023
89,7022
30,7021
-45,7020
-4,7019
-65,7018
-75,7016
85,7015
67,7013
60,7012
87,7011
-11,7010
-22,7009
65,7008
-88,7007
-73,7005
-98,7003
-33,7002
3,7000
-97,6999
-34,6998
79,6996
22,6995
100,6994
-97,6992
65,6990
47,6989
53,6988
8,6983
-94,6982
83,6980
96,6979
79,6978
25,6976
14,6974
37,6973
-95,6972
79,6971
-60,6968
-11,6967
-44,6966
-100,6964
-98,6962
98,6960
88,6959
19,6958
-37,6957
-91,6956
79,6955
27,6954
-48,6953
58,6952
6,6950
33,6949
75,6948
-99,6946
-34,6945
-95,6943
-81,6942
41,6941
69,6939
18,6938
48,6937
-81,6936
-17,6935
62,6934
86,6933
-27,6932
77,6931
62,6930
47,6929
-56,6928
43,6927
-90,6924
-25,6923
-70,6922
100,6921
14,6920
52,6918
58,6917
-98,6916
79,6914
16,6913
1,6912
72,6911
-41,6910
-90,6909
78,6908
-79,6907
-67,6906
65,6905
96,6904
-22,6903
26,6901
-68,6900
-6,6899
-48,6898
-47,6897
-13,6896
58,6894
72,6893
-11,6891
80,6890
-75,6889
-17,6888
11,6887
-72,6886
-19,6884
-93,6882
75,6881
-39,6880
10,6878
-51,6877
-88,6873
51,6872
33,6871
-13,6870
65,6868
-13,6867
-48,6866
-5,6865
-7,6863
13,6862
-50,6861
23,6860
-35,6857
-75,6856
42,6855
1,6853
-77,6852
-92,6851
25,6849
20,6848
-85,6847
15,6846
26,6845
48,6842
40,6840
82,6839
91,6838
-60,6837
-31,6836
-69,6835
-21,6834
-49,6832
-95,6831
-47,6829
16,6828
-62,6825
-65,6824
65,6823
32,6822
0,6821
70,6818
-78,6817
93,6815
-15,6814
14,6812
5,6808
48,6807
61,6805
-17,6804
11,6803
-17,6801
34,6800
38,6798
-53,6796
-11,6795
-56,6794
37,6793
44,6792
-45,6791
-87,6790
77,6789
9,6787
86,6786
22,6785
-24,6783
-11,6778
-46,6777
-38,6776
-75,6775
-80,6774
73,6773
77,6772
85,6771
65,6770
100,6767
11,6765
26,6764
63,6763
7,6762
4,6761
-4,6759
-49,6757
62,6754
52,6753
-43,6752
18,6751
77,6750
85,6749
53,6748
8,6747
-4,6746
19,6745
-72,6744
-91,6743
-23,6742
73,6741
-27,6740
-22,6739
7,6738
-53,6737
24,6736
81,6735
-12,6734
60,6733
-28,6732
65,6731
78,6730
29,6729
54,6728
91,6726
-15,6724
57,6723
80,6722
-93,6721
73,6720
62,6718
12,6716
12,6715
63,6714
15,6713
95,6712
0,6711
-82,6709
-64,6708
-93,6707
86,6705
13,6703
-28,6702
-31,6700
76,6699
-13,6698
24,6697
-36,6696
78,6694
14,6693
-93,6691
-43,6690
-75,6689
-87,6686
39,6684
2,6683
-29,6682
-42,6681
-64,6680
83,6678
6,6677
-69,6676
-37,6675
-45,6674
-18,6672
28,6670
-34,6668
-75,6667
57,6666
-64,6665
62,6663
-94,6659
-67,6658
-63,6657
70,6656
-58,6655
-73,6654
65,6653
16,6652
-36,6651
-99,6648
-34,6647
47,6646
36,6645
-96,6643
11,6642
80,6641
-42,6639
93,6638
-93,6637
-24,6636
59,6635
-55,6634
65,6632
23,6629
-15,6628
46,6626
-90,6625
42,6624
66,6623
7,6622
38,6621
-60,6620
-82,6619
72,6618
99,6617
26,6616
-91,6614
-1,6613
-11,6612
-74,6611
-28,6610
-44,6609
0,6608
19,6607
-60,6606
-63,6605
88,6604
-60,6601
-20,6600
9,6599
-50,6597
-81,6595
-36,6594
-3,6591
46,6588
-34,6587
-69,6585
-74,6583
57,6582
-9,6581
-97,6578
-8,6577
-56,6576
50,6575
21,6573
47,6570
-35,6569
-52,6568
99,6567
-61,6566
-70,6565
-64,6562
-39,6560
26,6559
-31,6558
-13,6556
48,6555
-5,6554
-99,6553
42,6552
60,6551
39,6550
-23,6549
-65,6547
61,6546
-14,6545
-56,6542
3,6541
45,6540
-59,6539
4,6538
-82,6536
44,6534
32,6533
34,6532
-67,6530
-99,6529
-9,6528
17,6526
49,6525
-48,6524
97,6522
-83,6521
24,6520
-85,6519
90,6518
-28,6516
61,6515
4,6514
36,6513
72,6512
2,6511
34,6510
4,6509
-4,6508
70,6507
-60,6505
-6,6503
34,6502
-71,6501
-27,6500
-46,6499
80,6495
-79,6494
-24,6492
-72,6489
-54,6488
-95,6487
23,6486
50,6485
0,6484
-65,6483
-89,6482
-55,6480
-93,6478
-53,6477
56,6476
-49,6475
-23,6474
-72,6472
55,6470
-10,6469
-42,6468
-31,6467
60,6466
-20,6465
-14,6463
55,6461
100,6460
57,6458
24,6456
-66,6455
50,6454
-90,6453
-100,6452
20,6451
-33,6450
-79,6449
17,6448
-2,6447
-7,6445
-56,6441
89,6440
26,6438
73,6437
79,6436
-20,6434
38,6432
26,6427
71,6426
-25,6423
38,6422
21,6420
24,6419
-74,6417
100,6414
-10,6413
77,6412
-46,6411
34,6409
74,6406
51,6405
-74,6404
70,6402
-56,6399
-79,6398
-94,6397
-95,6396
-61,6395
65,6394
3,6393
86,6392
-75,6391
-52,6389
-87,6388
54,6386
-55,6383
-4,6382
80,6381
-58,6380
-10,6379
100,6378
-100,6376
22,6375
61,6374
-75,6373
57,6372
-13,6371
33,6370
-68,6368
-98,6367
15,6366
-58,6365
90,6364
9,6362
76,6361
-83,6360
36,6359
-18,6357
-60,6356
24,6355
-12,6354
37,6352
-26,6351
-8,6350
-4,6346
6,6345
45,6343
-81,6340
67,6339
-37,6338
-87,6337
19,6335
-28,6334
88,6333
-31,6332
-81,6331
-18,6330
-89,6329
-91,6328
78,6327
-49,6326
-80,6324
-87,6323
81,6322
-31,6321
49,6319
-37,6317
41,6316
-42,6315
-36,6314
49,6313
14,6312
1,6311
63,6310
-5,6309
20,6306
85,6305
74,6304
-93,6303
34,6302
10,6301
-15,6300
32,6299
53,6298
50,6297
-79,6295
61,6294
59,6293
-28,6292
-86,6291
-51,6289
83,6288
57,6287
-62,6286
-71,6282
-68,6281
-4,6280
91,6279
-36,6277
21,6276
14,6273
-32,6272
-78,6269
-45,6268
15,6267
4,6266
-91,6265
-38,6263
-21,6262
-52,6261
94,6260
30,6259
-67,6258
-85,6257
-78,6256
-68,6255
-95,6253
-66,6251
-90,6247
-6,6244
-22,6243
-89,6242
-28,6240
36,6239
-41,6238
-14,6236
16,6235
67,6233
-11,6231
82,6229
-79,6228
46,6227
-32,6226
-9,6225
51,6223
-27,6222
-20,6221
25,6220
48,6219
29,6218
-58,6217
72,6216
49,6213
-33,6212
-96,6211
55,6210
2,6209
99,6208
-23,6206
-41,6205
-6,6203
44,6202
-16,6201
-24,6199
-50,6198
-37,6197
85,6193
6,6192
-96,6191
-31,6189
11,6188
99,6185
5,6184
-42,6182
58,6181
95,6178
-73,6177
-14,6176
-25,6175
37,6172
-63,6171
-6,6170
-18,6169
-75,6168
28,6167
77,6166
-9,6164
-63,6163
13,6161
14,6159
-85,6158
-78,6156
-18,6155
-61,6154
-25,6151
64,6150
65,6149
-96,6147
-16,6144
60,6143
23,6142
-29,6141
-43,6140
-57,6139
-27,6135
-65,6134
72,6133
-43,6132
26,6128
-85,6127
-65,6126
3,6125
-96,6124
68,6123
-46,6122
-61,6121
38,6120
70,6119
75,6118
-93,6117
-5,6116
23,6115
-50,6112
27,6108
-10,6107
-59,6106
52,6104
28,6102
-4,6101
0,6099
4,6098
-59,6097
-28,6096
69,6095
16,6094
12,6092
63,6091
95,6090
-98,6089
65,6088
46,6087
0,6084
-86,6083
-20,6082
49,6081
91,6080
-22,6079
92,6077
10,6076
17,6074
-85,6072
59,6071
-61,6070
-49,6069
-74,6068
-90,6067
-71,6066
-36,6065
58,6064
-21,6061
33,6059
-77,6057
-52,6056
53,6055
59,6054
-52,6053
-3,6052
-59,6049
71,6048
-45,6047
-86,6046
81,6042
-6,6041
54,6040
60,6039
-92,6038
47,6037
15,6036
-25,6034
54,6033
35,6032
-8,6028
-6,6026
-54,6023
4,6022
-25,6021
19,6020
-42,6015
-9,6014
20,6013
-79,6012
-47,6009
53,6008
-6,6006
78,6005
25,6004
-92,6002
82,6001
-51,6000
69,5999
-52,5998
72,5997
-16,5993
6,5992
-60,5991
41,5990
10,5989
20,5988
-69,5987
-35,5985
-97,5984
16,5983
41,5982
-55,5980
99,5979
-73,5977
20,5976
33,5975
-54,5974
-50,5972
53,5969
-77,5968
67,5967
37,5966
-49,5965
-9,5964
-83,5963
96,5961
67,5960
-2,5959
-20,5956
-72,5955
-22,5953
77,5952
-39,5951
-74,5950
-62,5949
70,5948
37,5945
57,5943
50,5942
99,5941
-22,5940
-13,5939
-80,5938
-27,5937
66,5936
14,5935
-60,5933
-48,5932
-57,5931
-68,5930
-16,5928
29,5927
55,5926
78,5925
-63,5924
-42,5923
-48,5919
6,5916
38,5914
-8,5913
28,5911
-19,5910
25,5908
81,5906
-96,5905
-99,5904
-44,5903
-77,5902
-28,5901
-50,5900
98,5898
100,5897
-81,5893
-33,5892
69,5891
69,5890
-37,5889
66,5888
89,5887
18,5885
12,5884
73,5879
-26,5878
11,5877
-41,5876
19,5875
-84,5874
59,5873
0,5870
15,5869
28,5868
-81,5867
27,5865
-20,5864
-86,5863
14,5862
-41,5861
-31,5860
-65,5859
-51,5857
-6,5856
-41,5854
-63,5853
-69,5852
-65,5851
-11,5850
39,5849
56,5847
-92,5845
56,5844
-97,5843
-71,5842
-45,5841
-11,5838
-89,5837
4,5836
93,5834
18,5833
68,5832
-57,5831
-6,5830
-47,5829
-13,5828
51,5827
90,5825
-77,5823
72,5822
-95,5821
-2,5820
-20,5818
-55,5817
-84,5816
-77,5815
95,5814
-33,5811
61,5810
-51,5809
-94,5808
65,5807
-27,5805
-14,5804
-14,5801
-73,5800
-17,5798
4,5797
-2,5796
12,5795
-75,5793
68,5791
93,5790
23,5789
-77,5787
-48,5785
57,5783
-63,5782
-74,5780
-87,5778
-25,5777
21,5775
73,5774
-47,5773
27,5772
54,5768
57,5767
-53,5766
38,5765
-37,5764
54,5762
-15,5761
3,5760
-68,5758
-84,5757
93,5756
81,5755
-65,5754
2,5753
80,5752
5,5750
16,5749
36,5747
60,5745
-29,5743
3,5742
-98,5741
46,5740
69,5739
99,5738
3,5737
-24,5735
-56,5734
6,5733
-12,5732
-66,5730
45,5729
38,5728
-85,5727
59,5726
59,5725
40,5723
-65,5722
-29,5721
-84,5720
-94,5719
26,5718
37,5716
-8,5715
-77,5714
18,5713
-55,5712
-17,5711
-40,5710
-8,5708
49,5707
3,5706
54,5703
-44,5702
9,5700
-40,5699
81,5698
0,5697
9,5696
72,5695
85,5692
69,5691
-71,5690
69,5687
61,5685
-36,5684
31,5683
-5,5682
75,5681
44,5679
12,5678
-20,5677
42,5676
77,5674
-68,5673
17,5672
-30,5670
24,5669
23,5668
-16,5667
-10,5665
88,5664
67,5663
-3,5662
0,5660
30,5659
77,5658
64,5656
13,5655
63,5654
16,5653
15,5652
-5,5650
66,5649
-21,5648
-96,5647
-33,5645
-81,5644
-10,5643
-90,5641
-43,5640
72,5639
96,5637
-58,5636
1,5635
62,5634
23,5632
-48,5631
-7,5630
44,5629
-79,5628
-72,5627
50,5625
-44,5624
88,5623
-67,5622
-50,5620
92,5618
1,5617
-45,5615
-24,5614
-36,5613
-70,5612
-35,5611
-89,5610
62,5609
5,5608
48,5607
-59,5606
-87,5604
68,5602
25,5601
57,5600
-24,5599
52,5598
-9,5596
-3,5595
-31,5594
87,5593
82,5592
-7,5591
94,5590
-4,5589
53,5588
32,5586
-98,5585
-48,5584
-24,5583
-75,5582
-18,5581
-68,5580
24,5575
-46,5574
96,5573
35,5572
4,5571
65,5570
88,5569
-57,5568
-23,5567
40,5566
12,5565
-80,5564
-82,5563
-45,5562
-29,5560
84,5558
-6,5557
7,5556
-14,5554
26,5553
-98,5550
92,5549
69,5547
25,5546
-69,5545
38,5543
49,5542
-48,5541
28,5539
23,5538
31,5536
-37,5535
35,5534
-4,5533
15,5532
-93,5531
69,5530
26,5529
-95,5527
-92,5526
69,5525
-48,5523
78,5522
100,5521
-73,5520
27,5519
42,5515
-61,5512
19,5511
15,5510
77,5509
-44,5508
42,5507
-42,5506
-52,5505
76,5504
10,5503
-49,5502
44,5501
80,5500
67,5498
-90,5497
-3,5496
-56,5495
-72,5494
54,5493
42,5492
7,5491
18,5490
-81,5489
78,5488
-98,5484
23,5482
45,5481
44,5479
-74,5478
81,5477
-48,5476
-19,5475
-69,5473
-67,5472
46,5470
8,5469
-41,5468
-3,5467
9,5466
86,5465
34,5464
-62,5463
21,5460
63,5458
-68,5456
33,5455
23,5452
63,5451
19,5450
-67,5449
60,5448
75,5447
72,5446
-11,5445
89,5444
74,5443
-92,5442
39,5441
-3,5440
-6,5438
26,5437
-59,5436
79,5435
-36,5434
-21,5433
-70,5432
-95,5430
-1,5427
70,5426
-100,5425
22,5424
-73,5423
-55,5421
-64,5420
71,5418
29,5417
-75,5416
-26,5415
4,5414
-13,5410
-21,5409
58,5408
-11,5407
-53,5406
-70,5405
5,5404
-4,5402
90,5399
96,5398
-47,5397
-27,5395
-73,5394
42,5393
6,5392
88,5391
95,5390
-12,5389
5,5388
65,5387
59,5386
41,5384
-88,5383
85,5382
100,5379
90,5377
-4,5376
41,5375
-78,5374
35,5373
-49,5372
-72,5371
2,5370
-35,5369
73,5367
97,5366
62,5364
-93,5363
44,5362
-94,5361
-7,5360
55,5359
99,5357
71,5356
-77,5355
-35,5354
49,5353
-52,5352
-40,5351
70,5350
-3,5349
3,5348
95,5347
52,5346
100,5345
-53,5344
-56,5342
-7,5341
71,5340
90,5339
69,5338
79,5337
-95,5336
-25,5335
97,5333
-65,5332
-56,5331
-96,5330
75,5329
14,5328
-97,5327
-61,5326
-44,5324
-65,5323
-43,5322
37,5320
20,5318
22,5317
75,5316
56,5315
83,5314
84,5310
-43,5303
64,5302
-35,5301
88,5300
68,5299
87,5298
53,5297
65,5296
29,5295
85,5293
95,5292
66,5291
-11,5289
56,5288
78,5287
56,5284
-87,5283
-68,5282
94,5281
99,5280
-89,5279
-20,5278
68,5277
4,5276
29,5275
13,5274
16,5273
-56,5271
-90,5269
-57,5268
74,5267
-60,5266
-35,5265
46,5263
29,5262
-15,5259
-15,5258
-45,5256
-44,5255
-48,5254
-69,5252
-95,5251
-39,5250
-95,5249
53,5248
63,5243
-78,5242
66,5239
-14,5238
-36,5236
-3,5235
75,5233
-20,5232
-55,5231
-60,5229
69,5228
80,5227
-40,5226
83,5225
62,5224
-80,5223
-91,5222
-8,5221
87,5220
-15,5218
-83,5217
4,5216
80,5215
13,5214
-95,5213
-44,5211
-85,5210
88,5208
16,5207
45,5205
-11,5203
60,5202
17,5200
7,5197
9,5196
-92,5194
-77,5193
-30,5192
-57,5191
-81,5189
3,5187
28,5186
55,5185
-41,5184
4,5183
-40,5181
-9,5177
-65,5175
-95,5174
-25,5173
-75,5172
23,5171
-7,5169
-73,5168
-2,5167
-38,5166
-39,5165
-11,5164
4,5162
43,5161
34,5160
81,5159
98,5158
-7,5156
-87,5155
-97,5154
-54,5153
19,5152
27,5151
-91,5150
45,5147
-82,5146
-3,5145
93,5143
-81,5141
-72,5140
23,5139
-95,5136
18,5135
-97,5134
-88,5132
25,5128
84,5127
-21,5126
-70,5125
31,5124
65,5123
-5,5121
76,5120
-2,5119
86,5118
-82,5117
-40,5116
-84,5114
51,5112
64,5111
-57,5110
1,5109
1,5108
2,5107
-12,5106
-77,5105
-21,5101
18,5099
5,5098
-45,5097
32,5095
74,5094
-51,5093
-11,5092
67,5091
-81,5090
87,5089
10,5087
-47,5085
94,5084
43,5082
-82,5081
-68,5079
-70,5078
-95,5077
14,5075
31,5074
-58,5073
-20,5072
-45,5071
54,5070
57,5069
-100,5068
16,5067
-16,5066
7,5064
93,5063
7,5060
8,5059
72,5058
-67,5057
93,5054
-62,5053
47,5052
37,5050
33,5049
-18,5048
35,5046
89,5045
-54,5043
-39,5042
-15,5041
-98,5040
49,5039
-21,5036
-36,5035
-45,5034
-25,5033
73,5031
36,5029
17,5028
-28,5027
77,5026
-32,5025
-98,5024
-44,5023
68,5021
100,5020
-67,5019
63,5018
-40,5017
96,5016
-57,5014
-2,5013
-65,5012
55,5010
19,5009
89,5008
-83,5007
83,5006
57,5005
52,5003
8,5002
48,5000
97,4999
-64,4998
-71,4997
-59,4996
98,4995
-1,4994
-85,4992
-76,4991
1,4990
1,4989
-96,4988
87,4987
-62,4986
56,4985
16,4984
-60,4983
4,4982
63,4980
74,4978
34,4975
86,4974
80,4973
99,4972
89,4970
28,4967
-72,4966
3,4965
-100,4964
-25,4963
-59,4962
-26,4961
34,4959
81,4956
91,4955
-17,4954
8,4952
71,4950
86,4949
-89,4948
50,4947
-33,4946
-46,4945
57,4944
-74,4943
-32,4942
22,4941
43,4940
32,4939
16,4938
-21,4937
-63,4936
-66,4935
87,4934
19,4933
-12,4932
54,4931
-94,4930
-33,4929
-65,4927
-50,4926
-40,4925
25,4924
2,4923
-10,4921
-95,4920
-60,4918
-6,4917
-10,4916
77,4913
74,4912
-97,4911
99,4910
-53,4909
71,4908
-49,4906
6,4905
4,4903
-3,4901
72,4899
21,4898
-14,4895
-77,4894
95,4893
-69,4892
-59,4891
12,4887
52,4886
-74,4885
89,4884
51,4880
-47,4879
40,4878
76,4877
-56,4876
-18,4875
-59,4873
-48,4871
-32,4870
-66,4869
-68,4868
-16,4867
-2,4866
-46,4864
-34,4863
-80,4862
-16,4860
-19,4858
-92,4856
-76,4855
-9,4854
-45,4853
8,4852
50,4851
58,4850
-28,4849
-5,4848
54,4847
38,4846
-35,4844
-50,4843
-93,4840
1,4838
-46,4837
17,4836
46,4834
25,4833
50,4832
-12,4831
41,4829
-84,4828
65,4827
-95,4826
50,4824
12,4823
-49,4822
87,4821
-25,4820
-79,4818
94,4817
63,4816
13,4815
12,4814
-52,4813
-52,4812
7,4810
62,4808
28,4806
27,4805
85,4804
72,4803
22,4802
-57,4801
95,4800
69,4797
-5,4796
24,4795
46,4794
34,4793
76,4791
-100,4790
-28,4789
-50,4786
28,4785
57,4784
-29,4782
9,4781
-100,4780
20,4779
-22,4778
57,4777
93,4776
-42,4775
-29,4774
-34,4773
8,4770
73,4769
90,4768
-8,4767
-15,4765
69,4764
64,4763
73,4761
-86,4759
43,4757
22,4756
85,4755
42,4752
99,4751
4,4750
-73,4748
-63,4747
59,4746
-62,4744
-12,4742
-12,4741
-22,4740
94,4739
-5,4738
60,4736
-44,4735
-82,4734
40,4732
-56,4731
7,4730
-69,4728
17,4727
59,4726
28,4725
-82,4724
48,4723
-88,4722
-10,4721
56,4720
-32,4719
12,4718
-77,4717
-65,4715
-25,4714
29,4713
9,4712
-26,4711
22,4710
37,4709
22,4708
-5,4707
-59,4706
52,4705
-56,4704
-52,4701
66,4700
54,4699
-71,4697
-6,4696
82,4695
5,4694
74,4693
-37,4692
6,4691
-4,4690
14,4689
68,4688
70,4687
48,4686
-72,4685
-76,4684
-76,4683
20,4682
-47,4681
28,4680
9,4679
-4,4678
-22,4676
16,4675
82,4674
26,4672
5,4671
6,4670
48,4668
72,4667
-56,4666
-17,4665
-12,4664
61,4663
93,4662
49,4661
-16,4660
63,4659
43,4658
94,4654
-85,4653
40,4652
-8,4651
-49,4649
-97,4648
51,4646
-97,4645
-49,4644
53,4643
-100,4642
-12,4641
99,4639
-59,4638
81,4637
0,4636
-25,4635
34,4634
-60,4633
100,4631
92,4630
88,4626
-88,4623
-20,4622
37,4621
44,4619
18,4618
2,4617
-4,4616
36,4615
-95,4613
17,4612
-42,4611
42,4610
-38,4609
6,4607
60,4605
-91,4604
-42,4603
13,4602
-36,4600
5,4598
-6,4597
23,4596
100,4594
59,4593
-16,4590
71,4589
-80,4588
-4,4587
-59,4586
78,4585
-96,4584
60,4583
-59,4581
6,4580
25,4579
13,4578
62,4577
-21,4576
37,4575
-26,4572
-17,4571
44,4570
9,4569
100,4568
91,4567
-63,4566
91,4565
83,4562
99,4561
-21,4560
79,4558
9,4557
35,4556
66,4555
74,4554
92,4553
6,4550
66,4548
77,4547
-13,4546
-88,4545
23,4544
85,4543
-76,4542
-89,4540
48,4538
72,4535
60,4533
-18,4532
-70,4531
4,4530
51,4528
38,4527
77,4526
0,4525
64,4524
70,4523
-6,4521
98,4519
-8,4518
-81,4517
-69,4516
-31,4514
-33,4513
86,4512
46,4511
57,4507
-37,4504
21,4503
47,4502
41,4501
88,4499
5,4498
-21,4497
37,4496
-70,4493
84,4492
-63,4491
59,4490
-45,4489
68,4487
46,4486
1,4484
82,4483
-24,4482
94,4480
42,4479
85,4478
-42,4477
83,4476
-51,4475
-91,4473
9,4472
57,4471
91,4470
7,4469
-95,4468
-78,4467
-67,4466
-98,4465
-100,4464
-77,4463
31,4462
69,4458
-67,4457
-59,4456
-63,4455
36,4454
-25,4453
2,4452
-62,4451
-28,4450
60,4449
-92,4448
-67,4447
19,4446
78,4445
-99,4443
-89,4442
39,4441
6,4440
68,4437
35,4434
-1,4433
50,4432
41,4431
80,4430
-9,4428
32,4427
91,4426
-88,4425
-17,4424
-39,4423
74,4422
-97,4419
31,4418
-49,4417
-25,4416
-71,4415
-66,4414
-47,4413
89,4412
86,4411
22,4410
-54,4409
-38,4408
-50,4407
-86,4406
-8,4405
59,4404
11,4403
23,4402
11,4400
22,4399
-17,4398
95,4397
-48,4396
12,4394
-11,4393
77,4392
-63,4390
-89,4389
66,4388
8,4386
100,4384
5,4383
-85,4382
20,4381
8,4380
91,4379
-84,4378
73,4376
27,4375
-55,4374
21,4373
84,4372
-3,4371
15,4369
-70,4368
38,4366
100,4364
-57,4362
-59,4361
30,4360
-14,4359
-80,4358
-96,4357
74,4355
-77,4354
-64,4353
-8,4351
80,4350
58,4349
78,4347
89,4346
29,4345
77,4344
-38,4343
-20,4341
60,4340
85,4339
98,4338
-96,4337
-80,4335
53,4334
-12,4332
3,4331
-20,4330
-7,4329
23,4328
71,4327
-49,4325
89,4324
52,4323
67,4322
54,4321
-27,4319
44,4317
-80,4316
55,4315
-67,4314
-49,4313
71,4311
-84,4310
31,4309
4,4308
58,4307
-38,4305
-65,4304
-100,4303
-1,4299
-45,4297
-39,4296
-95,4295
-95,4294
74,4293
-20,4292
8,4291
29,4290
-72,4289
-21,4288
-80,4287
-48,4285
41,4283
-18,4282
13,4279
2,4278
39,4276
-39,4275
-61,4274
-85,4273
-27,4271
-98,4267
6,4266
-81,4265
-66,4264
-75,4263
38,4262
62,4261
39,4260
40,4259
-56,4258
37,4257
0,4255
-34,4254
5,4253
0,4252
59,4251
20,4249
38,4248
63,4247
49,4246
53,4245
21,4244
-94,4242
91,4241
-76,4240
-97,4239
65,4236
-78,4235
27,4234
94,4233
-15,4232
-52,4231
-84,4229
39,4226
87,4225
-68,4224
82,4223
-91,4222
-93,4220
1,4219
-89,4218
14,4217
34,4216
87,4215
-23,4214
57,4213
-59,4212
-84,4211
12,4209
-41,4208
-13,4207
40,4206
-95,4205
29,4204
-34,4203
16,4201
2,4200
-28,4199
95,4198
94,4197
37,4196
-87,4195
-89,4194
-62,4193
-34,4192
-20,4191
85,4189
69,4188
40,4187
70,4184
76,4183
-29,4182
90,4181
82,4180
-38,4179
-55,4178
-41,4177
89,4175
-30,4173
1,4172
-80,4171
-99,4170
-59,4169
92,4168
16,4166
-42,4165
-5,4164
-37,4163
56,4162
-47,4159
56,4158
-94,4157
78,4156
47,4155
-17,4154
-79,4153
-45,4151
-99,4150
91,4149
21,4148
83,4146
-28,4145
-7,4144
-20,4143
50,4142
-46,4141
-81,4140
-54,4139
27,4138
80,4137
-84,4136
20,4135
-91,4133
2,4132
67,4131
62,4130
80,4129
-60,4128
43,4127
43,4125
49,4122
-91,4121
-96,4120
8,4119
-16,4118
-74,4117
33,4116
-51,4115
14,4114
34,4113
67,4111
-78,4109
48,4108
99,4107
2,4106
-33,4104
-64,4103
-75,4102
30,4101
-86,4100
63,4099
100,4098
23,4097
55,4096
-96,4094
45,4093
51,4092
40,4091
12,4090
-53,4089
92,4088
-16,4086
88,4084
-34,4083
-33,4082
-76,4081
-39,4080
-15,4079
-92,4078
-9,4077
25,4075
-57,4074
-43,4073
75,4072
-88,4069
-83,4068
7,4067
-66,4066
24,4065
19,4064
72,4062
69,4061
92,4059
88,4058
30,4057
-28,4055
-93,4052
35,4051
-68,4050
89,4049
46,4048
-46,4047
19,4045
62,4044
-11,4042
-19,4040
-67,4039
-39,4038
42,4037
-14,4036
-59,4035
87,4034
-52,4033
-66,4032
-18,4031
-92,4029
13,4028
-50,4027
12,4026
-44,4025
-61,4022
-90,4021
-81,4020
78,4019
52,4018
54,4017
57,4016
-6,4014
-13,4012
0,4011
-33,4010
0,4008
28,4006
-10,4005
-8,4004
56,4003
-74,4002
45,4001
-75,4000
-37,3998
-82,3997
-80,3995
30,3993
83,3992
-15,3990
63,3989
71,3987
18,3986
-97,3985
-99,3984
96,3983
-78,3982
55,3981
-78,3980
100,3979
-49,3978
94,3977
2,3976
-92,3975
-77,3973
-69,3972
20,3971
-88,3969
-65,3968
23,3965
84,3963
-75,3962
77,3961
-3,3960
-7,3958
-25,3956
2,3953
92,3952
-8,3951
-83,3950
-27,3947
81,3946
-69,3945
-10,3944
100,3943
1,3942
-47,3941
64,3938
-38,3937
-62,3936
4,3934
-50,3933
53,3931
33,3930
72,3929
-41,3928
99,3925
-51,3924
-57,3923
-27,3922
-54,3919
45,3917
-1,3916
-59,3915
-26,3914
-6,3911
2,3910
67,3909
-78,3908
-17,3907
25,3906
10,3905
-60,3902
-68,3901
21,3900
76,3899
-92,3898
-12,3897
35,3896
-24,3894
77,3893
-47,3891
-77,3889
-43,3888
-55,3887
-77,3886
93,3885
5,3883
56,3882
-39,3881
87,3880
-37,3878
-1,3877
-79,3876
46,3875
89,3874
69,3872
69,3871
52,3870
-13,3869
-64,3868
-28,3867
-32,3865
91,3864
-27,3862
36,3861
-70,3860
-8,3859
-27,3857
-97,3856
-35,3854
-63,3853
94,3852
-75,3851
-9,3850
-20,3849
-37,3847
-88,3846
76,3845
-61,3844
-30,3843
-29,3842
-93,3841
-89,3840
-23,3839
1,3838
23,3835
86,3834
71,3833
38,3832
72,3831
-89,3829
21,3828
15,3827
-27,3824
-73,3823
-85,3822
-30,3819
-17,3818
-81,3816
3,3815
10,3814
-3,3813
-55,3812
-34,3811
33,3809
48,3808
93,3806
46,3805
-93,3804
5,3802
-46,3801
-36,3798
-93,3797
-35,3796
-37,3795
9,3794
-30,3793
-41,3792
2,3790
35,3789
-96,3788
77,3787
-87,3786
-65,3784
64,3783
3,3780
96,3779
-90,3778
33,3777
-83,3774
-14,3773
57,3772
48,3771
49,3770
-26,3769
22,3767
-38,3766
-100,3765
27,3764
-3,3763
74,3762
81,3761
-98,3760
44,3759
-90,3758
-99,3757
-56,3756
-91,3755
-30,3754
-66,3753
-37,3752
60,3751
25,3748
-74,3746
27,3744
-50,3742
-31,3741
92,3739
78,3736
-100,3735
-3,3733
-33,3732
51,3731
15,3730
-34,3729
-98,3726
-55,3725
-80,3723
91,3719
47,3718
24,3717
18,3716
-72,3715
100,3713
-89,3712
-61,3710
-65,3709
37,3708
4,3705
10,3704
-2,3703
-29,3702
-91,3701
6,3699
-47,3698
-65,3695
61,3694
87,3693
-31,3692
79,3691
-62,3690
78,3689
46,3687
50,3684
-73,3683
-46,3682
-91,3681
64,3680
97,3679
-17,3676
-79,3675
65,3674
-96,3673
-51,3672
34,3671
-89,3670
-33,3668
55,3667
-35,3666
-76,3664
28,3663
34,3662
-4,3661
7,3659
-68,3658
18,3657
-4,3656
49,3654
81,3652
-20,3650
48,3648
33,3647
100,3645
-15,3644
-10,3643
-78,3642
9,3640
-94,3639
-53,3637
-82,3635
-41,3634
-47,3633
95,3632
-19,3630
-93,3629
84,3627
85,3625
49,3623
9,3622
57,3620
19,3619
-87,3618
-93,3615
83,3614
66,3613
-81,3612
-19,3610
-94,3609
40,3608
22,3607
56,3606
56,3605
-7,3602
5,3601
47,3600
80,3599
52,3598
58,3597
-71,3596
-78,3595
51,3594
-52,3592
96,3591
73,3590
-66,3586
-80,3581
-30,3580
-35,3576
20,3575
-54,3574
-61,3573
-98,3572
8,3571
-85,3569
28,3566
-47,3565
40,3564
22,3560
9,3557
91,3556
-4,3555
22,3553
62,3552
-94,3551
-87,3550
-17,3549
52,3548
45,3545
-67,3544
-4,3543
-84,3539
-31,3534
-78,3533
82,3532
-69,3530
-46,3529
-46,3528
81,3527
-18,3526
-91,3524
19,3523
59,3522
-91,3521
82,3520
65,3518
-2,3517
0,3516
-52,3514
-24,3513
98,3512
5,3511
83,3510
46,3508
7,3507
74,3505
-45,3504
14,3502
82,3501
-69,3500
-9,3499
99,3498
50,3497
64,3496
85,3495
-21,3494
-79,3492
-3,3491
-59,3490
2,3489
62,3488
-6,3487
-46,3486
90,3485
-93,3483
45,3482
-5,3480
-59,3479
-88,3478
-100,3476
54,3475
33,3473
-41,3471
-70,3470
-53,3469
27,3468
66,3465
-20,3464
58,3463
-59,3462
-87,3461
98,3460
-30,3459
56,3458
62,3457
-87,3456
80,3455
73,3454
13,3453
46,3452
28,3451
91,3450
4,3449
-7,3448
59,3445
37,3443
57,3442
42,3441
-56,3440
4,3437
53,3435
59,3433
-15,3432
13,3431
-74,3429
-57,3428
-25,3427
-55,3426
-31,3425
-8,3424
-48,3423
-43,3421
54,3419
88,3418
64,3417
-67,3416
-77,3414
5,3413
-31,3412
-74,3410
-50,3409
-47,3408
-93,3407
87,3406
-27,3405
92,3404
59,3402
-44,3401
-64,3400
-59,3399
8,3398
35,3397
-45,3396
-24,3393
84,3390
-28,3388
-39,3386
-6,3385
12,3384
-63,3383
-39,3382
-12,3381
85,3380
50,3379
60,3378
-22,3377
-3,3376
-10,3371
-13,3370
88,3368
-41,3367
-90,3366
92,3365
-59,3363
90,3362
-67,3361
94,3360
-14,3359
90,3358
-56,3357
21,3356
-50,3355
62,3354
71,3353
92,3352
-26,3348
-42,3347
57,3344
16,3343
-28,3342
-96,3339
14,3338
-74,3337
72,3336
-5,3335
-12,3333
3,3332
30,3331
1,3329
40,3328
-44,3327
5,3326
-45,3325
-42,3323
-37,3322
-96,3321
-11,3320
-77,3319
78,3318
92,3317
-26,3316
6,3315
-44,3314
-11,3312
-19,3311
-36,3309
-22,3308
-9,3307
-37,3306
28,3304
-76,3303
-23,3302
-77,3301
63,3300
-53,3299
-46,3298
3,3297
96,3296
-56,3295
-11,3293
36,3292
-49,3291
-15,3290
89,3289
12,3288
-31,3286
-37,3285
41,3284
35,3283
-94,3281
6,3280
-48,3279
-35,3278
-83,3276
99,3275
83,3274
98,3272
-45,3271
29,3270
71,3269
16,3268
91,3267
-37,3265
25,3264
-34,3263
-33,3261
-38,3260
-19,3259
-73,3256
-19,3255
-50,3254
69,3253
-6,3251
-66,3250
-20,3249
21,3247
68,3246
-57,3245
60,3244
65,3243
88,3242
85,3241
94,3240
45,3239
-87,3238
-23,3234
-48,3233
-80,3232
16,3231
-76,3230
11,3228
-77,3227
-4,3226
33,3225
-29,3224
-45,3223
-56,3221
0,3219
27,3218
-79,3216
33,3215
-58,3214
-59,3213
47,3212
-58,3211
45,3210
-44,3209
29,3208
68,3207
51,3206
51,3205
32,3204
22,3203
81,3198
-91,3196
76,3194
-48,3193
-64,3192
-72,3191
-94,3190
-57,3187
100,3186
18,3185
49,3184
-85,3182
-92,3180
-19,3176
71,3175
70,3174
98,3173
29,3172
-40,3170
-78,3169
-83,3168
69,3167
-50,3165
-30,3163
53,3161
56,3160
-92,3158
-92,3157
-79,3156
41,3155
-52,3154
12,3153
-54,3152
23,3151
88,3149
55,3148
-17,3147
95,3146
-43,3145
80,3144
17,3143
12,3142
-22,3140
-23,3139
20,3137
-81,3136
-23,3135
-1,3134
38,3133
93,3132
27,3131
17,3130
47,3129
-39,3128
83,3127
-22,3126
99,3125
-87,3124
17,3123
50,3122
40,3121
-52,3120
-3,3119
11,3118
7,3117
-25,3116
81,3115
83,3114
-12,3112
52,3110
-14,3109
71,3108
-36,3107
94,3106
-53,3105
2,3104
39,3103
-74,3102
-25,3101
-63,3099
41,3098
-34,3097
24,3096
26,3095
-15,3094
-1,3093
93,3092
34,3091
64,3089
82,3088
-74,3087
85,3086
4,3085
-52,3084
-23,3083
59,3082
62,3078
-94,3077
-1,3076
-89,3075
61,3074
-28,3073
-75,3072
5,3071
-45,3070
-87,3069
-10,3068
0,3067
-5,3066
-31,3063
19,3062
38,3061
6,3060
76,3059
-78,3058
-50,3057
-84,3056
99,3055
-57,3054
-80,3053
2,3051
43,3050
31,3049
-61,3048
-4,3047
-52,3046
-73,3044
-45,3040
24,3038
91,3037
58,3036
53,3035
25,3034
-6,3033
19,3032
0,3031
-79,3029
-26,3028
42,3027
-82,3026
-56,3024
-4,3023
-38,3021
91,3020
30,3019
-61,3017
-24,3016
-40,3015
-3,3014
60,3013
-20,3012
55,3011
-71,3008
-5,3006
82,3003
-37,3002
-40,3000
89,2999
94,2998
-38,2997
64,2996
17,2993
-88,2992
-69,2991
57,2990
-15,2987
-100,2986
53,2985
18,2984
-46,2982
34,2981
-14,2980
90,2979
57,2978
-83,2977
-79,2976
-34,2975
49,2974
-35,2973
-1,2972
-9,2971
69,2970
-33,2969
55,2967
-94,2966
-8,2964
8,2962
52,2959
-99,2957
-4,2956
29,2955
-22,2954
-23,2953
-15,2952
-48,2951
94,2950
56,2949
11,2948
-49,2947
-80,2946
-81,2945
29,2944
73,2942
19,2941
71,2940
18,2939
-44,2938
53,2937
1,2934
31,2933
-4,2932
98,2931
-3,2930
34,2927
49,2926
-18,2925
53,2924
6,2923
67,2921
-26,2920
-49,2919
66,2918
54,2917
66,2916
-86,2915
27,2914
-12,2913
30,2912
76,2911
65,2909
-24,2908
78,2906
-47,2903
-25,2902
-76,2901
21,2898
89,2896
-28,2895
-50,2892
-91,2891
46,2888
14,2887
-70,2886
-94,2885
28,2884
-88,2883
-36,2880
-95,2879
-97,2878
8,2877
-62,2874
-71,2873
-94,2872
7,2871
-91,2870
-44,2868
39,2867
-15,2866
-8,2864
66,2862
53,2858
-82,2856
84,2852
-11,2850
72,2849
-96,2848
65,2847
-77,2845
-45,2844
-30,2843
-42,2842
93,2841
-93,2840
-28,2838
50,2835
95,2834
-25,2833
-66,2832
-9,2831
42,2830
77,2829
61,2827
38,2824
39,2823
38,2822
-83,2821
5,2820
-68,2819
60,2818
10,2817
2,2816
-34,2815
-6,2814
-48,2813
-48,2812
34,2810
-9,2809
-65,2807
64,2806
-32,2802
-74,2801
-79,2800
14,2799
-45,2798
-47,2797
-20,2796
80,2795
57,2794
-55,2793
80,2792
-67,2790
82,2787
81,2786
62,2785
-31,2783
47,2782
43,2781
43,2780
51,2779
-5,2778
-32,2777
-23,2776
64,2775
-75,2774
3,2773
52,2772
-74,2770
10,2769
4,2768
-82,2767
8,2764
100,2762
-52,2761
63,2759
13,2757
-62,2755
2,2754
-84,2751
-26,2750
-21,2749
-43,2748
14,2746
67,2744
-23,2743
-11,2741
35,2740
92,2739
43,2737
25,2735
-18,2734
-82,2732
-37,2731
-51,2730
89,2729
7,2728
-90,2727
18,2725
-33,2724
62,2723
-37,2722
-99,2721
8,2720
52,2718
-53,2717
-68,2716
1,2715
48,2714
29,2712
-78,2711
92,2709
-81,2708
-84,2706
75,2705
-98,2704
-59,2703
47,2702
-79,2701
69,2700
-76,2698
28,2696
-21,2694
85,2693
-40,2692
99,2691
-34,2690
-33,2688
92,2687
34,2683
6,2682
-71,2679
93,2678
35,2677
-37,2676
55,2675
65,2674
16,2671
13,2670
-55,2669
85,2668
-68,2666
-73,2665
40,2664
54,2662
-29,2660
32,2659
-94,2658
-81,2657
64,2656
-59,2654
-94,2653
6,2652
83,2651
95,2649
84,2647
-58,2646
63,2645
-26,2644
-55,2643
40,2642
-70,2641
-81,2640
1,2638
91,2635
-73,2634
-11,2632
-36,2631
-84,2630
-58,2629
17,2628
12,2627
13,2626
91,2625
37,2624
-5,2622
-16,2621
3,2620
22,2619
73,2618
43,2617
26,2613
73,2611
-1,2610
82,2609
26,2608
63,2607
11,2605
-58,2604
60,2603
43,2600
66,2598
41,2597
32,2596
-23,2595
99,2594
-42,2593
45,2592
-56,2591
61,2590
-95,2589
-9,2588
50,2587
47,2586
-63,2585
61,2584
-22,2583
-47,2580
19,2579
-2,2578
5,2576
23,2575
-83,2574
12,2572
10,2571
41,2570
-71,2569
49,2568
2,2567
42,2566
-61,2565
14,2564
3,2563
-3,2562
81,2561
-47,2560
-33,2557
63,2556
-37,2555
49,2554
-47,2552
-44,2551
81,2550
-73,2549
-85,2547
-76,2546
64,2544
-48,2543
76,2542
51,2541
-75,2540
-52,2539
82,2537
21,2536
92,2535
-87,2533
27,2532
-81,2531
19,2528
-77,2527
-66,2526
50,2525
89,2523
-90,2522
-81,2521
53,2520
3,2518
-82,2517
-65,2516
62,2515
29,2511
2,2510
-92,2508
-41,2506
-78,2505
-3,2504
-49,2503
-90,2502
98,2501
-10,2498
-80,2497
-21,2496
-90,2495
86,2493
-45,2492
-8,2490
-73,2489
-78,2488
-95,2487
-62,2486
88,2485
19,2484
-66,2483
-63,2482
0,2480
-50,2479
76,2478
35,2477
-61,2476
-57,2475
67,2474
-63,2473
38,2471
-90,2469
27,2467
18,2464
30,2463
-65,2462
-79,2461
-51,2459
-72,2458
-3,2457
81,2456
65,2454
-95,2453
55,2452
-100,2450
-61,2449
-17,2444
-57,2443
56,2441
0,2439
-15,2438
-25,2437
-27,2436
17,2435
26,2434
24,2433
50,2432
-89,2430
40,2429
-43,2428
-18,2427
44,2426
56,2425
-87,2423
-67,2422
-74,2420
85,2419
-18,2417
75,2415
-43,2414
-18,2413
65,2412
-97,2410
55,2408
-47,2407
-91,2404
84,2403
-34,2402
60,2401
-3,2400
-23,2399
55,2398
-79,2396
13,2395
-17,2394
-18,2392
-33,2388
-10,2386
58,2385
37,2384
21,2383
-15,2381
1,2380
23,2378
-14,2377
62,2376
74,2375
53,2373
-61,2372
-68,2371
-60,2369
74,2368
-22,2367
-41,2366
87,2365
-28,2364
8,2363
-81,2362
52,2361
49,2360
65,2358
35,2357
-84,2356
90,2355
87,2352
55,2351
44,2350
49,2349
-60,2348
-5,2347
-97,2346
-46,2345
-65,2344
-13,2343
-20,2341
82,2340
-88,2337
-75,2336
65,2334
-49,2332
-14,2331
13,2330
69,2328
70,2325
-88,2324
9,2323
38,2322
-22,2321
47,2320
-31,2318
81,2317
-87,2316
-66,2315
-27,2314
25,2313
7,2312
37,2311
61,2309
-85,2308
-94,2307
-63,2304
-38,2303
-49,2300
-92,2299
-70,2298
46,2297
53,2296
-48,2295
31,2294
97,2293
91,2292
-47,2291
-68,2290
-35,2288
-62,2286
58,2285
-37,2284
-90,2282
66,2281
38,2279
74,2278
-41,2277
-19,2276
0,2274
-27,2273
-74,2272
100,2271
-11,2269
-65,2268
50,2267
-62,2266
81,2265
-90,2264
29,2262
8,2260
42,2259
0,2258
-49,2257
64,2256
35,2254
65,2253
73,2252
63,2251
-48,2250
-43,2248
-60,2247
96,2246
-52,2245
42,2244
69,2242
100,2241
-86,2240
53,2239
52,2238
82,2236
57,2235
-66,2234
-64,2232
-73,2231
93,2230
99,2228
-23,2227
-23,2226
50,2225
-35,2224
88,2223
69,2222
11,2220
16,2219
-12,2218
28,2216
-18,2215
-92,2213
-65,2210
-97,2208
-45,2206
79,2205
-24,2204
17,2203
-17,2202
-57,2201
100,2197
81,2195
39,2192
-31,2190
63,2189
-41,2187
13,2186
-42,2185
41,2183
89,2182
13,2181
51,2180
-88,2179
53,2177
-41,2176
18,2174
72,2173
95,2172
65,2169
90,2168
63,2167
57,2166
65,2164
3,2163
-51,2162
-78,2161
28,2160
3,2158
-71,2156
95,2155
-36,2153
3,2151
55,2150
-3,2149
-62,2147
13,2146
26,2145
10,2144
13,2143
-28,2142
-38,2141
51,2140
94,2139
20,2138
53,2137
-99,2136
-91,2135
31,2132
70,2131
81,2130
42,2128
-92,2127
10,2126
-7,2125
-5,2124
100,2123
-29,2122
-31,2121
44,2120
18,2119
-70,2118
7,2117
94,2116
82,2114
58,2113
-34,2112
-24,2111
15,2109
-78,2107
-63,2106
-35,2105
82,2104
73,2103
87,2101
73,2098
14,2097
13,2096
-54,2095
-22,2093
32,2091
-39,2090
20,2089
-86,2088
-8,2086
74,2084
92,2081
-72,2080
67,2079
-58,2078
94,2077
98,2076
-4,2075
21,2074
5,2073
6,2071
98,2069
-4,2068
-52,2067
-39,2064
-5,2063
73,2062
92,2061
-72,2059
-89,2057
5,2056
95,2055
0,2054
-12,2053
-70,2052
-26,2051
-5,2050
37,2049
-32,2046
-44,2045
76,2043
43,2042
-85,2041
-97,2040
-73,2039
-56,2038
8,2035
100,2032
-63,2031
33,2030
-42,2029
-42,2028
48,2027
10,2026
-30,2025
20,2022
42,2021
47,2019
84,2018
93,2017
85,2016
72,2015
93,2014
53,2013
-68,2012
-23,2011
-41,2010
-75,2009
84,2008
-50,2007
29,2006
75,2005
-5,2004
-62,2001
46,2000
-56,1998
-32,1997
41,1996
-66,1995
-76,1994
-57,1993
15,1992
79,1991
12,1990
29,1989
23,1988
-4,1987
-78,1986
53,1985
-7,1983
-40,1980
-24,1979
15,1978
25,1976
27,1975
-59,1974
-20,1973
-84,1972
88,1969
-40,1965
55,1964
8,1962
-23,1961
24,1960
-24,1959
91,1958
88,1957
98,1956
92,1953
-53,1952
78,1950
31,1949
-6,1946
-60,1945
-51,1944
40,1942
37,1941
50,1940
-14,1939
63,1938
-63,1937
-62,1936
-93,1934
58,1933
4,1932
-15,1931
10,1930
-60,1929
-17,1927
82,1925
49,1924
44,1923
-82,1922
-89,1921
-35,1919
28,1917
71,1916
-77,1915
-94,1914
-99,1913
60,1912
83,1911
11,1910
-43,1906
55,1905
0,1903
-80,1902
84,1901
-35,1900
-60,1899
6,1898
63,1896
-95,1893
25,1891
-64,1890
-23,1889
-85,1888
-8,1887
-61,1886
99,1885
61,1884
61,1883
-68,1882
63,1881
-100,1880
-49,1878
18,1877
62,1876
72,1875
45,1872
74,1871
-4,1870
-65,1869
72,1868
100,1865
43,1864
5,1859
63,1858
-93,1857
6,1856
27,1855
-99,1854
-63,1853
4,1852
64,1851
-28,1850
-86,1849
-2,1848
-8,1847
15,1846
-54,1845
72,1843
-82,1842
-67,1841
-57,1840
20,1839
29,1838
-16,1837
-37,1836
98,1832
-48,1831
74,1830
37,1829
-16,1828
48,1827
-85,1825
84,1823
80,1822
-71,1821
56,1820
18,1818
-99,1817
39,1815
49,1814
71,1808
-84,1806
-94,1805
-61,1803
-40,1802
76,1801
75,1800
71,1799
-9,1798
-46,1797
-17,1796
-53,1795
-29,1794
-25,1793
-59,1792
-3,1791
-81,1789
-79,1788
73,1787
-20,1786
29,1785
-84,1783
-50,1782
-92,1781
-49,1780
-91,1779
86,1777
-13,1775
-67,1773
-76,1772
31,1770
83,1768
-56,1767
-14,1766
55,1765
-65,1764
55,1763
25,1762
-36,1761
72,1760
-93,1759
-57,1757
-91,1755
28,1753
-69,1752
35,1751
11,1750
-69,1749
-59,1748
-51,1747
7,1746
75,1744
-99,1743
-82,1740
-14,1739
32,1738
20,1737
82,1736
-14,1734
-12,1733
11,1732
29,1728
-79,1727
-89,1725
-25,1723
93,1722
52,1720
-84,1719
64,1718
-17,1717
97,1716
4,1715
63,1714
82,1713
-34,1712
11,1710
15,1709
37,1708
-34,1707
34,1706
16,1705
-60,1703
-88,1702
-14,1700
0,1699
-24,1698
69,1697
-89,1696
-36,1694
-65,1693
-24,1691
-42,1690
51,1689
55,1688
-81,1687
2,1686
52,1685
44,1684
25,1683
76,1682
-12,1681
20,1679
94,1678
70,1677
-45,1676
93,1675
-86,1674
19,1673
-32,1670
74,1668
87,1666
-57,1665
-69,1664
-66,1662
-87,1660
92,1658
18,1656
-80,1655
72,1654
75,1652
-53,1650
-25,1649
-65,1648
29,1647
-3,1645
-38,1644
9,1643
-82,1641
-97,1640
-27,1638
-10,1637
25,1636
72,1635
83,1634
-27,1633
-85,1631
-62,1630
-75,1628
-23,1627
21,1626
88,1625
-56,1623
85,1622
64,1621
-4,1620
97,1619
45,1618
-16,1617
17,1616
59,1615
9,1613
1,1612
-2,1611
-28,1609
56,1608
55,1606
42,1605
0,1604
44,1602
95,1601
-8,1599
2,1597
79,1596
61,1595
18,1593
14,1592
84,1590
-63,1589
-24,1586
26,1585
37,1584
-71,1582
-51,1581
-76,1580
-31,1578
-21,1577
-50,1576
-35,1574
34,1572
57,1571
-81,1570
8,1569
9,1568
-83,1565
30,1564
-49,1563
81,1561
-77,1560
-15,1559
-26,1558
-96,1557
19,1555
-75,1553
41,1552
59,1551
-75,1550
-82,1549
-11,1548
-100,1546
-89,1544
87,1543
-43,1541
-88,1540
35,1539
76,1538
20,1536
0,1534
-54,1533
81,1532
3,1531
75,1530
52,1529
37,1528
75,1527
-87,1526
7,1525
-89,1524
-36,1523
-44,1522
28,1521
35,1520
47,1519
62,1517
-52,1516
31,1515
-79,1514
55,1513
87,1511
-43,1510
42,1509
-98,1508
38,1506
-100,1505
93,1504
-53,1503
-100,1502
91,1501
60,1500
23,1499
-92,1498
62,1497
50,1496
65,1495
-84,1493
-81,1491
-51,1490
8,1489
-52,1488
12,1487
40,1486
-29,1485
48,1484
-15,1483
-12,1482
66,1481
70,1480
27,1479
-93,1478
-47,1477
45,1476
13,1475
-91,1474
26,1473
-94,1472
30,1471
26,1470
-51,1469
-96,1468
-88,1467
-17,1466
-97,1464
-86,1463
-36,1461
-50,1460
15,1458
-65,1456
37,1455
22,1454
-69,1453
-50,1452
-64,1451
-3,1450
-21,1448
-43,1446
71,1445
4,1443
88,1442
43,1441
62,1440
-56,1439
-15,1438
71,1437
31,1436
41,1435
-43,1434
-90,1432
-82,1430
6,1429
-67,1428
-20,1427
-46,1426
35,1425
82,1424
-56,1423
-97,1422
22,1421
42,1419
-3,1417
-24,1416
-48,1415
-16,1414
-62,1413
56,1412
-69,1411
-68,1410
-99,1409
29,1408
15,1406
15,1405
-50,1404
-96,1403
-80,1402
55,1401
73,1400
40,1399
96,1398
1,1397
34,1396
39,1395
-5,1394
-91,1393
52,1392
21,1391
-3,1390
33,1389
-51,1388
23,1387
81,1385
-50,1383
75,1381
-8,1378
-19,1376
-80,1375
-8,1374
-19,1373
97,1372
70,1371
-14,1370
70,1369
-41,1368
13,1367
-93,1366
-71,1364
40,1360
6,1359
91,1358
59,1357
13,1356
-74,1354
-83,1353
-49,1350
-47,1349
11,1348
53,1347
90,1346
10,1345
-95,1344
99,1343
-73,1341
-60,1340
-36,1339
80,1338
-8,1337
94,1334
5,1332
-41,1331
34,1328
-34,1327
69,1326
-28,1325
-45,1324
-93,1321
-40,1320
-22,1319
87,1317
7,1316
-76,1314
12,1313
-3,1312
-43,1310
-73,1309
-11,1308
61,1307
94,1306
-28,1304
77,1303
-12,1302
-40,1301
64,1300
-86,1299
90,1298
-39,1297
6,1294
-63,1292
-45,1291
-48,1290
-21,1289
95,1288
67,1287
3,1285
47,1283
30,1281
-12,1280
-56,1279
53,1278
22,1276
91,1274
-64,1273
-60,1272
44,1271
-88,1270
-52,1268
-57,1267
-35,1266
85,1262
66,1261
52,1260
-3,1259
20,1256
-16,1255
-67,1252
19,1250
80,1249
49,1248
42,1247
45,1245
-81,1243
94,1242
12,1240
-39,1239
-56,1237
100,1236
2,1235
73,1233
-47,1232
49,1231
35,1230
-86,1229
-53,1228
91,1227
-47,1226
-37,1225
68,1224
28,1223
-67,1222
-62,1221
-77,1220
34,1219
69,1218
73,1217
-95,1214
15,1213
63,1212
-34,1211
5,1210
78,1207
-61,1206
-69,1205
16,1204
-19,1203
-77,1202
-53,1200
98,1199
-34,1197
-75,1196
57,1195
-70,1193
74,1192
2,1191
51,1190
-56,1188
49,1187
-24,1186
-87,1184
-68,1183
-56,1181
67,1180
0,1179
-16,1177
28,1176
55,1174
49,1173
-45,1171
-51,1169
-74,1168
47,1167
-93,1166
-100,1163
100,1162
-49,1161
10,1160
97,1156
32,1154
84,1153
-15,1152
26,1149
97,1148
-26,1147
82,1146
83,1144
-17,1143
0,1142
-64,1141
31,1140
30,1139
-81,1138
-34,1137
28,1136
-85,1135
43,1134
-62,1133
-9,1132
32,1131
-17,1129
-93,1128
-9,1127
21,1125
-22,1124
-61,1123
-89,1122
10,1120
-20,1119
-37,1118
-90,1116
82,1115
-43,1113
-19,1112
-58,1111
-1,1110
100,1109
90,1108
37,1105
-32,1104
-44,1103
-24,1102
-91,1101
-71,1100
21,1099
-92,1098
55,1097
89,1096
53,1095
-12,1093
-57,1092
9,1091
-95,1090
26,1089
-35,1088
8,1087
-67,1083
68,1082
56,1081
-16,1079
-96,1078
-10,1077
-76,1076
-59,1075
-16,1073
-78,1072
74,1071
-21,1070
48,1069
5,1068
46,1067
4,1066
-63,1065
6,1064
8,1063
-88,1062
-81,1061
45,1060
-65,1059
-48,1058
95,1056
96,1055
33,1054
81,1053
-39,1052
79,1051
51,1050
-99,1049
38,1047
30,1046
85,1045
10,1043
-4,1042
76,1041
-54,1039
-74,1038
90,1037
55,1036
34,1034
67,1033
-21,1032
84,1030
71,1029
-1,1026
69,1025
-43,1024
15,1023
81,1022
58,1021
-76,1018
-71,1017
-37,1016
-86,1015
13,1014
41,1013
28,1012
6,1011
35,1010
100,1008
-7,1007
79,1004
-15,1003
-80,1002
-37,1000
-24,999
-90,998
-62,996
-55,995
51,994
-36,993
41,992
-81,991
-88,989
-87,988
-37,987
33,985
27,984
-47,983
76,982
62,980
72,979
-37,978
-40,977
13,975
-61,974
43,971
2,970
-60,969
57,965
4,963
-61,962
-90,961
-36,960
88,959
91,958
-16,954
44,952
-90,951
84,950
84,949
66,948
82,947
27,946
91,945
-68,944
41,943
76,941
-37,940
-73,939
40,938
46,935
90,934
-32,933
-17,931
1,930
11,929
-93,928
48,926
-8,925
8,923
64,922
23,921
-6,920
-78,919
17,918
-8,917
48,915
26,914
0,913
35,911
-37,910
87,909
6,908
-66,906
-4,904
-31,903
-64,902
-95,901
-49,900
-17,899
65,898
-46,897
-88,896
65,895
-7,894
-23,893
-63,892
72,891
-40,890
97,889
58,887
87,886
-14,885
-47,884
-46,883
82,882
-83,881
98,879
0,877
37,876
76,875
-92,874
-32,873
-37,872
-73,871
15,870
-51,869
65,868
-91,867
91,866
-94,865
48,864
99,860
-50,859
47,858
-1,857
-56,856
-40,855
11,853
80,852
-73,851
86,850
-77,849
72,847
-35,846
94,844
-16,843
-26,842
89,841
75,838
61,836
4,834
62,832
-21,831
-66,829
-40,826
84,824
41,821
-60,820
-100,819
-35,817
-14,816
-52,815
-40,813
2,812
-87,810
-38,809
8,808
-25,807
-40,805
-56,804
-10,803
-81,802
78,800
-27,799
-5,798
100,797
97,796
2,794
26,793
3,792
19,790
-68,789
4,788
-83,787
90,785
80,784
65,781
-67,780
-64,778
45,777
-15,776
11,775
-35,774
36,773
79,771
-70,770
26,769
29,768
10,767
-53,766
33,765
81,763
-75,762
-61,760
-88,759
-96,757
30,756
-90,755
-72,754
36,753
-74,752
38,751
-77,750
-74,749
-82,747
40,746
-90,745
-23,744
33,743
-86,742
47,741
61,740
-77,739
-39,738
-49,737
-42,736
-90,735
10,733
92,731
-40,729
-1,728
42,724
83,722
-45,721
-95,719
-99,718
59,716
38,714
36,713
-55,711
-70,710
-92,709
1,708
-73,707
-20,706
77,705
-84,704
27,703
-91,701
95,700
96,699
19,698
17,697
-15,695
50,694
-71,693
-12,691
-32,689
42,688
82,685
72,684
15,683
91,680
26,676
-33,675
73,670
43,669
-29,668
36,666
-54,665
-43,664
-62,663
58,662
-13,661
68,660
11,659
-70,658
-35,657
46,656
33,655
4,653
-42,652
-94,651
29,650
57,646
-24,645
-44,644
14,643
82,641
40,640
20,638
-8,637
5,636
-69,634
-60,632
3,631
-52,630
33,627
-75,625
39,624
-80,622
-10,621
98,619
-14,618
-96,616
-25,615
-83,612
-6,611
38,610
12,609
-73,608
-8,607
-91,606
-38,605
-42,602
61,601
-37,600
45,598
-34,597
42,596
53,594
83,593
-62,590
-88,588
-2,587
9,586
85,584
-9,583
16,582
-46,581
29,580
-93,578
-47,577
-98,576
-18,575
-56,574
-78,573
-1,572
65,571
33,570
48,569
-25,568
59,567
-76,566
99,565
-27,564
-14,562
-22,561
-44,558
99,557
-17,556
93,555
75,554
45,553
77,551
-12,550
-24,546
-90,544
26,543
65,541
-45,538
28,536
-38,535
68,533
28,532
-56,531
58,530
-35,529
27,528
-8,527
13,526
54,525
-17,524
-52,523
-99,520
-9,519
-30,518
-10,517
-57,516
49,515
6,514
-41,510
-44,509
-66,506
78,504
41,502
-61,500
83,499
55,498
-45,497
60,495
3,493
10,491
9,489
12,488
17,486
-39,485
-71,484
1,483
-36,482
13,481
-87,480
88,479
-29,478
31,477
-72,476
-38,473
-90,470
-9,469
-34,468
19,467
23,466
-76,465
-13,464
-85,463
39,461
80,460
28,457
-62,456
49,455
-21,454
43,453
21,452
47,451
-31,449
-2,448
75,446
40,445
-77,444
57,443
19,442
82,440
-9,439
-7,436
24,435
13,433
-48,431
38,429
41,428
39,427
-4,426
6,425
70,424
81,422
-44,421
68,420
-48,419
49,418
88,417
-67,416
100,415
-15,414
12,413
22,411
92,410
20,409
61,408
-51,407
77,405
-63,404
-86,402
-96,401
-12,400
-81,399
-84,398
-81,397
-52,395
95,394
-35,393
-10,392
-24,391
-92,390
48,388
56,387
-100,384
97,383
97,381
-86,379
-40,376
34,374
-98,373
-73,372
-16,370
90,369
18,368
-30,367
-14,364
-21,363
24,362
1,361
20,360
87,358
3,357
-85,355
-28,354
-99,353
5,352
-56,348
55,347
-31,346
-86,345
76,344
-69,341
-16,340
81,339
-80,338
30,337
63,336
18,335
-21,334
5,333
-55,332
33,331
-20,330
20,329
60,328
53,327
-28,326
2,325
-71,324
66,323
-96,322
25,321
14,318
-56,317
-33,316
-57,314
52,312
-23,309
-7,307
-63,304
-28,303
-16,301
60,300
-38,299
1,297
73,294
64,293
-53,292
-19,291
-49,290
39,289
48,288
13,285
-58,284
-92,283
51,282
61,281
-82,280
-93,278
-18,277
-89,276
-80,275
27,273
-62,272
-66,269
78,268
74,267
-92,265
92,264
84,263
45,261
86,260
52,259
70,256
-83,254
-48,253
33,250
12,249
77,248
-44,247
28,246
-44,245
-59,243
-100,241
22,240
-70,239
71,238
14,236
-45,235
92,233
-40,231
-2,230
90,228
-34,226
90,225
-82,224
-11,222
-23,221
89,220
-95,218
-83,217
-41,216
34,215
78,214
-78,211
-80,209
-89,207
-12,206
95,205
88,204
90,203
-45,202
-39,201
-60,200
84,199
13,198
-51,196
-32,195
98,194
-14,193
84,191
95,190
71,189
-65,186
12,185
-9,184
-96,183
90,181
61,180
-8,179
-81,178
4,177
48,176
85,175
64,174
-42,173
-54,172
92,171
-44,170
-44,169
3,168
26,167
-62,166
45,165
-25,164
54,163
79,162
-86,159
-90,158
76,156
46,152
63,150
-62,148
-25,144
94,143
89,142
83,141
-2,140
1,139
98,137
-1,136
74,135
60,132
36,131
-62,129
-51,128
-73,126
98,123
-95,122
-58,121
-63,120
-88,119
70,118
44,117
-61,115
-31,114
-66,113
72,111
62,109
-61,108
44,106
3,104
-41,103
-92,102
78,101
88,100
37,96
98,95
32,94
71,93
70,90
51,89
32,88
21,87
25,86
81,85
33,83
8,82
59,81
-47,80
32,79
88,78
61,77
52,75
20,74
-22,72
57,71
-19,70
-30,69
-58,68
-56,66
-90,65
-21,64
44,63
54,62
-98,61
-70,59
7,58
15,57
17,55
32,53
-82,52
-26,51
-42,50
-33,49
99,47
43,46
-39,45
80,44
63,42
-31,40
0,38
91,37
42,36
39,33
19,32
93,31
85,28
-92,27
69,26
11,25
17,24
42,23
-4,22
84,21
88,20
-7,19
79,18
-71,17
95,16
-13,13
5,12
-71,11
-82,10
31,9
-36,8
-55,7
-56,6
95,5
80,3
-26,2
58,1
-8,0
