12,10000
29,9999
-62,9998
-76,9997
-78,9995
-90,9994
71,9993
55,9990
77,9988
56,9987
35,9986
-63,9985
84,9984
26,9983
-71,9981
95,9980
90,9979
40,9978
-46,9976
69,9975
-73,9970
-56,9969
-94,9968
8,9966
60,9964
-48,9960
64,9957
-85,9954
96,9952
40,9951
42,9950
81,9947
67,9946
-54,9945
18,9944
-30,9943
73,9942
49,9941
-4,9939
54,9938
-41,9936
31,9934
-99,9932
-98,9931
-93,9930
50,9927
46,9925
35,9924
-79,9921
-79,9920
-18,9919
19,9918
-45,9917
-78,9915
-34,9913
22,9912
4,9911
-16,9910
-11,9909
-55,9908
-5,9906
-47,9904
56,9903
-61,9902
4,9899
-77,9898
43,9897
-24,9896
-61,9895
2,9891
-24,9890
85,9889
-87,9886
31,9885
-8,9884
70,9883
60,9882
-88,9881
94,9880
-99,9879
-70,9878
-18,9877
-26,9876
-31,9875
-39,9874
76,9872
95,9870
32,9868
43,9867
-100,9865
-50,9864
-90,9863
17,9860
-71,9859
-37,9858
56,9857
-30,9856
58,9855
71,9853
-10,9852
-70,9851
-17,9850
84,9849
-36,9848
-84,9847
-44,9846
-55,9844
24,9843
-63,9842
24,9841
32,9839
-26,9838
57,9837
21,9836
-22,9834
25,9833
52,9832
14,9831
-100,9828
-63,9827
-60,9826
69,9825
-96,9824
-49,9823
-51,9822
78,9821
-26,9820
-5,9818
28,9817
-92,9816
-10,9815
-61,9814
68,9813
26,9812
69,9811
40,9810
10,9807
-32,9805
-25,9804
-71,9803
10,9802
59,9801
93,9800
-36,9798
-32,9797
-90,9796
77,9795
-88,9794
65,9793
51,9792
-95,9791
96,9788
-20,9785
-91,9783
11,9782
-99,9780
-48,9779
-44,9778
61,9777
83,9776
39,9774
20,9772
1,9770
-97,9769
37,9768
11,9767
20,9765
-3,9764
-18,9763
71,9761
-38,9760
-13,9758
25,9756
71,9755
-7,9753
-15,9752
-51,9749
38,9748
-66,9745
23,9744
-42,9743
42,9742
-5,9741
-76,9739
44,9737
59,9736
-39,9735
-62,9733
76,9730
-40,9728
-80,9723
59,9722
9,9721
-90,9720
20,9719
4,9717
-60,9716
17,9715
-98,9714
-41,9713
38,9712
-64,9711
-78,9710
-63,9709
-96,9708
-85,9706
-65,9705
78,9702
-53,9701
53,9700
25,9697
-99,9696
-2,9695
86,9694
-4,9693
-17,9692
-93,9690
12,9689
-98,9688
-19,9687
51,9686
45,9685
-38,9684
-71,9680
-34,9679
-55,9677
27,9676
-10,9672
-12,9671
69,9670
20,9669
9,9668
-14,9667
-88,9665
-67,9662
88,9661
21,9659
90,9658
-53,9657
80,9655
12,9654
-8,9653
82,9651
-17,9650
41,9649
-66,9648
-20,9647
-57,9646
8,9645
-14,9644
3,9643
-7,9640
87,9639
0,9638
63,9637
72,9636
77,9635
94,9634
50,9633
65,9632
-9,9631
83,9630
-3,9629
97,9627
12,9626
31,9625
4,9624
1,9623
-68,9622
-2,9620
-48,9619
20,9617
-99,9616
75,9615
48,9614
70,9613
84,9612
7,9611
51,9610
-27,9609
81,9608
26,9607
13,9606
-54,9605
-11,9604
1,9601
28,9600
46,9599
52,9598
18,9597
-10,9595
-90,9593
46,9592
66,9590
-61,9589
-59,9588
69,9587
-93,9586
-68,9583
-25,9582
31,9581
-28,9580
72,9579
-60,9578
79,9577
-66,9576
39,9575
17,9574
92,9573
-51,9572
7,9571
96,9570
85,9568
-59,9566
37,9565
81,9563
4,9562
78,9561
-45,9560
15,9559
10,9557
-98,9556
76,9555
24,9554
-15,9553
71,9552
54,9550
-21,9549
6,9548
-67,9547
68,9546
-4,9545
-54,9544
-38,9543
-83,9542
-100,9541
4,9538
30,9537
-52,9536
-47,9535
8,9533
22,9532
20,9531
76,9530
56,9529
16,9528
-94,9527
-43,9526
-8,9525
-63,9524
-92,9522
39,9521
74,9520
-19,9519
-13,9518
-50,9517
61,9516
-60,9513
-66,9512
62,9510
43,9509
10,9508
78,9507
32,9506
97,9505
85,9504
19,9503
90,9501
25,9500
89,9497
61,9495
8,9493
92,9491
68,9490
41,9489
45,9488
40,9487
-75,9486
32,9485
-82,9484
35,9483
-3,9482
80,9481
8,9480
97,9479
-80,9478
-28,9477
26,9475
-76,9474
97,9473
46,9472
19,9471
71,9470
-72,9469
-79,9468
-15,9466
43,9464
-66,9463
54,9462
50,9459
-83,9458
-70,9457
72,9455
92,9454
50,9453
14,9452
-60,9451
-18,9450
-76,9449
47,9448
94,9447
8,9446
-82,9445
4,9444
-42,9443
22,9442
-33,9441
-24,9440
73,9435
-26,9433
69,9432
-72,9431
86,9429
-9,9428
60,9427
50,9426
-77,9425
9,9424
37,9423
-24,9422
-5,9421
-57,9420
48,9419
-12,9418
-10,9417
-80,9414
-14,9413
43,9412
75,9411
87,9407
-72,9406
-28,9404
93,9403
-72,9402
61,9400
-44,9399
8,9398
-30,9397
1,9394
15,9392
-98,9391
-11,9389
-35,9388
-41,9387
-41,9385
1,9384
23,9383
14,9382
72,9381
-15,9380
11,9379
77,9378
80,9377
-100,9376
-10,9375
94,9374
83,9373
-29,9370
-51,9369
8,9368
89,9367
8,9366
-41,9365
-13,9364
51,9362
46,9360
-38,9358
33,9357
25,9356
-12,9355
35,9354
65,9352
70,9351
45,9347
-19,9345
-79,9341
-52,9340
81,9337
1,9336
100,9333
61,9332
-56,9331
-18,9330
49,9329
-63,9328
73,9326
10,9325
46,9323
38,9321
60,9320
-23,9319
-41,9318
88,9317
-94,9316
34,9315
36,9313
-100,9312
-3,9311
36,9310
86,9309
-6,9308
100,9307
96,9306
44,9305
-89,9304
-98,9303
-36,9302
3,9301
-13,9300
35,9299
45,9297
-69,9295
2,9293
12,9291
40,9290
-6,9289
36,9288
7,9287
-100,9286
-100,9283
-47,9282
-49,9279
-31,9277
3,9275
71,9274
57,9272
-61,9271
-62,9270
-2,9269
75,9268
-90,9266
-11,9265
53,9263
65,9262
-60,9261
98,9257
52,9255
-78,9254
69,9253
-80,9252
-55,9251
36,9250
-11,9249
20,9248
-42,9247
-90,9246
-84,9245
79,9244
-55,9241
-55,9240
-42,9239
-61,9238
47,9237
-29,9236
-42,9235
47,9234
45,9233
85,9231
84,9230
80,9229
-97,9227
59,9225
-43,9224
85,9223
-32,9219
-35,9218
-27,9217
-22,9215
-76,9214
-8,9213
-27,9212
94,9211
10,9210
17,9209
-69,9208
15,9207
-83,9206
60,9205
-2,9203
8,9202
-52,9201
-13,9200
57,9199
-5,9198
19,9196
-19,9195
-71,9194
-66,9193
24,9192
-14,9190
-3,9189
80,9187
-52,9186
41,9181
-55,9180
58,9179
-38,9176
82,9175
19,9172
-98,9171
-21,9170
49,9169
9,9168
-100,9167
-2,9166
93,9162
-40,9161
-45,9160
-63,9156
43,9155
74,9152
-78,9151
68,9149
-35,9147
-10,9146
-44,9145
-36,9144
-22,9143
-20,9142
16,9140
-8,9139
-64,9136
27,9135
-70,9133
-24,9131
-22,9129
-21,9128
-79,9127
40,9125
-12,9124
96,9123
20,9122
16,9121
-56,9120
28,9118
10,9117
43,9115
-18,9114
-27,9112
56,9110
77,9109
-50,9108
-87,9107
-78,9106
-22,9104
-80,9102
-22,9101
48,9098
-92,9096
-73,9094
6,9093
-25,9092
-22,9091
-41,9090
42,9089
-90,9088
99,9087
100,9086
35,9085
-34,9083
-49,9082
-24,9080
-53,9079
21,9078
-83,9076
-78,9075
26,9074
61,9072
-14,9068
-24,9065
-61,9064
-44,9063
1,9062
-68,9061
85,9059
93,9058
64,9055
81,9054
7,9053
82,9052
99,9050
35,9047
64,9045
27,9043
-54,9042
-45,9041
-3,9040
-3,9039
82,9038
45,9037
62,9036
-40,9034
47,9033
-44,9031
-30,9029
-12,9028
-26,9027
33,9026
8,9025
-48,9024
-59,9023
52,9021
18,9020
88,9017
83,9016
-13,9015
56,9013
38,9010
61,9009
12,9008
0,9006
-21,9005
-13,9004
-16,9003
3,9001
-88,8999
-20,8997
53,8996
59,8994
22,8992
34,8991
-72,8990
82,8989
-43,8988
-32,8987
-34,8984
87,8983
-13,8982
-17,8979
-39,8978
24,8977
-33,8976
-9,8974
-76,8973
-46,8971
90,8970
-15,8969
16,8967
-8,8966
28,8965
-91,8964
53,8963
-9,8962
98,8961
-2,8959
93,8958
14,8957
-10,8955
25,8954
34,8953
38,8950
61,8949
50,8947
89,8946
-84,8944
9,8943
-79,8942
47,8937
-98,8936
74,8935
-97,8934
-53,8933
-70,8932
9,8929
77,8928
75,8926
-46,8925
26,8923
17,8922
89,8921
-4,8920
-1,8919
-67,8918
92,8917
89,8916
38,8915
-89,8913
-83,8909
-88,8908
-8,8907
-69,8905
-87,8904
-82,8902
19,8901
-13,8900
-99,8899
24,8897
21,8896
-68,8895
-1,8894
3,8893
-15,8892
32,8891
51,8890
-16,8889
35,8888
-16,8887
-9,8886
-99,8885
98,8884
69,8883
-8,8882
20,8881
-21,8880
-24,8877
-51,8876
84,8873
-48,8872
-92,8871
78,8870
30,8869
61,8867
-97,8866
-10,8865
-51,8864
70,8863
-13,8862
-62,8858
-26,8857
50,8856
-51,8855
-16,8854
53,8853
80,8852
-15,8851
76,8848
-84,8846
-38,8845
-68,8844
41,8842
47,8841
70,8840
94,8839
84,8838
-97,8836
35,8834
-35,8832
-46,8831
-76,8829
56,8828
-73,8827
-68,8826
16,8825
-48,8824
18,8822
0,8821
76,8820
100,8819
54,8818
53,8817
-18,8816
-37,8815
-69,8814
62,8813
-26,8812
76,8811
76,8809
49,8806
-9,8805
-37,8804
6,8803
-14,8802
-21,8801
85,8800
72,8799
-25,8798
-41,8797
-5,8796
-54,8794
-66,8793
87,8792
89,8791
-65,8790
-95,8786
67,8784
-77,8783
-26,8781
-90,8780
-10,8779
-76,8778
85,8777
54,8775
-96,8773
-83,8772
58,8771
-54,8770
51,8767
-37,8766
5,8764
12,8763
-95,8761
99,8760
-95,8759
-87,8758
-5,8757
-22,8756
28,8755
-71,8754
36,8753
-77,8752
-79,8751
12,8750
94,8749
76,8748
-27,8747
-10,8745
-81,8744
-5,8743
34,8741
52,8740
-3,8739
-55,8738
77,8737
95,8734
-94,8731
24,8728
98,8727
-7,8724
-63,8723
48,8722
30,8720
-50,8719
-76,8718
-99,8717
-89,8716
21,8714
-65,8713
90,8711
67,8710
-82,8709
29,8708
-63,8707
-44,8706
-56,8705
-79,8704
36,8703
29,8702
-45,8701
84,8700
-81,8699
-42,8698
90,8697
-61,8696
-56,8695
30,8694
19,8693
-85,8692
-33,8691
48,8690
-64,8686
-8,8684
75,8683
-49,8682
98,8681
72,8679
51,8678
-92,8677
-13,8676
25,8675
-26,8674
-9,8673
-4,8671
60,8670
-14,8669
33,8668
74,8667
-63,8665
-17,8663
-65,8662
76,8661
11,8660
-28,8659
-82,8658
26,8656
-83,8655
-30,8654
-68,8652
3,8651
-30,8649
35,8648
-50,8646
-30,8645
-74,8644
-53,8643
-10,8641
-72,8640
-1,8639
100,8637
-96,8635
35,8634
-5,8630
40,8629
-6,8628
-83,8627
14,8626
51,8625
-76,8624
56,8623
-99,8622
-25,8621
-71,8620
-65,8619
71,8618
-36,8617
-66,8616
-99,8615
100,8614
92,8613
-78,8611
52,8610
45,8609
96,8608
-38,8607
25,8606
66,8604
-13,8602
-86,8601
0,8600
33,8599
-24,8598
-18,8597
-53,8596
-53,8595
77,8594
-94,8592
-40,8590
-88,8589
99,8588
53,8587
30,8586
-26,8585
47,8584
82,8583
49,8581
36,8580
14,8579
-53,8578
-39,8575
-59,8574
53,8572
-34,8571
-35,8568
26,8567
-84,8565
-89,8564
-38,8563
-60,8561
22,8560
-37,8559
7,8556
-67,8555
-88,8554
-70,8553
81,8552
-5,8550
85,8548
74,8547
51,8546
-68,8545
-87,8541
-69,8540
-66,8539
-83,8538
-6,8537
-81,8536
-12,8535
70,8534
-22,8533
15,8532
-96,8530
-100,8528
-57,8527
49,8526
-26,8525
-99,8524
84,8523
-86,8522
42,8521
16,8520
-47,8519
47,8518
52,8516
29,8515
-58,8514
90,8513
-19,8512
34,8510
-54,8509
-62,8506
27,8505
2,8504
-37,8503
-85,8501
-39,8500
-65,8499
34,8497
-28,8496
-70,8493
6,8491
53,8490
-27,8487
65,8486
67,8484
46,8483
37,8482
-43,8480
-28,8479
-82,8478
8,8476
-16,8475
-96,8474
44,8473
-50,8472
-80,8471
75,8470
-84,8469
-94,8468
-9,8467
-1,8465
-72,8464
75,8463
-51,8462
-14,8461
85,8460
64,8459
-78,8458
67,8457
-90,8455
18,8454
68,8453
81,8452
94,8451
17,8450
-56,8448
53,8447
7,8446
-79,8444
34,8443
-80,8442
95,8441
-94,8439
36,8438
-70,8437
65,8436
-46,8435
-71,8434
-96,8433
42,8431
30,8430
-18,8429
70,8427
22,8426
-74,8425
19,8423
91,8422
-81,8421
-27,8419
-79,8418
-31,8417
-37,8415
-32,8414
-70,8413
-89,8411
-76,8410
-9,8409
67,8408
-47,8407
-84,8406
100,8405
5,8403
95,8402
-79,8401
5,8399
-36,8398
-73,8397
3,8396
-9,8395
-30,8391
-38,8390
-25,8389
-8,8388
37,8386
-17,8385
71,8383
82,8380
48,8379
-28,8377
81,8376
5,8374
-1,8373
-90,8372
-52,8371
-25,8370
-96,8369
85,8368
95,8367
-2,8366
11,8365
-21,8363
-34,8362
-56,8360
-91,8359
-70,8358
49,8356
-29,8355
-15,8354
-41,8352
81,8350
94,8349
-80,8348
29,8347
-21,8346
-91,8345
81,8344
75,8340
22,8339
10,8338
10,8335
79,8334
1,8333
-20,8331
20,8329
38,8327
73,8326
-11,8325
1,8323
-89,8322
-88,8319
-68,8318
-89,8317
-33,8316
-37,8315
92,8313
-67,8311
33,8310
66,8309
5,8308
-4,8307
-65,8306
-57,8304
24,8303
-30,8301
59,8300
41,8298
11,8296
45,8295
-59,8294
8,8293
73,8292
10,8291
-94,8290
-38,8289
45,8288
21,8286
81,8285
-70,8284
36,8280
73,8278
89,8277
-89,8276
24,8274
-66,8273
51,8272
50,8271
-80,8269
47,8268
-67,8266
65,8265
38,8264
86,8263
32,8260
-27,8259
-68,8257
-94,8256
-53,8255
-21,8254
71,8253
-53,8252
20,8251
25,8250
-21,8249
66,8248
65,8245
-76,8243
82,8242
23,8241
6,8240
-67,8238
-80,8237
-94,8234
80,8233
87,8232
44,8231
-95,8228
-71,8227
4,8225
66,8224
75,8222
-2,8221
-61,8220
-61,8219
-74,8218
-1,8217
22,8216
-84,8215
47,8214
8,8213
61,8212
92,8211
79,8209
39,8208
56,8207
90,8206
-17,8205
-91,8203
62,8202
-19,8201
-81,8200
6,8199
5,8198
89,8197
-5,8196
54,8195
9,8194
99,8193
-65,8192
77,8191
23,8188
-45,8187
61,8186
-35,8185
-32,8184
42,8183
-53,8181
-59,8179
-43,8178
-71,8176
-15,8174
33,8173
81,8172
16,8171
-84,8170
-4,8167
-25,8166
-47,8165
10,8164
-38,8163
23,8162
2,8161
82,8160
66,8159
-10,8158
11,8157
-70,8155
-17,8154
40,8153
51,8152
10,8151
-30,8150
-56,8149
-69,8148
56,8145
-7,8144
-2,8142
50,8141
-29,8140
71,8139
-67,8138
-56,8137
-10,8136
20,8135
-37,8133
60,8132
-47,8129
53,8128
-82,8127
-79,8126
88,8125
31,8124
90,8123
81,8122
71,8121
35,8119
36,8117
-28,8116
73,8115
70,8114
80,8113
-97,8112
-4,8111
-74,8109
21,8108
-52,8107
81,8105
43,8104
-33,8103
-33,8102
79,8101
70,8100
-84,8099
2,8098
53,8097
37,8096
-84,8095
-33,8094
77,8093
-39,8092
-43,8091
-61,8090
91,8088
-36,8087
46,8085
23,8083
48,8082
90,8081
-62,8080
-29,8079
-75,8078
62,8077
42,8075
-80,8074
63,8073
-86,8072
-72,8070
-74,8069
82,8067
-67,8066
-43,8064
89,8063
68,8061
31,8060
-88,8059
-22,8058
55,8057
-61,8056
50,8055
-61,8054
-23,8053
-66,8052
7,8050
3,8049
35,8048
50,8047
20,8046
-54,8045
1,8044
-29,8043
87,8042
-93,8041
-1,8039
57,8038
83,8037
-57,8035
57,8034
67,8033
-93,8031
-64,8030
85,8029
5,8027
30,8026
99,8025
75,8024
-14,8023
88,8022
-37,8019
-92,8018
-9,8016
-15,8015
83,8014
-24,8013
5,8012
-100,8011
-78,8008
-1,8006
16,8005
36,8004
-47,8003
-82,8002
-51,8001
83,8000
63,7999
-73,7998
33,7997
-46,7996
68,7995
20,7994
21,7993
79,7992
97,7990
-50,7989
-8,7988
19,7987
-83,7986
17,7984
91,7982
-73,7981
25,7979
-59,7977
-30,7975
61,7974
0,7972
-74,7971
77,7966
21,7965
-99,7964
11,7963
-16,7962
1,7960
-83,7959
-83,7958
-18,7954
19,7953
18,7952
30,7951
-46,7948
-27,7946
-71,7945
38,7944
-79,7943
-24,7941
55,7940
90,7939
-22,7936
-31,7935
-41,7934
-47,7933
84,7932
100,7931
-7,7930
-62,7929
27,7928
51,7927
-3,7926
97,7925
-85,7924
28,7923
-25,7922
33,7921
-20,7920
75,7919
64,7918
-53,7917
-57,7915
23,7911
-57,7910
49,7909
2,7907
9,7905
43,7900
52,7899
-59,7897
81,7896
25,7894
94,7893
56,7892
16,7889
-27,7887
42,7886
-47,7885
-68,7884
89,7882
-96,7881
-18,7879
100,7878
-10,7876
-13,7874
9,7873
-78,7871
-14,7870
-98,7868
60,7867
-89,7866
17,7865
92,7864
-69,7863
-28,7862
45,7861
-93,7860
-90,7859
66,7858
-91,7857
-34,7856
-26,7855
-8,7853
-66,7852
36,7850
-59,7849
-89,7848
-22,7847
-38,7845
80,7844
78,7842
32,7840
9,7839
5,7838
15,7836
15,7835
-62,7833
66,7832
-25,7831
-58,7830
-83,7829
-63,7828
54,7827
-3,7826
-8,7825
90,7823
87,7822
86,7820
63,7819
-17,7818
-97,7817
99,7816
-18,7815
-34,7814
-69,7813
-91,7812
44,7811
53,7810
0,7809
39,7808
42,7807
-42,7806
-29,7804
-44,7803
-53,7801
-73,7800
37,7799
-31,7798
-11,7797
61,7791
-81,7790
-22,7789
6,7788
41,7786
-34,7785
68,7784
82,7782
-57,7780
77,7779
-36,7778
-42,7776
-65,7775
-30,7774
-9,7773
-59,7772
-59,7771
38,7769
57,7768
-53,7767
12,7766
-90,7764
76,7763
-85,7762
69,7761
-94,7757
31,7756
52,7755
-19,7754
46,7753
23,7752
13,7751
-56,7750
-78,7749
45,7748
53,7746
58,7744
-36,7743
37,7742
76,7741
-73,7740
-84,7739
-30,7738
40,7736
-28,7734
39,7733
27,7732
-43,7730
62,7728
49,7727
-73,7726
-25,7725
63,7724
-50,7723
-86,7722
-72,7721
52,7720
93,7718
67,7716
-43,7715
-64,7714
38,7713
-59,7712
-22,7711
16,7710
52,7709
-61,7708
28,7707
44,7706
-78,7705
36,7704
20,7702
23,7701
-19,7700
-33,7697
-43,7696
-92,7695
75,7694
46,7693
36,7692
19,7691
14,7690
73,7689
99,7688
41,7687
26,7685
-48,7681
86,7680
94,7679
-43,7678
-80,7677
0,7675
-82,7674
100,7673
96,7671
64,7669
-48,7668
17,7667
1,7666
-88,7665
-25,7663
-73,7662
16,7661
-72,7660
-84,7659
-39,7657
-28,7656
-82,7654
8,7653
-56,7652
60,7651
47,7650
-50,7649
58,7648
-65,7647
27,7646
81,7645
35,7644
-48,7642
-94,7641
86,7639
43,7637
-87,7636
89,7635
37,7634
-49,7632
33,7631
39,7630
-68,7629
-19,7628
-41,7627
27,7625
-64,7624
-90,7623
85,7622
33,7621
-95,7620
48,7619
-89,7617
89,7616
2,7613
-28,7612
7,7610
-4,7609
74,7608
-20,7607
9,7606
-36,7605
5,7604
-97,7603
-95,7602
-60,7601
-57,7600
50,7599
-51,7597
-60,7595
96,7594
40,7593
97,7592
48,7591
-82,7589
95,7588
-82,7587
41,7584
-54,7583
49,7582
-98,7581
3,7580
44,7578
-98,7575
-78,7574
64,7572
-85,7570
5,7568
85,7566
-34,7565
-7,7564
-79,7563
100,7562
-22,7561
68,7559
-95,7557
-65,7555
-74,7554
-31,7553
53,7552
63,7551
-85,7550
-59,7549
52,7548
-59,7547
-62,7543
30,7542
84,7540
-27,7539
2,7538
23,7537
98,7536
-9,7535
63,7532
-34,7531
25,7529
33,7528
2,7527
-58,7526
-46,7525
92,7524
-87,7523
57,7522
25,7520
-83,7519
0,7518
-21,7517
12,7516
-88,7515
7,7514
-76,7512
62,7509
-79,7508
93,7507
94,7504
99,7503
-53,7502
-27,7500
-85,7499
3,7498
-95,7496
-37,7494
-54,7492
-67,7490
13,7488
-26,7487
66,7486
14,7485
-87,7483
-57,7482
-91,7481
63,7480
-10,7479
0,7478
99,7477
54,7476
-50,7475
2,7474
11,7473
93,7471
82,7470
-12,7469
-36,7466
21,7464
87,7463
-45,7461
-15,7460
8,7458
60,7457
-30,7456
-43,7454
-62,7452
31,7451
-24,7450
52,7449
11,7446
64,7444
-15,7443
1,7442
37,7441
17,7440
42,7438
-79,7437
-3,7436
-11,7434
-87,7432
24,7430
-92,7429
60,7428
94,7427
-56,7426
-71,7425
-36,7424
-61,7423
-12,7421
-94,7420
81,7419
66,7418
-20,7417
-34,7416
6,7415
8,7414
28,7411
-36,7410
-15,7409
-66,7408
95,7407
14,7406
-11,7405
-97,7404
85,7402
20,7401
-34,7400
69,7399
-29,7398
6,7397
-34,7396
10,7395
-88,7393
91,7392
-73,7390
36,7389
-75,7388
-6,7387
11,7386
97,7385
-41,7384
55,7383
87,7381
-97,7378
-21,7377
-44,7375
-84,7374
11,7373
42,7372
-86,7371
-81,7370
-17,7369
-24,7368
-40,7367
14,7365
8,7364
74,7363
-27,7362
72,7360
26,7359
-2,7357
-18,7356
96,7355
-26,7354
-34,7352
-26,7349
37,7348
25,7347
26,7346
28,7345
-95,7344
-50,7343
-63,7341
78,7340
-34,7339
-70,7338
98,7337
-15,7336
14,7334
-37,7333
83,7330
22,7329
-70,7328
-6,7327
12,7325
37,7324
-45,7321
-92,7320
-72,7319
85,7318
-68,7316
94,7314
-82,7313
24,7311
-89,7310
-44,7308
50,7307
77,7306
-69,7305
47,7304
79,7303
3,7302
-42,7300
80,7298
47,7297
-77,7296
-76,7295
-6,7294
45,7293
-33,7292
63,7290
-88,7287
-73,7285
-42,7284
69,7283
-58,7282
38,7280
99,7277
-54,7276
-79,7275
-9,7273
24,7272
-74,7271
-15,7270
-46,7269
97,7268
90,7265
-13,7264
67,7263
30,7261
42,7260
8,7259
87,7257
-87,7256
-90,7253
80,7252
-65,7251
88,7250
-39,7249
2,7246
-25,7244
-84,7242
-52,7241
-54,7239
-34,7238
87,7237
67,7236
33,7234
-11,7233
-89,7232
-83,7227
-57,7226
-35,7224
-42,7223
-66,7222
19,7220
87,7219
38,7218
48,7217
-14,7214
63,7212
61,7211
-83,7210
-70,7209
62,7208
10,7207
85,7206
64,7204
85,7203
-74,7202
-41,7201
-2,7200
60,7199
67,7197
-56,7196
0,7195
-1,7194
79,7193
-70,7192
-67,7191
77,7190
70,7187
-69,7186
33,7185
42,7183
92,7182
94,7181
-92,7179
-25,7178
62,7177
72,7176
91,7175
68,7174
-24,7173
37,7172
22,7171
-27,7170
-65,7169
38,7168
-46,7167
0,7166
99,7165
-83,7164
-78,7163
5,7162
-87,7161
47,7160
-19,7159
20,7158
63,7157
33,7156
0,7155
13,7154
6,7153
-7,7152
14,7151
10,7150
99,7148
-89,7147
-75,7146
-73,7145
66,7143
24,7142
-53,7140
-38,7139
99,7138
97,7137
90,7136
-87,7135
85,7134
4,7133
-24,7132
-37,7131
38,7130
97,7129
85,7128
-41,7127
96,7126
96,7125
-50,7124
29,7123
18,7122
73,7121
80,7119
-53,7117
9,7116
-78,7115
23,7114
93,7113
-43,7112
4,7111
88,7110
-12,7109
-2,7108
53,7107
-36,7106
61,7105
-1,7104
97,7101
74,7100
-46,7098
-25,7097
82,7096
92,7095
56,7093
7,7090
41,7089
91,7088
-79,7087
61,7086
74,7084
-86,7083
-90,7082
14,7080
48,7079
95,7078
9,7077
-30,7076
-9,7074
-3,7073
31,7072
-88,7070
76,7068
64,7067
-63,7066
75,7063
-24,7062
49,7061
-49,7058
95,7055
-70,7054
43,7052
-22,7050
-71,7049
-18,7046
-84,7044
-93,7043
11,7042
100,7041
90,7040
-36,7038
34,7037
-28,7035
-92,7034
81,7032
31,7031
-30,7030
-74,7026
62,7022
32,7021
37,7020
-22,7019
56,7017
25,7016
-82,7015
-33,7014
72,7013
53,7012
90,7011
14,7010
30,7009
32,7008
-36,7007
76,7006
3,7003
17,7002
57,7001
-55,7000
34,6999
36,6998
-42,6997
94,6996
10,6995
-3,6994
-65,6993
-61,6991
88,6990
-83,6989
94,6988
-7,6986
26,6984
70,6983
6,6982
91,6981
97,6980
-4,6978
44,6977
-12,6975
80,6974
-82,6973
-46,6972
42,6970
64,6969
-81,6968
-61,6966
66,6964
-33,6963
-2,6962
92,6961
41,6960
10,6959
94,6957
92,6955
-1,6954
-34,6953
9,6952
85,6949
4,6948
75,6947
34,6946
1,6945
-42,6943
75,6942
74,6941
83,6939
-93,6938
-34,6937
-12,6934
-95,6933
-7,6932
55,6931
-26,6930
77,6929
36,6928
-43,6927
28,6926
69,6925
-39,6924
-78,6921
87,6920
38,6916
-46,6914
-60,6912
-85,6910
-95,6909
13,6908
-21,6907
-67,6906
14,6904
64,6903
74,6902
99,6900
72,6897
-89,6896
71,6895
40,6894
-14,6893
-73,6891
43,6890
-71,6889
42,6888
93,6886
-38,6885
31,6884
-81,6883
-27,6882
-41,6881
53,6880
32,6879
-84,6878
-24,6877
-18,6876
40,6875
-15,6874
70,6873
17,6872
85,6871
53,6868
21,6867
-97,6866
8,6865
-9,6864
23,6862
-64,6861
24,6860
-24,6859
-5,6858
-79,6856
-83,6854
96,6852
-32,6851
-92,6849
37,6848
-75,6847
15,6845
-30,6844
-5,6843
46,6842
88,6841
84,6840
64,6838
39,6836
-81,6835
87,6834
63,6833
24,6832
32,6831
-1,6830
13,6829
77,6827
21,6826
-75,6825
56,6824
-50,6823
12,6819
-51,6817
78,6816
-56,6815
54,6814
-83,6812
-49,6811
-73,6809
75,6808
-85,6807
-10,6805
17,6804
82,6803
17,6802
17,6801
-33,6800
-96,6797
-98,6796
75,6795
-28,6794
-22,6793
-29,6792
-25,6791
-17,6789
50,6787
72,6786
-34,6785
-59,6783
-34,6782
-51,6781
26,6780
8,6779
-27,6778
-94,6777
14,6776
98,6775
-76,6772
-9,6771
32,6770
-58,6769
-33,6768
-62,6767
4,6766
-43,6765
23,6764
97,6763
21,6761
80,6759
68,6758
-27,6756
90,6755
44,6752
0,6751
-89,6750
-77,6749
-92,6748
25,6747
53,6745
-49,6744
-84,6743
-90,6742
38,6741
-20,6740
2,6739
-80,6737
-92,6736
-80,6735
-83,6734
70,6733
46,6732
-14,6731
-58,6730
57,6729
33,6728
-37,6727
-50,6726
-17,6725
-51,6724
99,6721
-60,6720
49,6719
-31,6715
-74,6714
-64,6713
-100,6711
23,6710
-47,6708
-75,6707
-75,6706
37,6705
-23,6703
96,6702
-67,6701
58,6700
-63,6699
72,6698
76,6697
41,6695
-5,6694
89,6691
46,6690
-25,6689
-51,6687
2,6686
-78,6685
-23,6684
64,6682
64,6680
6,6678
14,6677
-16,6676
-73,6675
-42,6673
47,6672
32,6669
-61,6667
67,6666
9,6664
45,6663
48,6662
-58,6661
95,6660
-23,6659
-99,6658
-5,6656
-91,6655
58,6654
-24,6653
-97,6652
58,6651
82,6646
0,6643
-90,6642
38,6641
42,6639
-63,6637
86,6636
-4,6634
-35,6633
-93,6632
-2,6629
-43,6628
-78,6627
-68,6626
100,6622
50,6620
-15,6619
-67,6618
86,6615
-1,6614
-64,6613
-33,6612
-37,6611
43,6610
98,6609
76,6608
-27,6607
77,6605
-64,6604
12,6603
57,6602
-93,6599
-65,6598
-94,6597
-9,6596
-66,6595
-62,6594
33,6593
-48,6592
91,6591
96,6589
-81,6588
44,6587
-21,6586
29,6585
-4,6584
41,6583
72,6580
-50,6579
-13,6578
-73,6577
17,6576
87,6575
72,6574
-100,6573
87,6572
48,6571
7,6570
-31,6568
17,6567
-21,6566
14,6565
81,6564
-24,6563
-27,6560
28,6559
-89,6558
6,6557
-15,6556
-18,6555
-96,6554
46,6552
-59,6551
-65,6547
29,6546
82,6545
57,6544
-68,6542
-12,6539
-52,6538
-48,6537
-34,6536
56,6535
-34,6532
-28,6531
72,6530
43,6529
-61,6528
-6,6527
-64,6522
-44,6521
41,6520
71,6519
-24,6518
-26,6517
77,6516
9,6515
-3,6514
70,6513
-66,6512
-4,6511
25,6509
-44,6508
39,6506
-68,6504
-35,6503
-60,6502
-17,6501
-64,6499
-15,6498
-15,6497
-15,6496
55,6495
62,6494
-22,6493
97,6492
86,6491
-89,6490
-2,6489
-65,6487
-99,6484
69,6483
-41,6480
59,6479
46,6476
36,6475
42,6474
-97,6472
99,6470
15,6469
-52,6468
38,6466
44,6464
16,6463
47,6462
97,6461
-29,6460
76,6458
31,6456
88,6455
47,6454
46,6453
46,6449
21,6448
-56,6447
55,6446
-92,6445
-34,6444
-30,6443
60,6442
79,6441
63,6440
-87,6439
-63,6438
58,6437
-24,6436
35,6435
-7,6434
-76,6432
-4,6431
54,6430
-19,6429
62,6428
70,6427
96,6426
89,6424
-72,6423
-93,6422
-65,6418
51,6415
8,6414
-92,6412
-98,6409
-87,6407
74,6406
45,6405
78,6404
59,6403
-73,6402
-100,6400
-29,6399
81,6398
12,6396
-83,6395
-10,6394
-70,6393
7,6392
-2,6390
-69,6389
-50,6388
-75,6386
-77,6385
86,6384
70,6383
-78,6382
-81,6379
-6,6378
-93,6377
59,6376
59,6375
45,6373
-96,6372
37,6371
-47,6368
-4,6367
51,6366
-81,6364
-75,6363
87,6362
-79,6361
83,6360
50,6358
42,6357
-37,6356
90,6353
-87,6351
-51,6350
-30,6349
40,6347
25,6346
77,6344
-71,6343
-66,6342
-51,6341
41,6340
-100,6339
47,6338
-17,6337
69,6336
23,6335
31,6334
69,6333
63,6331
63,6330
63,6329
-60,6328
62,6327
-11,6325
35,6323
-61,6321
-22,6319
95,6317
65,6316
24,6315
50,6314
-95,6313
85,6312
-85,6311
88,6310
-70,6309
48,6308
-63,6307
-55,6306
-9,6305
-99,6304
57,6303
-57,6301
68,6300
-48,6299
27,6298
-55,6296
-68,6293
82,6291
-43,6290
-87,6289
-35,6288
80,6287
-11,6285
34,6284
63,6281
100,6279
-23,6278
-79,6277
40,6276
26,6275
-47,6273
-53,6272
-45,6269
-46,6268
44,6267
23,6266
-93,6265
91,6264
82,6263
-65,6261
-82,6260
45,6259
-2,6258
46,6257
-77,6255
-13,6253
-41,6252
-52,6251
-65,6249
73,6248
-90,6247
-46,6246
-67,6245
-88,6244
99,6243
-46,6242
0,6241
54,6238
-31,6236
-60,6234
81,6233
-4,6232
-2,6231
-70,6230
82,6229
72,6228
28,6227
-82,6226
98,6225
100,6224
100,6223
93,6221
-11,6220
5,6218
-79,6217
-67,6216
49,6215
-38,6213
-75,6212
-60,6211
0,6210
63,6209
22,6207
-37,6204
-95,6203
-76,6202
9,6201
9,6200
78,6199
77,6197
59,6196
34,6195
-96,6194
-54,6192
-95,6190
27,6186
82,6185
-89,6184
24,6182
-61,6180
-70,6179
12,6178
-80,6177
13,6174
-56,6172
23,6171
-58,6170
3,6169
-35,6168
38,6166
-63,6164
92,6163
-57,6162
-67,6161
36,6160
-47,6159
50,6156
-13,6155
51,6151
11,6150
50,6149
23,6148
-10,6146
31,6145
-48,6144
55,6143
6,6142
-35,6141
89,6140
56,6139
50,6138
42,6137
-13,6136
-45,6134
-63,6132
75,6131
-64,6130
80,6129
-11,6127
-86,6126
-16,6125
12,6124
-46,6123
-94,6122
32,6121
-85,6120
38,6116
-86,6115
-91,6114
-5,6112
-19,6111
50,6109
-40,6108
-37,6107
60,6106
98,6105
-95,6103
43,6102
-74,6101
-94,6100
4,6099
-14,6098
37,6097
68,6096
-33,6094
-85,6093
35,6092
72,6091
82,6090
35,6088
-19,6087
-79,6085
-86,6084
-5,6082
-14,6081
79,6080
94,6079
-87,6078
45,6076
-42,6075
59,6074
4,6073
55,6072
46,6070
-67,6069
-43,6068
37,6067
-16,6064
27,6063
-59,6061
-95,6060
22,6059
91,6057
37,6056
-27,6055
-23,6054
50,6053
46,6052
-9,6051
60,6049
6,6047
36,6046
21,6045
-65,6044
-76,6043
52,6042
-31,6041
17,6040
-35,6038
60,6037
-95,6035
-5,6033
27,6031
98,6030
-74,6029
-87,6028
15,6027
-33,6026
-30,6023
-33,6020
28,6019
70,6017
20,6016
7,6012
-72,6011
10,6010
-86,6009
64,6008
-55,6007
24,6006
9,6005
-1,6004
-22,6002
5,6001
53,6000
40,5998
-49,5997
-99,5995
78,5994
0,5993
-37,5992
-24,5991
20,5989
16,5987
78,5985
-18,5983
-6,5982
67,5981
-14,5980
100,5979
-9,5978
-5,5977
-54,5976
80,5975
-74,5974
-88,5973
-13,5972
80,5971
30,5970
57,5969
13,5968
43,5966
-80,5965
-39,5963
-73,5961
41,5957
-25,5956
-98,5955
-28,5954
-1,5951
88,5949
77,5947
59,5946
-76,5945
99,5944
98,5943
56,5942
99,5938
-5,5935
-6,5933
-49,5931
-21,5930
9,5929
43,5926
-81,5925
-23,5924
-22,5922
80,5920
-7,5919
-26,5918
-60,5917
-43,5916
36,5915
-30,5914
-8,5913
65,5911
4,5910
-89,5909
63,5907
42,5905
-99,5904
-45,5903
8,5902
19,5901
33,5900
76,5898
92,5897
-49,5896
64,5895
-39,5894
37,5893
-18,5892
62,5890
-55,5889
7,5888
62,5887
0,5886
21,5885
34,5884
53,5883
-17,5882
12,5881
89,5880
89,5879
-94,5878
-15,5876
1,5875
48,5874
-25,5873
-39,5871
-29,5870
-56,5869
-49,5868
26,5867
100,5865
84,5864
13,5863
19,5862
-61,5861
17,5860
-47,5859
-84,5858
-18,5857
58,5856
-97,5854
-58,5853
24,5852
-8,5851
-59,5850
-94,5849
-56,5848
97,5847
26,5846
34,5845
39,5844
51,5843
89,5842
-44,5841
-28,5839
3,5838
11,5836
-21,5834
-16,5831
-30,5830
46,5829
90,5827
-49,5826
42,5825
26,5824
-92,5823
-48,5822
-69,5820
-53,5818
-88,5817
-82,5816
24,5815
-73,5814
88,5811
51,5810
5,5809
22,5808
84,5807
-27,5806
-46,5804
77,5803
48,5799
-87,5798
0,5796
24,5795
-12,5793
33,5792
52,5791
-74,5789
47,5788
-11,5787
-92,5786
4,5785
-54,5784
-43,5783
54,5782
17,5781
33,5780
-98,5779
27,5778
84,5777
-43,5776
-67,5775
-55,5774
-3,5772
10,5771
-27,5770
-46,5769
-65,5767
-46,5765
-53,5763
50,5762
72,5761
-25,5760
-13,5759
75,5758
65,5757
-80,5756
68,5755
-40,5754
61,5753
-88,5752
-32,5751
76,5750
-40,5749
-94,5748
37,5747
48,5746
42,5745
84,5743
-77,5742
34,5741
15,5740
78,5739
93,5738
-51,5737
-34,5736
-68,5735
48,5734
19,5733
-32,5732
-47,5729
-65,5727
-56,5725
-94,5723
57,5718
14,5717
-71,5716
-50,5715
24,5714
67,5711
-68,5710
96,5709
77,5708
-71,5707
15,5706
-3,5705
100,5704
-96,5703
-71,5702
-3,5701
12,5700
10,5699
-54,5698
-2,5697
35,5696
-25,5695
20,5694
9,5693
-99,5691
-63,5690
-38,5687
-88,5686
72,5685
79,5684
76,5682
-80,5679
95,5678
-5,5677
-92,5676
56,5675
-69,5674
-25,5673
-100,5672
-8,5671
-35,5670
42,5669
2,5668
44,5666
37,5665
-44,5664
54,5663
-65,5662
52,5661
25,5659
18,5658
-73,5656
-29,5655
-75,5654
-7,5652
-10,5651
-25,5650
-87,5649
-20,5646
-94,5644
40,5643
77,5641
29,5640
-74,5639
-1,5638
-62,5637
-71,5636
70,5633
76,5631
-26,5630
15,5629
-12,5628
-82,5627
66,5625
-46,5624
8,5623
-30,5622
3,5620
-26,5618
-45,5617
-1,5615
52,5614
18,5613
-95,5612
15,5611
-22,5610
-50,5609
8,5608
-13,5607
-29,5606
75,5605
-41,5604
-49,5603
49,5602
-38,5601
-36,5600
7,5599
93,5598
39,5597
18,5596
17,5595
-27,5594
-7,5593
2,5592
27,5591
89,5590
86,5586
-14,5585
3,5584
61,5583
-71,5582
-49,5581
23,5580
-77,5579
-29,5578
35,5577
89,5576
-62,5575
34,5574
-82,5573
39,5572
80,5571
19,5569
43,5568
47,5567
-58,5566
-70,5564
90,5563
31,5561
70,5560
-100,5559
81,5558
-87,5557
97,5553
56,5551
-68,5550
6,5549
76,5548
77,5547
30,5545
-54,5544
-9,5543
-13,5542
-98,5541
-74,5540
-98,5539
-87,5537
-79,5535
-87,5534
48,5533
83,5532
93,5531
-1,5530
0,5529
-82,5528
99,5527
-44,5526
15,5525
37,5524
-7,5523
51,5522
-87,5520
52,5519
57,5518
4,5517
13,5516
53,5515
-17,5514
-39,5513
-59,5512
50,5511
11,5507
92,5506
84,5505
-28,5504
67,5503
-63,5502
-71,5500
20,5499
-43,5498
64,5497
-48,5496
30,5495
23,5494
-23,5491
27,5490
51,5489
86,5488
-43,5487
23,5483
5,5482
-85,5481
-39,5480
-68,5478
61,5477
-3,5476
-15,5475
-83,5474
-60,5468
0,5467
-4,5466
95,5465
97,5464
18,5463
60,5461
-75,5460
61,5457
-24,5456
-78,5455
-30,5454
3,5453
41,5451
2,5449
81,5448
45,5447
-5,5446
-68,5445
-53,5444
23,5443
-41,5441
-13,5439
30,5438
50,5436
-50,5435
-52,5434
-74,5433
-23,5431
100,5429
-33,5428
-24,5427
58,5426
-54,5425
12,5422
-16,5419
-59,5418
88,5417
-5,5415
-55,5414
93,5413
-23,5411
49,5410
-23,5409
8,5408
-99,5407
-41,5405
56,5402
-51,5401
-77,5400
24,5399
-1,5398
33,5397
-60,5396
-72,5395
-97,5394
-62,5393
-10,5392
-7,5391
12,5390
-93,5389
34,5388
-18,5386
29,5385
-31,5384
42,5383
92,5382
17,5381
34,5380
-82,5379
-91,5378
-25,5377
-31,5376
-2,5375
53,5374
15,5373
72,5372
11,5371
16,5370
1,5368
-72,5366
-40,5365
27,5364
62,5363
-62,5361
-78,5359
55,5358
51,5357
-77,5356
-53,5354
-61,5353
51,5352
0,5351
-87,5349
-4,5348
-4,5347
-29,5345
39,5343
97,5342
-16,5340
67,5339
-24,5338
-4,5337
42,5336
-95,5334
39,5333
18,5331
-39,5330
-66,5329
84,5328
61,5326
-73,5325
-91,5323
44,5322
67,5321
-17,5320
-79,5319
-15,5318
84,5317
35,5316
-13,5315
17,5314
49,5313
0,5312
85,5310
97,5309
16,5308
-48,5306
6,5305
-4,5304
0,5302
45,5301
60,5298
61,5297
-17,5294
-2,5293
-73,5292
17,5291
-54,5290
-64,5287
91,5285
-21,5282
51,5281
-7,5279
-71,5278
-48,5277
-48,5276
-42,5275
47,5274
-81,5273
-80,5271
90,5268
37,5265
97,5263
32,5261
62,5260
-37,5258
-80,5255
81,5253
-31,5250
36,5249
-6,5248
-64,5247
-16,5245
-55,5244
-26,5243
86,5242
-90,5240
2,5239
-20,5238
-7,5235
-38,5234
15,5233
-67,5232
37,5230
48,5229
-35,5228
63,5227
-3,5225
-56,5224
-21,5223
-83,5222
-53,5221
82,5220
8,5219
44,5218
-70,5217
79,5216
81,5215
-90,5214
-93,5213
24,5212
42,5211
-32,5210
73,5209
-22,5208
50,5206
-61,5205
-78,5204
-58,5203
-44,5202
-35,5199
42,5198
81,5195
9,5189
29,5187
54,5186
-23,5185
-96,5184
29,5183
-79,5182
4,5180
-87,5179
-11,5178
77,5177
87,5176
-94,5175
99,5174
-58,5171
-42,5168
-8,5167
-86,5166
87,5164
-27,5163
42,5162
87,5161
-23,5160
-13,5159
-70,5158
100,5157
73,5156
22,5155
-82,5153
-39,5152
-16,5150
-55,5148
-72,5147
22,5145
-75,5144
-19,5142
66,5139
-63,5138
-27,5135
-22,5134
94,5132
75,5131
-21,5130
-68,5129
24,5128
57,5127
-8,5126
40,5125
11,5124
56,5123
-32,5121
-98,5120
75,5119
-91,5118
49,5116
-38,5115
-73,5113
-86,5112
-53,5111
78,5110
-36,5108
74,5106
-47,5105
-18,5104
-62,5102
13,5100
56,5099
-12,5097
1,5096
68,5095
4,5094
22,5090
-16,5088
-16,5087
-62,5085
65,5083
-79,5082
45,5081
96,5080
87,5079
21,5075
-1,5074
100,5073
28,5072
21,5070
-86,5067
-22,5066
42,5065
49,5064
27,5062
9,5061
-97,5060
-62,5059
65,5058
-14,5057
-93,5056
57,5055
83,5054
-56,5053
-80,5052
72,5051
39,5049
57,5048
-91,5046
73,5045
-75,5044
23,5043
23,5042
-22,5040
54,5039
-66,5035
-86,5034
-53,5033
65,5032
28,5031
-41,5030
-56,5029
-74,5028
-42,5027
63,5025
44,5024
22,5023
45,5022
-78,5021
40,5019
-22,5018
-8,5015
-56,5011
19,5010
-50,5009
1,5008
-50,5007
66,5006
26,5005
-99,5004
46,5002
-29,5000
81,4996
-81,4995
39,4994
17,4993
69,4992
30,4990
28,4989
41,4988
-41,4987
-49,4986
-6,4985
-65,4983
91,4982
4,4981
-78,4979
-12,4976
48,4975
95,4973
-85,4971
-33,4970
20,4969
81,4968
13,4967
-62,4966
-1,4965
-36,4964
28,4963
6,4962
21,4961
100,4959
40,4958
-57,4957
-50,4956
-61,4955
3,4954
-16,4953
27,4951
-38,4950
49,4948
-88,4947
27,4945
-91,4944
-51,4943
50,4942
10,4941
83,4940
-43,4939
31,4938
-7,4937
63,4935
-31,4934
37,4933
86,4930
45,4929
23,4926
39,4925
-47,4924
52,4923
-55,4922
-42,4920
95,4919
69,4918
-69,4917
80,4916
83,4915
-60,4914
37,4912
50,4911
-44,4910
7,4909
78,4907
-34,4905
-59,4903
35,4901
-100,4899
81,4897
25,4896
82,4895
64,4894
58,4893
4,4892
98,4891
86,4890
-46,4889
13,4888
-17,4887
27,4886
55,4885
9,4884
-72,4882
82,4881
78,4879
-89,4878
41,4877
55,4876
-83,4874
-91,4873
-18,4871
28,4870
-65,4869
-58,4868
58,4867
54,4865
-47,4864
60,4862
1,4859
55,4857
35,4856
56,4855
-72,4854
-27,4852
-92,4851
91,4847
-89,4846
-23,4845
-93,4844
-29,4843
-4,4841
82,4840
68,4838
-84,4837
-66,4836
6,4835
51,4832
-43,4830
98,4829
84,4828
48,4827
37,4826
-72,4825
-61,4823
73,4821
72,4820
-70,4819
-30,4818
-11,4817
-43,4815
-47,4814
4,4813
-40,4812
-45,4810
83,4809
-38,4808
-69,4807
-29,4806
20,4805
-95,4804
-55,4803
31,4801
-75,4799
64,4798
76,4797
-32,4795
34,4794
-37,4793
51,4792
-86,4791
1,4790
93,4788
54,4787
-45,4785
-38,4784
90,4781
-82,4780
-88,4777
70,4775
-64,4774
7,4773
67,4772
-89,4771
83,4770
-94,4768
1,4767
-71,4766
67,4765
1,4763
-11,4762
-93,4761
-60,4758
-47,4757
31,4755
-36,4754
81,4752
68,4751
-11,4749
96,4748
64,4747
-2,4746
12,4745
29,4744
91,4743
-38,4742
69,4740
-59,4739
41,4737
-72,4736
-67,4735
82,4734
81,4733
62,4732
27,4731
-68,4730
52,4729
-36,4728
-15,4727
-43,4726
7,4725
15,4724
9,4723
-65,4722
59,4721
47,4720
-25,4719
-83,4718
-14,4717
61,4716
-82,4715
-31,4714
-34,4713
-81,4712
-60,4711
0,4710
-56,4709
-43,4708
80,4707
54,4706
15,4705
-96,4704
-33,4703
60,4701
-36,4700
-100,4698
-41,4697
58,4696
8,4695
-64,4693
-71,4692
47,4690
85,4689
-31,4688
25,4686
1,4685
33,4684
67,4680
-25,4678
62,4677
63,4676
62,4672
-20,4671
-56,4670
70,4667
46,4666
72,4663
-32,4662
-80,4661
11,4660
86,4659
92,4658
68,4657
58,4656
84,4655
98,4654
-26,4653
-35,4651
21,4650
68,4649
2,4648
-72,4646
97,4645
-84,4644
57,4643
94,4641
-10,4640
-87,4639
-53,4638
53,4637
-1,4636
19,4635
83,4634
-27,4633
83,4632
0,4631
48,4630
-31,4627
87,4626
-20,4623
-22,4622
-36,4621
-19,4620
-76,4619
-83,4617
-52,4616
-51,4614
50,4610
-36,4608
63,4607
72,4605
-95,4604
-50,4603
14,4602
-77,4601
-83,4600
-37,4599
87,4598
20,4597
51,4596
-33,4595
82,4594
-21,4592
-50,4591
60,4590
14,4589
15,4588
89,4587
-79,4584
23,4582
76,4581
-99,4580
-52,4579
19,4578
-13,4577
91,4576
2,4574
74,4573
-33,4570
-70,4568
-54,4567
2,4566
-87,4565
-91,4562
-9,4561
-68,4560
-7,4559
63,4556
-76,4554
-26,4553
-35,4552
-55,4550
4,4549
-87,4548
81,4547
26,4546
60,4545
79,4544
30,4542
99,4541
-19,4540
-4,4539
19,4538
96,4537
-90,4536
61,4534
-79,4533
-13,4532
33,4531
87,4530
0,4529
-39,4528
33,4527
-51,4525
-21,4521
67,4520
16,4518
-30,4517
-72,4514
-57,4513
-26,4512
12,4511
-8,4509
-15,4508
22,4504
98,4502
81,4501
-59,4500
-82,4499
-65,4497
-73,4496
-90,4495
35,4494
92,4493
-2,4492
-94,4491
-71,4489
68,4487
-99,4486
-39,4484
-26,4483
34,4482
42,4481
-58,4480
18,4479
73,4477
29,4476
-26,4475
49,4473
45,4472
-64,4470
44,4469
-89,4468
16,4467
77,4466
-9,4464
-66,4462
74,4461
-26,4460
-43,4459
-14,4456
-81,4454
-31,4453
-88,4452
45,4451
-6,4450
-90,4448
-25,4447
33,4446
76,4445
-87,4442
40,4440
12,4438
72,4437
41,4436
63,4434
60,4433
-99,4430
76,4429
-87,4427
35,4425
10,4423
65,4422
59,4420
-63,4419
-21,4418
48,4417
-9,4415
-27,4413
-44,4412
78,4409
9,4408
2,4407
-10,4406
-34,4403
-100,4402
-62,4401
42,4400
99,4399
87,4398
83,4397
-28,4396
56,4395
-19,4394
-6,4393
-10,4392
29,4391
-87,4390
18,4389
55,4388
19,4387
-78,4386
83,4385
-95,4384
85,4383
99,4381
41,4380
-16,4379
-65,4378
4,4375
50,4374
13,4373
-53,4371
56,4369
-31,4368
-77,4367
58,4366
-64,4364
15,4362
-98,4361
-95,4360
-99,4359
93,4357
-51,4356
-24,4355
54,4354
42,4351
8,4350
86,4349
-77,4348
-12,4347
44,4346
-93,4345
72,4344
31,4343
-12,4342
97,4339
47,4337
-53,4336
18,4334
-30,4333
-79,4332
100,4331
-66,4330
25,4329
-3,4327
-41,4326
-11,4325
5,4324
49,4323
-23,4322
-78,4321
25,4320
-94,4319
22,4318
69,4317
-21,4316
73,4314
-68,4313
-41,4312
71,4311
72,4310
-71,4309
0,4308
-6,4306
54,4305
-14,4304
59,4301
-57,4300
6,4299
-36,4298
-54,4297
82,4296
-55,4294
-38,4292
49,4290
-15,4289
51,4288
22,4287
80,4286
-100,4285
8,4284
69,4283
-29,4282
29,4281
92,4280
61,4279
95,4278
39,4277
-41,4275
59,4274
-88,4273
63,4272
-60,4271
-29,4270
16,4269
-18,4267
60,4266
-19,4265
31,4262
50,4261
-35,4260
-74,4259
40,4257
-91,4254
15,4252
71,4251
50,4250
7,4249
90,4248
-19,4247
37,4244
57,4243
-67,4242
-67,4241
-100,4239
51,4238
87,4237
-55,4236
51,4235
-91,4233
-23,4230
15,4229
45,4227
-31,4226
-92,4225
64,4224
35,4223
52,4222
13,4221
5,4220
-28,4218
-53,4217
88,4216
7,4213
-1,4212
-9,4211
-77,4210
-10,4207
26,4206
89,4205
20,4204
61,4203
82,4202
-27,4201
-82,4200
-50,4199
5,4196
41,4195
39,4194
52,4193
-79,4191
-29,4189
-99,4188
43,4187
-54,4186
-29,4183
-12,4181
-4,4179
-59,4177
67,4175
25,4174
23,4171
-92,4170
77,4164
100,4163
92,4160
-24,4159
-84,4158
-90,4156
-51,4155
-48,4154
48,4153
48,4152
-74,4151
-6,4150
72,4149
63,4148
27,4147
95,4146
-11,4143
51,4142
35,4141
-84,4140
-100,4138
-68,4136
5,4135
-4,4133
34,4132
42,4131
-33,4130
-44,4129
85,4128
74,4127
-100,4125
62,4124
-87,4123
-97,4121
20,4120
-12,4119
44,4118
93,4116
86,4115
49,4114
-1,4113
36,4110
-21,4109
-87,4107
-87,4105
52,4102
53,4101
-75,4100
-7,4099
30,4098
-4,4097
88,4096
27,4095
-88,4094
18,4092
19,4091
77,4090
5,4089
-53,4087
42,4086
71,4085
97,4084
41,4083
8,4082
-83,4079
-37,4078
86,4077
-40,4076
94,4075
-62,4074
-6,4073
35,4072
17,4071
-30,4070
63,4068
-83,4067
-43,4066
-18,4065
-2,4064
82,4063
44,4062
73,4061
21,4060
79,4058
3,4057
23,4056
80,4055
40,4053
5,4052
-51,4051
-98,4050
18,4049
63,4048
5,4047
5,4046
-78,4045
-36,4043
75,4042
69,4041
43,4040
-43,4039
-21,4038
-80,4037
-42,4035
63,4033
-57,4031
-68,4029
46,4027
41,4026
44,4025
-63,4024
-18,4023
-65,4021
-38,4020
-71,4019
95,4018
13,4017
52,4016
14,4015
-65,4013
-94,4012
76,4011
82,4009
-53,4008
-87,4007
-26,4006
-61,4005
18,4002
-41,4001
96,3996
82,3994
-37,3993
-26,3990
35,3989
-14,3988
-76,3987
71,3986
-100,3983
-31,3982
66,3981
56,3980
37,3978
47,3977
12,3976
46,3974
-25,3973
5,3972
51,3970
65,3968
72,3967
-34,3966
-99,3965
-38,3963
29,3962
24,3959
46,3958
-20,3957
-6,3955
6,3953
76,3951
-74,3950
32,3947
100,3945
-50,3944
84,3943
7,3942
-100,3940
24,3939
-25,3938
34,3937
-9,3936
-90,3935
-64,3934
-4,3933
28,3932
10,3931
-87,3930
-35,3929
-26,3926
-57,3924
46,3921
-94,3920
11,3919
28,3918
-49,3917
8,3916
73,3915
-25,3914
11,3913
37,3912
-83,3911
-38,3910
-50,3905
49,3903
-39,3901
-67,3900
-68,3899
6,3898
-20,3897
-21,3896
79,3895
69,3894
8,3893
-11,3892
73,3889
-51,3887
14,3886
-41,3885
68,3883
-69,3882
-88,3881
3,3880
-54,3879
10,3877
-43,3876
-22,3875
78,3873
83,3872
70,3870
-42,3868
-49,3864
91,3862
76,3861
18,3860
-88,3859
35,3858
87,3857
-64,3855
-31,3854
49,3852
-86,3851
96,3848
-63,3846
-65,3845
22,3844
92,3843
-82,3842
4,3840
-27,3839
-13,3837
-91,3834
70,3833
29,3832
-9,3830
76,3829
-15,3828
-95,3826
-94,3824
-2,3823
-20,3822
65,3821
99,3820
96,3819
44,3818
7,3817
-76,3816
-80,3812
24,3810
40,3809
68,3808
-94,3806
60,3805
38,3804
-98,3802
93,3801
81,3800
9,3799
26,3798
-56,3797
-99,3795
18,3794
19,3793
-82,3792
23,3791
-69,3790
78,3789
-86,3788
18,3787
-42,3786
-41,3785
-65,3784
20,3783
-83,3779
6,3778
1,3777
17,3775
44,3774
-96,3773
31,3772
74,3771
-35,3770
18,3769
30,3768
79,3767
46,3766
46,3765
-63,3764
90,3763
-20,3762
-82,3761
48,3759
2,3757
26,3756
-44,3755
81,3754
-25,3753
7,3752
33,3751
60,3750
-32,3749
98,3748
10,3747
-100,3745
-60,3741
43,3740
-46,3739
-2,3737
-16,3736
-69,3734
73,3733
35,3731
-1,3730
-15,3729
-76,3728
-64,3727
-24,3725
21,3724
-18,3723
33,3722
-14,3721
94,3720
-16,3719
18,3718
11,3716
-77,3715
79,3714
-29,3712
15,3710
5,3709
61,3708
-35,3707
43,3706
-76,3705
53,3703
-18,3702
84,3701
-48,3700
-51,3698
-33,3697
-39,3696
-9,3695
-97,3694
64,3693
49,3692
-80,3690
94,3689
-9,3688
-22,3687
-26,3686
94,3685
-44,3684
38,3682
-90,3680
60,3679
-28,3678
-8,3676
25,3675
-79,3673
-23,3672
-100,3671
-97,3669
-37,3668
2,3667
18,3666
-41,3664
32,3663
-47,3661
-79,3660
26,3659
44,3658
-97,3656
-86,3655
22,3654
-79,3653
-95,3652
-84,3649
-49,3647
-97,3646
-41,3645
64,3643
19,3642
51,3641
-62,3636
41,3635
-20,3633
-31,3632
26,3631
54,3630
-29,3629
15,3628
-81,3627
-56,3626
-74,3625
8,3624
60,3620
29,3619
-48,3618
-89,3617
-64,3616
-61,3615
-25,3612
62,3611
62,3610
-75,3609
-63,3607
-29,3604
57,3603
-55,3600
-48,3599
51,3598
75,3597
49,3596
4,3595
91,3594
-79,3593
68,3592
85,3591
-15,3590
-29,3589
-72,3587
-43,3586
-38,3585
-44,3584
20,3583
-41,3582
-68,3581
21,3580
-4,3579
-100,3578
-49,3577
21,3576
-74,3575
-38,3573
0,3572
-88,3571
-84,3570
22,3568
22,3567
75,3566
41,3565
-76,3564
-12,3562
67,3561
100,3560
-91,3559
14,3558
92,3557
-18,3556
44,3555
-73,3554
-36,3553
71,3552
0,3551
74,3549
-21,3548
7,3546
-81,3545
15,3539
35,3538
2,3536
-31,3535
61,3534
38,3533
80,3531
-94,3528
55,3527
8,3525
14,3523
-32,3521
-68,3520
97,3519
28,3518
-32,3517
-67,3516
35,3514
42,3513
-46,3511
27,3510
46,3509
-93,3508
-32,3505
78,3504
14,3503
-62,3501
-46,3500
-5,3499
-54,3498
86,3497
-77,3495
52,3494
26,3493
-76,3491
-27,3490
-18,3489
29,3488
12,3487
65,3486
58,3485
-33,3484
81,3483
72,3482
16,3481
-71,3480
93,3479
82,3478
-99,3477
9,3476
-43,3474
-70,3473
-57,3471
-97,3470
-88,3469
-23,3468
9,3467
-99,3466
-61,3465
-82,3464
-68,3461
-100,3460
71,3459
-3,3458
-84,3455
55,3453
-36,3452
-59,3451
49,3448
61,3447
-52,3446
-9,3444
-41,3443
-49,3442
50,3441
-54,3440
-91,3439
99,3438
-57,3437
38,3436
-37,3434
60,3433
14,3432
78,3431
58,3430
84,3429
47,3428
-4,3427
-63,3426
0,3425
-56,3424
26,3423
7,3422
-73,3421
-24,3420
88,3419
-53,3418
-63,3417
-4,3415
-65,3414
43,3413
98,3412
-62,3410
85,3409
50,3408
-95,3406
56,3405
-84,3404
68,3403
-45,3401
80,3400
-95,3398
-38,3397
-49,3395
-73,3393
-62,3391
-15,3390
40,3389
-31,3388
48,3385
42,3384
-44,3383
97,3381
-92,3380
74,3379
4,3378
52,3377
26,3375
69,3374
11,3373
41,3372
39,3371
-33,3369
26,3368
24,3367
-49,3366
71,3365
98,3364
-30,3362
65,3361
-14,3359
81,3358
-72,3357
7,3356
-43,3355
65,3354
-94,3353
53,3352
94,3351
67,3348
84,3347
41,3346
-28,3345
9,3344
26,3343
95,3341
86,3340
-92,3338
-55,3337
-5,3336
83,3335
-37,3334
84,3333
-45,3332
-85,3331
71,3330
17,3329
-1,3328
-18,3327
61,3326
-54,3325
-57,3324
-35,3323
21,3322
60,3321
-66,3320
90,3319
17,3318
8,3316
13,3315
52,3314
60,3313
-91,3312
-18,3311
-41,3310
53,3309
67,3308
-92,3307
-21,3306
84,3305
-8,3304
79,3302
-79,3301
-81,3299
-52,3298
34,3296
72,3293
-36,3292
-81,3291
19,3290
-86,3289
-6,3288
-77,3286
-27,3285
-45,3284
-5,3283
59,3282
77,3280
-38,3279
60,3278
43,3277
-60,3276
83,3275
44,3274
-93,3273
42,3272
70,3271
-83,3269
72,3268
-73,3267
-65,3266
-45,3265
37,3264
-3,3263
37,3262
-68,3261
91,3260
13,3259
-55,3258
38,3257
-93,3256
69,3255
81,3254
63,3252
28,3251
15,3250
1,3248
-20,3247
-60,3245
-6,3243
-61,3242
98,3241
-42,3240
86,3239
34,3238
-79,3237
50,3234
-45,3233
33,3232
-57,3231
42,3230
86,3228
26,3227
76,3226
-2,3225
96,3224
-81,3223
48,3222
66,3221
81,3220
-48,3219
-63,3218
-11,3216
76,3215
83,3214
-9,3213
-93,3212
79,3211
77,3210
-71,3209
-93,3206
-3,3205
61,3204
-36,3203
68,3201
25,3200
40,3197
-100,3196
-39,3195
77,3194
16,3193
-39,3192
40,3191
-20,3190
66,3189
44,3187
-22,3185
40,3184
72,3183
-52,3182
-68,3181
-96,3180
-68,3179
88,3178
2,3177
57,3174
9,3173
-22,3172
42,3171
22,3170
45,3169
-14,3167
61,3166
-87,3165
37,3164
-56,3162
-28,3161
-56,3160
79,3157
-89,3156
52,3155
-57,3154
-74,3153
-30,3152
-55,3151
-8,3150
-56,3149
75,3148
-47,3147
81,3146
96,3145
71,3143
70,3142
-98,3141
-7,3140
-92,3139
68,3138
31,3137
-83,3136
46,3135
78,3134
-18,3133
-87,3132
11,3130
64,3129
-5,3128
-59,3127
-92,3126
41,3125
-3,3124
86,3123
-71,3122
71,3121
77,3120
-62,3119
-70,3117
-26,3116
57,3115
-35,3113
68,3110
37,3109
-65,3108
-85,3107
25,3104
-86,3103
-45,3101
68,3100
94,3098
34,3097
-36,3096
-12,3095
-46,3093
-54,3092
36,3091
-35,3089
66,3087
71,3086
-94,3085
36,3083
11,3080
87,3079
-15,3078
-87,3075
-33,3074
-47,3073
25,3072
-13,3070
86,3068
-86,3067
81,3066
23,3065
-81,3064
-27,3063
-71,3062
-98,3060
-32,3057
68,3056
-79,3051
-85,3050
-16,3048
42,3047
87,3046
81,3045
41,3043
-16,3042
-67,3040
-26,3038
-69,3037
-48,3036
28,3035
65,3034
19,3032
-54,3031
-19,3030
61,3029
-89,3028
3,3027
-9,3026
34,3025
83,3024
22,3023
-96,3022
4,3021
89,3020
68,3019
3,3018
-12,3016
-17,3015
40,3014
86,3013
-1,3012
99,3011
96,3010
26,3009
-68,3008
-29,3006
-59,3004
-72,3003
68,3001
62,3000
-20,2999
-82,2997
-27,2993
-2,2992
-31,2991
3,2990
10,2989
-17,2988
40,2987
48,2986
29,2984
71,2983
-51,2982
-6,2980
-72,2979
-64,2978
-94,2977
-88,2976
-32,2974
-35,2973
-6,2972
59,2971
83,2970
-68,2969
-20,2967
15,2966
-5,2965
-75,2964
62,2961
22,2960
30,2959
-18,2958
-31,2956
75,2955
-27,2954
-67,2953
-9,2952
35,2949
-74,2948
9,2942
-13,2941
84,2940
79,2939
-17,2937
-63,2936
34,2935
-35,2934
58,2933
-39,2932
-45,2930
-82,2929
-38,2928
-5,2926
-86,2925
-82,2924
21,2923
-52,2922
34,2921
-15,2919
-33,2918
89,2917
91,2916
51,2915
-37,2914
-73,2910
67,2909
73,2908
10,2907
-49,2906
74,2905
11,2904
-23,2903
99,2901
-9,2900
-2,2898
-96,2896
-31,2893
64,2892
-82,2891
-93,2890
-64,2889
86,2888
44,2887
10,2886
-57,2885
-21,2884
-51,2883
-54,2882
-57,2881
-51,2880
47,2879
73,2878
-10,2876
25,2875
-75,2874
61,2873
69,2872
45,2871
-54,2870
11,2868
-31,2865
44,2864
45,2863
53,2862
-40,2861
69,2860
-35,2857
-50,2855
49,2854
-58,2851
-11,2848
-84,2847
-30,2846
-64,2845
15,2843
-61,2842
-42,2841
-71,2839
-58,2838
50,2836
8,2834
62,2833
19,2832
87,2831
73,2830
50,2829
-23,2828
79,2827
13,2826
73,2825
-34,2823
-62,2822
-28,2821
34,2820
-10,2818
-76,2817
-39,2816
-38,2815
-95,2813
53,2812
67,2809
-60,2807
-1,2805
-32,2804
-97,2803
-98,2802
79,2801
-22,2799
0,2797
-43,2796
-21,2795
83,2794
-41,2793
-6,2792
90,2791
-39,2790
37,2789
93,2786
-13,2785
-10,2784
98,2783
-68,2781
21,2780
94,2779
78,2778
72,2777
-24,2776
89,2775
-84,2773
89,2772
-72,2770
70,2769
49,2767
-69,2766
21,2764
73,2763
-52,2762
-84,2761
88,2760
-76,2759
-55,2757
-74,2755
-74,2753
65,2752
93,2751
25,2750
40,2749
-46,2748
-41,2747
-65,2744
-24,2743
76,2741
-36,2740
-93,2739
-41,2737
40,2736
63,2735
-58,2734
-33,2733
28,2730
63,2729
-89,2725
8,2723
-52,2722
55,2720
34,2717
-81,2716
-49,2715
59,2714
-52,2713
32,2712
88,2711
-37,2710
-50,2708
-80,2707
58,2706
20,2705
56,2704
-26,2703
55,2702
16,2701
45,2700
50,2698
-24,2697
-37,2696
89,2694
84,2693
67,2692
45,2691
-45,2689
-36,2688
58,2687
63,2686
-69,2685
-17,2684
89,2683
81,2682
-70,2681
73,2680
-26,2679
-21,2677
-91,2676
-33,2675
89,2674
-27,2673
-43,2672
21,2671
-24,2669
18,2668
40,2666
-69,2665
-31,2664
-60,2663
29,2662
92,2661
-62,2660
32,2659
-70,2657
73,2656
-62,2655
51,2653
41,2652
-89,2651
51,2650
-89,2649
44,2648
-64,2647
-37,2644
32,2642
27,2641
-52,2640
34,2638
35,2637
58,2636
-94,2635
-44,2634
-98,2633
40,2632
90,2630
23,2628
-73,2624
74,2623
-7,2622
78,2621
83,2620
27,2618
20,2617
93,2616
31,2615
-57,2614
29,2613
31,2611
-26,2610
-10,2608
60,2607
-43,2603
90,2601
46,2600
94,2599
-19,2598
-13,2597
87,2596
2,2595
16,2593
72,2592
-26,2591
-74,2590
97,2588
1,2585
70,2584
-50,2583
-19,2582
-91,2581
83,2580
-93,2579
-21,2578
-93,2577
-35,2576
7,2574
-64,2573
-57,2572
-7,2570
-67,2569
93,2568
-75,2567
-24,2566
-62,2565
-53,2563
-93,2560
37,2559
-36,2558
-99,2557
-15,2556
68,2555
42,2554
87,2552
97,2550
-4,2549
5,2548
-38,2547
-22,2546
25,2545
-85,2544
69,2543
89,2542
-3,2541
-65,2540
-95,2539
-66,2534
88,2531
77,2528
53,2527
-30,2526
-92,2525
27,2523
3,2522
-69,2521
0,2520
48,2519
-64,2518
-73,2517
-86,2516
41,2515
-67,2514
-11,2513
24,2511
85,2510
-70,2507
79,2506
48,2504
36,2502
99,2501
33,2498
98,2497
-46,2495
-15,2494
-47,2493
-11,2491
-69,2489
74,2488
23,2486
-2,2485
-15,2484
53,2480
-14,2478
-5,2477
33,2476
-79,2475
-46,2474
-85,2472
-75,2471
38,2470
-66,2469
-38,2468
29,2467
-53,2466
-98,2465
43,2463
2,2462
-85,2461
42,2460
-79,2459
81,2458
82,2457
-1,2456
55,2455
-19,2454
75,2453
36,2452
-48,2451
94,2450
-29,2449
93,2448
73,2446
-23,2445
-10,2444
64,2443
-82,2442
-92,2439
72,2436
-58,2435
-92,2434
-97,2432
17,2429
-55,2428
44,2427
-77,2425
65,2424
-7,2423
24,2422
56,2420
-73,2419
69,2418
-34,2417
-24,2416
-90,2415
-8,2414
-2,2413
10,2412
-88,2411
33,2409
23,2408
-46,2406
70,2404
2,2403
-32,2401
-94,2399
-67,2398
4,2397
55,2396
18,2395
-25,2392
47,2390
-72,2389
29,2388
-42,2387
67,2386
28,2385
41,2384
69,2383
-7,2382
-29,2381
-99,2380
32,2378
-3,2376
-23,2375
-24,2374
33,2373
-11,2371
87,2369
-59,2368
54,2367
83,2365
-66,2364
56,2363
-5,2362
-65,2361
28,2360
-27,2359
22,2358
65,2357
30,2356
61,2355
10,2354
-45,2353
62,2352
-2,2351
80,2350
7,2349
1,2348
78,2347
45,2346
30,2345
-4,2344
34,2342
33,2341
24,2340
37,2335
-58,2334
33,2333
-98,2332
-2,2331
-54,2329
-55,2328
-41,2326
-25,2325
85,2320
16,2317
-69,2315
-58,2314
95,2313
-96,2311
-85,2310
17,2309
-89,2308
-45,2307
65,2305
6,2304
-31,2303
-30,2302
23,2301
18,2300
84,2297
-92,2296
-42,2295
-77,2294
-67,2292
74,2291
52,2289
-29,2288
46,2286
-51,2285
40,2284
-99,2283
71,2280
83,2279
56,2278
-39,2277
2,2276
3,2275
-63,2273
-56,2272
2,2270
52,2269
88,2265
55,2264
-18,2262
-27,2261
-88,2259
59,2257
-11,2256
60,2255
1,2254
-23,2253
-89,2252
92,2251
-1,2250
-35,2248
-4,2247
-47,2245
-82,2243
-87,2241
-12,2240
57,2239
14,2237
53,2236
-31,2235
77,2234
11,2233
34,2232
97,2230
-2,2229
19,2228
-69,2227
38,2226
-70,2225
13,2224
27,2223
-91,2222
-20,2220
-54,2218
91,2217
-44,2216
-86,2215
6,2214
3,2213
-76,2212
-58,2211
-32,2210
81,2209
-70,2208
35,2207
-77,2206
-14,2205
88,2203
35,2201
89,2200
55,2199
-84,2198
-16,2197
-98,2196
-3,2195
12,2194
98,2192
56,2191
79,2185
-54,2184
-34,2182
87,2181
63,2180
81,2179
-72,2177
-7,2176
77,2175
76,2174
84,2173
-29,2171
26,2170
-62,2169
91,2168
-87,2167
64,2166
63,2164
-82,2163
-36,2162
-26,2161
77,2160
6,2158
75,2157
95,2156
58,2154
60,2152
-12,2151
14,2149
-55,2148
-8,2147
49,2146
86,2145
32,2144
99,2142
10,2139
52,2138
-18,2137
33,2136
-2,2135
62,2133
41,2132
-52,2131
96,2130
-31,2129
-72,2128
-24,2127
7,2126
-91,2125
-91,2124
4,2122
7,2121
53,2120
-59,2119
70,2118
70,2117
89,2116
-73,2115
33,2114
-38,2113
-87,2112
14,2110
-81,2109
49,2108
88,2107
16,2106
-61,2104
42,2103
-39,2102
-54,2101
-38,2100
45,2098
-61,2097
14,2096
2,2095
89,2094
-72,2091
3,2090
-86,2088
92,2087
51,2086
95,2085
69,2084
-40,2083
20,2082
41,2081
-43,2080
-38,2078
-32,2076
60,2074
-2,2072
-81,2071
98,2070
61,2069
2,2068
-96,2067
-36,2065
-77,2064
90,2063
-91,2062
91,2061
33,2060
-47,2059
-78,2057
97,2056
0,2054
28,2053
23,2052
84,2051
-91,2050
-94,2049
17,2048
66,2047
-70,2046
-72,2045
-84,2044
-8,2042
21,2041
2,2040
-28,2039
65,2038
79,2037
7,2036
-79,2035
65,2034
60,2033
66,2032
50,2031
95,2030
69,2029
-73,2028
7,2026
-45,2025
37,2022
-67,2021
18,2020
-58,2019
28,2016
96,2015
76,2014
15,2013
-18,2012
60,2010
60,2009
-93,2008
-40,2007
77,2006
21,2005
-75,2004
-96,2003
6,2002
92,2001
-96,2000
-39,1999
95,1998
-59,1997
-48,1996
3,1995
55,1994
79,1992
43,1990
-28,1989
-84,1988
65,1986
51,1985
-11,1983
30,1982
75,1981
18,1980
-34,1978
22,1977
83,1976
4,1972
13,1971
2,1970
68,1969
-2,1968
31,1966
-76,1965
-97,1964
-23,1963
2,1962
-70,1961
21,1960
-91,1959
38,1958
3,1957
-63,1956
-44,1955
-17,1954
-51,1952
1,1951
-44,1950
13,1949
19,1948
-53,1947
28,1946
-20,1942
11,1941
26,1940
-51,1939
16,1938
72,1936
83,1935
-22,1934
45,1932
-35,1930
96,1929
-50,1928
-3,1927
-37,1926
49,1924
-26,1923
-12,1921
38,1920
72,1919
-9,1918
-9,1916
-30,1915
38,1914
-27,1913
75,1912
-73,1911
-70,1910
28,1909
-100,1908
-15,1907
-72,1906
-81,1905
59,1903
-83,1902
77,1901
-16,1900
28,1899
29,1896
28,1895
86,1894
-43,1893
-29,1892
59,1891
57,1889
-60,1888
-38,1887
52,1886
-100,1885
62,1884
-88,1882
-68,1880
16,1879
-4,1878
-3,1877
40,1874
11,1873
31,1870
-90,1869
-30,1868
-21,1865
29,1864
57,1863
10,1862
-75,1861
23,1858
-52,1857
87,1855
-35,1854
65,1853
87,1852
-61,1851
-45,1849
4,1846
-53,1844
65,1843
-61,1842
45,1841
-90,1840
23,1838
-55,1836
-82,1835
-48,1833
67,1831
69,1830
72,1829
61,1827
-32,1826
-26,1825
-27,1823
-80,1822
75,1821
23,1820
-13,1818
-84,1817
-6,1815
-28,1814
20,1812
-71,1811
42,1810
10,1809
28,1808
-9,1807
-67,1806
45,1805
21,1803
-25,1801
-53,1800
40,1799
-76,1798
-46,1797
3,1795
37,1794
24,1793
-71,1792
94,1791
98,1789
-15,1788
31,1786
82,1785
66,1784
-47,1783
91,1782
-88,1781
91,1780
-69,1779
84,1777
65,1776
-50,1775
-37,1773
5,1772
85,1770
37,1769
-74,1767
71,1766
71,1765
15,1762
7,1761
-36,1760
10,1759
14,1757
6,1756
83,1754
61,1753
-56,1752
14,1751
77,1749
-5,1746
1,1744
45,1743
-10,1742
90,1739
48,1738
9,1737
91,1736
-89,1735
35,1734
-6,1733
-5,1732
-98,1731
72,1730
22,1728
-84,1724
78,1723
-32,1722
90,1721
-56,1719
75,1718
51,1715
11,1714
-33,1713
-39,1712
39,1711
19,1710
-30,1709
87,1708
-97,1707
72,1706
75,1705
-34,1704
-38,1702
4,1698
87,1697
31,1696
90,1695
35,1693
-16,1692
-80,1689
36,1688
-36,1687
-59,1686
75,1685
-1,1684
33,1682
-96,1681
88,1679
2,1678
59,1677
79,1676
-52,1675
68,1674
3,1672
-60,1671
83,1670
-6,1669
-15,1668
-60,1666
8,1665
29,1664
-56,1662
88,1661
-76,1659
-67,1658
-30,1656
96,1653
29,1652
-10,1651
39,1650
-94,1649
-46,1648
58,1647
56,1646
34,1645
-26,1644
-94,1643
49,1641
57,1640
60,1639
94,1638
37,1637
35,1636
24,1635
30,1633
-73,1632
1,1630
-41,1628
-66,1627
-14,1626
-43,1625
-44,1624
-99,1622
80,1620
-61,1619
99,1618
-61,1617
-88,1615
-46,1614
54,1613
30,1612
-53,1611
-87,1610
7,1607
26,1606
47,1605
-86,1604
27,1603
51,1602
-98,1601
-7,1600
-62,1597
-74,1596
-85,1595
-81,1593
35,1592
-19,1590
-93,1589
96,1587
-20,1586
-85,1584
40,1582
-24,1581
-47,1580
32,1578
95,1575
35,1574
-6,1573
-62,1572
38,1571
-60,1570
-44,1569
-71,1568
62,1566
41,1562
87,1561
-72,1560
76,1559
-41,1558
55,1556
-13,1554
-17,1553
36,1552
16,1551
-51,1548
-83,1547
25,1546
-80,1545
-56,1544
-76,1543
-61,1542
46,1541
-22,1540
92,1539
22,1536
64,1534
-71,1533
54,1532
-86,1530
89,1529
25,1528
-61,1527
-11,1526
-87,1525
-18,1524
75,1522
59,1520
-43,1519
-21,1518
-21,1516
-44,1515
74,1514
-58,1513
-10,1511
95,1510
29,1509
-5,1508
26,1507
-87,1506
-70,1505
21,1503
59,1502
55,1501
8,1500
-58,1498
3,1497
22,1495
-28,1493
3,1492
32,1490
9,1488
47,1487
-72,1486
-87,1484
79,1481
-80,1480
78,1479
87,1477
-19,1476
35,1474
-74,1473
32,1472
29,1471
-15,1470
-60,1469
9,1468
75,1467
-27,1465
41,1464
-50,1461
20,1460
-5,1458
66,1457
65,1456
57,1455
-46,1454
28,1453
-94,1451
-6,1450
-8,1447
-29,1446
-6,1445
-77,1443
37,1442
-12,1441
-10,1440
-3,1438
-73,1436
1,1434
-20,1433
-47,1432
-34,1430
76,1428
-25,1427
-21,1426
11,1425
9,1424
42,1422
45,1421
-25,1420
-51,1419
-1,1418
-78,1417
-26,1416
-93,1415
-13,1414
98,1413
-32,1412
37,1411
64,1410
-50,1408
1,1407
0,1406
-99,1405
-70,1403
33,1402
5,1401
-86,1400
-77,1399
-69,1398
1,1397
-99,1396
-75,1395
78,1393
49,1392
30,1391
29,1390
-36,1389
5,1388
-18,1387
54,1385
73,1384
24,1383
-12,1382
-70,1381
89,1380
-45,1379
-73,1378
-64,1377
-9,1375
48,1374
89,1370
1,1369
-91,1367
92,1365
80,1362
-23,1360
-44,1359
98,1358
-27,1357
-86,1355
-57,1354
97,1353
-100,1351
-54,1350
91,1348
-51,1346
-9,1344
-73,1343
47,1341
25,1339
61,1338
-83,1337
-43,1334
-45,1333
90,1332
-17,1331
-95,1330
13,1329
38,1328
-45,1327
-73,1325
57,1324
60,1323
63,1321
80,1320
76,1319
-93,1318
-40,1317
-1,1316
-64,1315
-22,1314
25,1311
-14,1309
82,1308
92,1306
99,1303
21,1302
53,1301
75,1300
76,1299
-72,1297
64,1296
-30,1295
50,1294
-28,1292
-86,1289
-21,1288
0,1285
29,1283
12,1282
85,1281
36,1280
-49,1278
18,1277
-61,1276
-83,1275
-31,1274
95,1273
58,1271
-62,1270
-92,1269
71,1267
-65,1266
44,1265
-24,1264
68,1263
37,1261
86,1260
44,1259
-96,1258
55,1257
38,1256
17,1255
-99,1254
95,1252
-22,1251
21,1250
70,1249
57,1247
36,1244
-7,1243
-91,1241
-62,1240
71,1239
35,1238
-80,1237
-20,1236
64,1235
-63,1234
-50,1233
-3,1232
-30,1231
-33,1229
100,1228
76,1225
47,1224
-69,1223
48,1222
-64,1221
56,1220
7,1219
-90,1218
29,1217
-35,1216
-82,1215
-15,1214
72,1213
76,1212
75,1211
-71,1210
31,1209
-14,1206
0,1205
-65,1204
-57,1203
-70,1202
-14,1200
-77,1198
-71,1197
22,1196
-97,1195
31,1192
43,1191
6,1190
4,1189
-89,1188
-18,1187
90,1183
-79,1182
-49,1180
-78,1179
-71,1178
-41,1177
-81,1176
16,1175
54,1173
-26,1172
73,1171
4,1169
61,1168
-86,1167
-100,1165
-31,1164
36,1163
-84,1162
71,1161
-88,1160
2,1157
-86,1156
-77,1155
10,1153
49,1151
13,1148
-47,1145
75,1144
-64,1141
-70,1140
80,1139
-47,1138
-35,1137
96,1136
-25,1135
-79,1134
50,1133
31,1131
-45,1130
30,1129
45,1128
35,1127
28,1125
91,1124
19,1123
92,1122
-38,1120
32,1119
4,1118
75,1117
44,1116
30,1115
55,1114
17,1113
83,1111
-63,1109
55,1107
42,1106
-60,1105
69,1104
51,1103
29,1102
28,1101
-35,1100
77,1099
-50,1098
-28,1096
56,1094
72,1093
-76,1092
10,1091
75,1089
56,1087
-6,1085
-50,1084
-20,1083
-6,1082
42,1081
-3,1080
16,1079
16,1078
-93,1077
46,1076
88,1074
16,1071
-35,1070
44,1067
-8,1066
-70,1065
-99,1064
45,1063
-89,1061
-16,1060
-19,1059
100,1058
-46,1057
97,1056
16,1055
-64,1054
-70,1053
-40,1051
69,1050
3,1047
17,1046
-72,1045
93,1044
48,1043
51,1040
-82,1039
19,1038
-9,1037
-11,1030
95,1027
82,1026
-51,1025
-57,1024
-98,1023
-69,1021
19,1020
80,1018
59,1017
36,1016
30,1015
97,1013
87,1012
37,1011
-40,1010
-53,1007
5,1006
-72,1005
6,1004
78,1003
85,1002
90,1001
-16,1000
0,998
77,997
46,996
36,995
1,994
-93,993
85,992
-71,991
-64,989
-22,986
30,985
9,984
83,983
55,982
10,981
-19,979
8,978
90,977
60,976
38,971
22,970
-17,969
0,968
48,967
-98,966
96,965
0,962
-21,961
-52,960
40,959
33,957
-29,956
-51,955
2,954
65,953
96,951
-58,950
7,948
20,946
-60,945
100,944
-42,943
-80,942
-82,941
-28,940
-35,937
79,936
40,935
18,934
41,933
98,931
-3,930
-27,928
70,927
-32,926
-32,924
-52,923
30,920
-34,919
-68,918
-98,916
100,915
-93,913
-59,911
90,909
-41,908
-62,907
60,906
-71,905
28,904
-92,903
-64,901
-12,900
65,899
90,898
-12,897
-47,896
-70,895
-77,894
-99,893
-89,892
-27,891
-85,890
73,889
-20,888
8,887
62,886
-72,885
-6,884
16,883
-57,882
86,881
-42,879
-3,876
-34,874
28,872
-11,871
-70,869
-19,867
70,864
53,862
87,859
40,858
42,857
13,856
64,855
-49,854
-4,852
15,851
0,850
53,849
77,848
-56,847
78,846
-73,844
-80,843
37,840
61,838
-72,837
2,835
-40,834
-2,833
-53,832
51,831
6,830
45,829
0,828
-36,827
0,826
41,825
65,822
-96,820
-85,819
17,818
65,817
42,816
-4,815
53,813
-11,811
12,810
-64,809
-90,808
-100,807
33,803
77,800
71,799
-95,798
70,796
-67,795
-40,794
-22,793
66,792
39,791
-85,790
52,789
58,788
84,787
40,785
52,784
69,783
-74,782
-72,780
42,779
45,778
11,777
37,776
97,773
7,772
-90,771
-16,769
93,768
-81,767
80,766
-29,765
26,764
45,762
-22,761
98,759
17,758
56,756
-7,755
-75,754
64,753
-55,752
-99,751
39,750
-21,749
22,748
-15,747
-74,746
-67,745
85,744
18,742
85,739
-95,738
-9,737
-56,736
-47,735
100,734
86,733
-10,730
-98,729
-64,728
100,725
-53,724
97,723
13,720
-88,718
45,715
44,714
52,713
-68,712
-49,711
24,709
94,708
66,707
47,705
-18,704
19,703
-7,701
-80,700
-50,699
-15,698
-9,697
24,696
2,694
74,693
-8,691
57,689
-5,688
44,687
-61,685
21,684
-64,683
65,682
-85,681
88,680
78,679
54,677
66,676
90,675
-80,674
-53,673
-82,672
55,671
-48,670
10,669
14,668
-82,667
37,665
-85,664
-80,663
11,662
-17,661
3,660
-32,659
-51,657
41,655
42,654
85,652
8,651
99,650
-17,649
15,648
-77,647
11,646
97,645
-81,644
-79,643
33,642
36,641
75,639
68,638
-5,636
-78,635
94,634
-95,633
-46,632
-71,631
58,629
79,626
99,625
-96,624
-85,623
-43,622
-54,620
47,618
-87,616
17,615
85,614
91,613
-80,612
-33,610
-90,609
-57,608
36,607
30,606
22,605
-51,604
78,603
69,602
-98,601
-30,600
38,597
85,593
59,591
90,590
36,589
-6,588
5,587
-25,586
-47,583
-42,582
-79,580
-3,579
40,578
15,576
-68,574
21,572
30,570
-90,567
94,565
33,564
-92,563
70,562
-83,561
-12,559
-43,558
19,557
16,556
-40,555
26,554
21,553
-42,552
38,551
64,550
-73,549
79,548
1,547
-63,546
-25,544
92,542
-22,540
-83,538
-65,536
64,534
-90,533
25,532
30,531
69,527
82,526
86,525
2,524
17,523
60,522
99,521
79,520
-92,519
-6,518
-6,517
50,516
-37,513
-68,511
1,510
15,508
-67,507
64,506
61,505
11,504
24,503
-88,501
-99,500
-36,499
63,498
-74,496
-78,494
-47,493
95,492
-95,490
42,489
-88,488
-26,486
66,485
-27,484
13,483
9,481
28,479
45,478
-82,477
-37,476
100,475
54,472
-50,470
66,468
-58,467
-84,466
83,465
-38,464
-34,462
31,461
-78,460
49,459
41,458
31,456
48,455
38,454
96,453
70,452
-53,451
-24,449
72,448
-65,446
-30,445
73,444
-79,442
-25,440
-82,437
91,436
-6,434
-7,432
-31,431
75,430
-85,429
28,427
-18,426
6,425
-95,424
49,423
48,422
-40,421
80,419
86,418
-61,416
49,415
81,414
21,412
21,411
50,410
-17,409
-39,408
-54,405
85,404
37,403
30,402
-34,400
55,399
51,397
-4,396
74,395
88,394
82,393
3,392
-2,390
-81,389
15,388
28,387
22,386
38,385
89,384
-79,383
21,382
-12,381
41,380
-54,377
45,375
27,374
94,373
-90,372
54,371
0,370
-43,369
-8,366
-21,365
66,364
72,363
-42,362
-51,361
63,360
-63,359
36,358
-85,357
95,356
95,355
-74,354
51,353
-66,352
1,351
67,350
68,348
35,346
-28,345
-86,344
-28,342
16,341
-8,339
32,338
-33,337
-27,336
58,333
-31,332
-22,328
80,326
-1,325
25,324
46,323
16,321
21,320
79,319
75,318
44,317
-57,316
1,315
1,313
-88,312
-58,311
-4,310
71,308
-3,307
91,305
91,304
81,303
-30,302
48,301
-27,297
-98,294
-24,292
90,291
-65,289
12,287
-77,286
14,285
80,284
35,283
16,282
-35,280
97,278
28,277
64,276
47,273
34,272
-42,271
-68,270
95,269
24,268
-25,266
56,264
39,262
80,259
-71,255
-73,254
-64,253
-97,252
42,250
-64,249
26,248
25,247
6,246
-77,245
0,243
99,241
-58,239
-84,238
-72,237
-70,236
-35,234
17,233
-83,232
8,230
-76,229
100,227
-94,226
32,223
38,222
-76,221
81,218
37,217
-71,215
98,213
-77,212
83,211
-63,210
4,209
-12,208
7,206
37,205
-37,204
-32,200
24,199
94,198
-59,196
13,195
-82,194
-24,192
-55,189
17,188
28,187
-10,185
-70,184
41,182
-99,181
-35,180
-31,179
53,178
23,177
-1,176
82,173
42,171
-59,170
22,169
43,168
-89,167
-5,165
53,164
-3,161
58,160
65,159
-78,158
63,157
-81,156
88,155
63,154
49,153
79,152
61,151
-22,150
-41,149
-44,148
-30,147
22,146
91,145
89,144
-25,141
-39,139
72,136
-3,134
-72,133
100,132
85,130
33,128
79,127
71,126
71,125
-42,124
62,123
5,122
49,121
83,120
-67,119
91,117
21,115
-51,113
67,112
-24,109
-79,108
55,106
-62,104
94,103
70,101
60,99
100,97
62,96
-27,94
86,92
-20,91
75,90
77,89
-74,86
19,85
32,84
-91,82
-68,81
8,80
-62,79
-68,77
69,76
-20,74
-38,72
51,71
36,69
75,67
65,66
-23,63
-100,61
-20,60
-94,59
94,58
56,57
53,56
-35,55
84,54
54,53
35,52
97,51
29,50
69,49
10,48
-42,45
-87,44
-32,43
38,42
87,41
41,39
-49,37
-77,35
-75,33
95,32
16,31
92,30
-12,29
-80,27
14,26
31,25
44,24
-65,21
30,19
-4,18
82,16
-73,14
39,13
-63,11
99,8
-66,7
-3,6
8,5
80,4
50,2
-55,1
61,0
